1669906864 1160 1241 480 912 
1669906866 1173 1187 533 995 
1669906868 1705 1408 405 1577 
1669906870 1192 967 643 1114 
1669906872 833 797 567 1042 
1669906874 974 378 624 1112 
1669906876 1924 1402 1502 1491 
1669906878 329 1376 345 1525 
1669906880 2296 1211 588 1315 
1669906882 14 11 9 13 
1669906884 14 13 11 12 
1669906886 13 13 11 12 
1669906888 10 13 15 11 
1669906890 1943 1111 524 943 
1669906892 511 1400 480 1675 
1669906894 1067 1162 581 894 
1669906896 1618 1320 774 1346 
1669906898 377 798 352 594 
1669906900 914 847 403 711 
1669906902 1108 1255 808 916 
1669906904 681 1166 809 1056 
1669906906 707 1069 548 999 
1669906908 802 1116 537 942 
1669906910 851 1112 462 908 
1669906912 934 1040 538 885 
1669906914 989 1123 518 960 
1669906916 1033 1084 519 993 
1669906918 1020 1118 386 902 
1669906920 1042 1106 385 974 
1669906922 1095 1173 506 1009 
1669906924 1094 1185 516 973 
1669906926 1093 1140 526 1016 
1669906928 1090 1052 443 931 
1669906930 1029 1180 526 1014 
1669906932 1086 1134 533 995 
1669906934 1131 1181 524 904 
1669906936 1115 1211 448 1016 
1669906938 1157 1164 524 1001 
1669906940 1140 1220 532 931 
1669906942 1124 1237 454 935 
1669906944 1071 1162 430 989 
1669906946 1156 1230 508 1014 
1669906948 1163 1181 511 1013 
1669906950 1179 1234 536 1042 
1669906952 1149 1171 445 980 
1669906954 1159 1234 530 1067 
1669906956 1135 1199 435 991 
1669906958 1181 1169 527 1011 
1669906960 1127 1166 452 1013 
1669906962 1156 1183 441 1003 
1669906964 1087 1229 446 997 
1669906966 1157 1189 446 1034 
1669906968 1157 1240 458 1033 
1669906970 1190 1247 505 1021 
1669906972 1184 1179 496 1021 
1669906974 1166 1191 503 950 
1669906976 1194 1201 502 938 
1669906978 1146 1229 531 1032 
1669906980 1159 1233 503 1013 
1669906982 1164 1218 536 944 
1669906984 1176 1148 452 936 
1669906986 1167 1219 507 1012 
1669906988 1163 1160 506 945 
1669906990 1097 1229 509 996 
1669906992 1170 1217 530 1030 
1669906994 1099 1183 514 861 
1669906996 1184 1178 518 941 
1669906998 1162 1216 458 994 
1669907000 1169 1171 511 990 
1669907002 1195 1154 522 1031 
1669907004 1196 1230 531 1037 
1669907006 1192 1159 513 1027 
1669907008 1171 1195 497 1022 
1669907010 1201 1250 533 1037 
1669907012 1165 1244 459 1008 
1669907014 1141 1222 518 1038 
1669907016 1177 1229 438 871 
1669907018 1172 1207 523 1016 
1669907020 1207 1267 517 1036 
1669907022 1180 1150 507 957 
1669907024 1199 1225 524 1008 
1669907026 1198 1256 541 1039 
1669907028 1193 1206 454 928 
1669907030 1195 1194 540 924 
1669907032 1170 1209 452 1017 
1669907034 1232 1137 516 1030 
1669907036 1135 1191 505 1017 
1669907038 1185 1167 498 1050 
1669907040 1204 1069 506 1018 
1669907042 1171 1092 516 1010 
1669907044 1207 1153 444 933 
1669907046 1202 1161 507 1000 
1669907048 1187 1107 521 986 
1669907050 1197 1240 451 1003 
1669907052 1202 1154 532 935 
1669907054 1208 1240 512 1019 
1669907056 1204 1251 530 1038 
1669907058 1213 1249 525 1036 
1669907060 1214 1170 441 1004 
1669907062 1175 1222 528 1032 
1669907064 1197 1221 520 1012 
1669907066 1179 1243 530 1027 
1669907068 1195 1166 507 1001 
1669907070 1207 1179 495 1025 
1669907072 1214 1259 536 970 
1669907074 1210 1268 511 1015 
1669907076 1185 1232 521 1009 
1669907078 1193 1209 525 1042 
1669907080 1194 1169 508 1010 
1669907082 1201 1234 531 1014 
1669907084 1122 1238 425 994 
1669907086 1181 1219 504 936 
1669907088 1151 1237 500 1006 
1669907090 1178 1206 509 1036 
1669907092 1189 1231 526 1044 
1669907094 1161 1205 504 998 
1669907096 1208 1149 520 1011 
1669907098 1177 1211 442 1023 
1669907100 1190 1189 514 1038 
1669907102 1204 1250 534 1048 
1669907104 1193 1169 518 1020 
1669907106 1197 1233 506 882 
1669907108 1190 1167 486 1019 
1669907110 1207 1204 526 962 
1669907112 1222 1223 524 1037 
1669907114 1218 1134 455 1008 
1669907116 1017 1019 611 719 
1669907118 1233 1214 529 1040 
1669907120 1219 1212 531 952 
1669907122 1215 1116 440 1000 
1669907124 1155 1152 533 1008 
1669907126 1193 1214 525 1033 
1669907128 1180 1227 516 1046 
1669907130 1206 1239 503 1043 
1669907132 1208 1223 519 998 
1669907134 1188 1188 450 923 
1669907136 1186 1160 509 992 
1669907138 1183 1224 457 1004 
1669907140 1151 1189 532 1028 
1669907142 1210 1225 517 1032 
1669907144 1141 1182 452 933 
1669907146 1207 1127 494 1059 
1669907148 1173 1203 526 979 
1669907150 1184 1222 375 904 
1669907152 1222 1103 484 1035 
1669907154 1067 1188 497 933 
1669907156 1210 1228 537 1042 
1669907158 1210 1121 513 1020 
1669907160 1217 1157 511 1039 
1669907162 1216 1128 516 1031 
1669907164 1205 1243 497 1030 
1669907166 1187 1233 497 1019 
1669907168 1213 1213 520 1037 
1669907170 1206 1225 502 1045 
1669907172 1213 1241 453 1009 
1669907174 1211 1172 510 1017 
1669907176 1197 1231 500 1031 
1669907178 1188 1260 503 1024 
1669907180 1211 1192 513 957 
1669907182 1097 1148 489 1015 
1669907184 1212 1164 531 1029 
1669907186 1181 1237 515 1038 
1669907188 1156 1124 526 910 
1669907190 1218 1176 527 1050 
1669907192 1160 1188 441 997 
1669907194 1165 1197 437 949 
1669907196 1182 1207 499 941 
1669907198 1184 1249 509 1014 
1669907200 1161 1210 537 1030 
1669907202 1214 1225 448 1009 
1669907204 1221 1172 518 1018 
1669907206 1159 1145 514 927 
1669907208 1067 1025 533 821 
1669907210 1222 1153 503 1018 
1669907212 1213 1199 513 1044 
1669907214 1223 1182 468 1005 
1669907216 1220 1104 518 1031 
1669907218 1124 1175 512 1028 
1669907220 1206 1232 512 1011 
1669907222 1217 1258 544 1025 
1669907224 1229 1206 510 1045 
1669907226 1187 1224 453 996 
1669907228 1128 1098 442 1027 
1669907230 1214 1252 533 1048 
1669907232 1219 1185 524 1025 
1669907234 1185 1195 519 1017 
1669907236 1211 1196 524 1045 
1669907238 1200 1183 516 1039 
1669907240 1217 1113 509 1035 
1669907242 1211 1201 504 1027 
1669907244 1210 1120 504 1026 
1669907246 1174 1211 523 991 
1669907248 1144 1207 515 1028 
1669907250 1104 1204 459 1017 
1669907252 1187 1195 515 1015 
1669907254 1191 1246 532 1033 
1669907256 1196 1233 534 1024 
1669907258 1182 1146 528 947 
1669907260 1129 1102 514 1010 
1669907262 1197 1227 525 940 
1669907264 1201 1267 452 874 
1669907266 1202 1218 517 954 
1669907268 1246 1291 472 1066 
1669907270 1201 1228 440 1041 
1669907272 1202 1176 452 944 
1669907274 1235 1215 516 933 
1669907276 1218 1186 504 975 
1669907278 1202 1130 514 1005 
1669907280 1226 1129 507 942 
1669907282 1196 1204 493 998 
1669907284 1231 1134 507 1027 
1669907286 1136 1167 510 896 
1669907288 1191 1185 450 1035 
1669907290 1188 1190 445 995 
1669907292 1245 1212 385 958 
1669907294 1213 1217 513 994 
1669907296 1214 1180 458 1002 
1669907298 1180 1111 515 1007 
1669907300 1229 1201 511 976 
1669907302 1214 1222 544 1026 
1669907304 1201 1188 529 989 
1669907306 1233 1169 507 1032 
1669907308 1216 1117 494 1036 
1669907310 1182 1183 515 1034 
1669907312 1216 1254 464 1009 
1669907314 1214 1179 507 996 
1669907316 1201 1231 503 1024 
1669907318 1220 1235 529 999 
1669907320 1225 1258 449 991 
1669907322 1136 1230 516 947 
1669907324 1223 1113 497 1025 
1669907326 1135 1228 519 1002 
1669907328 1215 1230 461 939 
1669907330 1225 1194 461 1002 
1669907332 1140 1170 462 831 
1669907334 1277 1274 532 1130 
1669907336 1244 1224 515 1025 
1669907338 1154 1169 492 920 
1669907340 1229 1212 517 1003 
1669907342 1208 1248 510 1054 
1669907344 1235 1173 503 1051 
1669907346 1212 1246 513 1014 
1669907348 1189 1229 506 1016 
1669907350 1160 1155 511 1021 
1669907352 1208 1237 507 1022 
1669907354 1183 1233 535 987 
1669907356 1202 1181 503 1002 
1669907358 1219 1170 436 1022 
1669907360 1139 1208 514 1064 
1669907362 1253 1257 537 1099 
1669907364 1200 1230 470 1023 
1669907366 3449 2481 263 2741 
1669907368 3318 2605 3368 2954 
1669907370 3466 3223 3245 3083 
1669907372 1464 927 900 895 
1669907374 757 1239 3605 1249 
1669907376 1717 1241 538 1235 
1669907378 2178 682 2337 1185 
1669907380 1499 1378 416 1141 
1669907382 1052 1784 460 1227 
1669907384 3330 2733 3103 2961 
1669907386 1031 2115 393 1397 
1669907388 1727 1533 406 1327 
1669907390 672 564 871 479 
1669907392 2855 1649 1607 1876 
1669907394 622 1044 382 1980 
1669907396 1730 2392 340 2510 
1669907398 728 481 970 597 
1669907400 2080 1657 1159 1864 
1669907402 1332 813 1276 913 
1669907404 1650 1640 586 1726 
1669907406 1339 1171 512 1215 
1669907408 3472 2553 1496 2173 
1669907410 3298 1767 959 2051 
1669907412 1798 1456 528 1702 
1669907414 692 841 588 789 
1669907416 3003 2471 433 2605 
1669907418 2257 1354 445 1651 
1669907420 2255 347 1580 924 
1669907422 1308 1550 589 569 
1669907424 425 927 507 600 
1669907426 907 1459 489 1057 
1669907428 812 1310 381 948 
1669907430 885 1339 469 958 
1669907432 993 1228 470 1022 
1669907434 966 1291 446 1035 
1669907436 1023 1259 545 1028 
1669907438 1040 1302 459 1110 
1669907440 2444 2397 931 2189 
1669907442 1053 1237 482 1037 
1669907444 964 1318 551 1145 
1669907446 997 1224 462 1040 
1669907448 1193 1403 461 1396 
1669907450 449 503 521 572 
1669907452 2742 2161 648 2059 
1669907454 2010 1768 3128 1537 
1669907456 1196 1303 755 1195 
1669907458 859 1079 1097 987 
1669907460 387 1019 336 2663 
1669907462 3692 960 1648 967 
1669907464 907 1166 1493 1313 
1669907466 2139 1690 1737 1412 
1669907468 535 1286 992 1512 
1669907470 13 11 9 12 
1669907472 13 14 12 13 
1669907474 14 14 13 10 
1669907476 1780 514 440 544 
1669907478 578 757 601 757 
1669907480 277 412 212 454 
1669907482 968 1234 2384 1054 
1669907484 583 1012 509 815 
1669907486 1179 1389 879 1181 
1669907488 483 942 438 743 
1669907490 525 1023 361 791 
1669907492 712 1158 465 900 
1669907494 884 1218 414 975 
1669907496 884 1122 515 968 
1669907498 984 1164 486 1049 
1669907500 1048 1228 485 1017 
1669907502 848 1188 452 812 
1669907504 976 1152 456 857 
1669907506 927 1214 446 978 
1669907508 958 1239 475 1015 
1669907510 1013 1164 496 1021 
1669907512 1049 1161 502 1050 
1669907514 963 1089 339 913 
1669907516 1079 1266 522 967 
1669907518 994 1164 471 965 
1669907520 1010 1225 458 935 
1669907522 1422 1255 714 1202 
1669907524 1170 1176 466 950 
1669907526 549 756 415 707 
1669907528 1923 1808 1226 1313 
1669907530 1311 1383 674 1109 
1669907532 845 1057 415 910 
1669907534 468 556 411 647 
1669907536 2593 1819 1722 1535 
1669907538 1770 1264 529 1153 
1669907540 447 509 407 578 
1669907542 1264 1401 819 1196 
1669907544 831 977 470 941 
1669907546 1465 1266 562 1161 
1669907548 1375 1266 634 1071 
1669907550 1309 1128 492 1010 
1669907552 883 838 434 942 
1669907554 1233 1126 382 1021 
1669907556 613 774 399 832 
1669907558 949 1234 364 1092 
1669907560 1445 1103 675 1192 
1669907562 3627 3051 3332 3124 
1669907564 355 389 275 367 
1669907566 2495 2140 1202 1917 
1669907568 545 675 547 724 
1669907570 3540 3410 3421 3287 
1669907572 1345 1283 469 1101 
1669907574 1157 1214 598 1038 
1669907576 784 1068 505 909 
1669907578 724 594 666 709 
1669907580 2319 1753 851 1530 
1669907582 2557 1714 805 1537 
1669907584 1582 1299 468 1054 
1669907586 1841 1419 511 1242 
1669907588 476 864 485 683 
1669907590 3481 3091 2898 2985 
1669907592 1253 1119 446 1031 
1669907594 2566 1814 1167 1728 
1669907596 2829 2052 1431 1954 
1669907598 1599 1242 503 1140 
1669907600 628 806 445 801 
1669907602 1895 1712 1261 1588 
1669907604 3602 3458 3437 3294 
1669907606 1859 1363 526 1264 
1669907609 1982 1354 541 1262 
1669907611 1846 1316 445 1235 
1669907613 1760 1348 509 1104 
1669907615 1661 1291 512 1167 
1669907617 1502 1218 518 1136 
1669907619 1437 1285 509 1134 
1669907621 1450 1227 528 1127 
1669907623 1435 1192 509 1004 
1669907625 1379 1186 533 1093 
1669907627 1371 1251 519 1093 
1669907629 1355 1243 502 1074 
1669907631 1316 1256 530 981 
1669907633 1293 1174 463 1030 
1669907635 1283 1247 507 1049 
1669907637 1276 1235 514 1041 
1669907639 1175 1104 455 1012 
1669907642 1245 1168 516 1030 
1669907644 1244 1255 547 1042 
1669907646 1213 1183 506 1066 
1669907648 1205 1230 475 1048 
1669907650 1191 1239 513 1039 
1669907652 1226 1170 524 944 
1669907654 1183 1165 519 1013 
1669907656 1187 1200 537 957 
1669907658 1113 1238 547 1014 
1669907660 1178 1127 459 944 
1669907662 1187 1093 521 1028 
1669907664 1096 1143 506 1017 
1669907666 1086 1244 470 1029 
1669907668 1164 1258 474 942 
1669907670 1181 1182 539 1040 
1669907672 1165 1226 523 1026 
1669907674 1162 1227 458 954 
1669907677 1124 1153 522 988 
1669907679 1113 1200 531 1018 
1669907681 1117 1219 533 1016 
1669907683 1121 1205 451 991 
1669907685 1130 1149 524 948 
1669907687 1121 1176 524 1042 
1669907689 1102 1209 522 947 
1669907691 1100 1110 535 1011 
1669907693 1094 1169 535 1031 
1669907695 1091 1136 543 1017 
1669907697 1097 1209 532 1016 
1669907699 1093 1198 466 1028 
1669907701 1077 1213 497 1018 
1669907703 1111 1180 526 934 
1669907705 1092 1222 501 1000 
1669907707 1089 1086 529 1003 
1669907709 1021 1164 525 996 
1669907712 1099 1204 506 993 
1669907714 1088 1082 443 960 
1669907716 1123 1231 531 994 
1669907718 1095 1174 542 1015 
1669907720 1039 1088 513 838 
1669907722 1138 1154 464 999 
1669907724 1108 1155 526 1027 
1669907726 1121 1191 549 1020 
1669907728 1114 1176 445 1008 
1669907730 1103 1240 476 1043 
1669907732 1114 1243 511 1007 
1669907734 1105 1235 515 1020 
1669907736 1069 1204 534 920 
1669907739 1098 1217 529 1026 
1669907741 1080 1205 518 1000 
1669907743 1083 1175 500 912 
1669907746 1072 1226 455 978 
1669907748 1015 1196 492 982 
1669907750 1065 1147 508 1014 
1669907752 1084 1166 519 1005 
1669907754 1089 1189 485 998 
1669907756 1091 1192 536 1013 
1669907758 1097 1231 527 1015 
1669907760 1097 1188 529 1016 
1669907762 1100 1236 470 997 
1669907764 1126 1249 545 1009 
1669907766 1111 1223 533 1013 
1669907768 1104 1216 531 1004 
1669907770 1134 1132 444 1020 
1669907772 1112 1166 545 1018 
1669907774 1103 1230 550 1029 
1669907776 1131 1236 528 1023 
1669907778 1117 1214 447 1001 
1669907781 1034 1223 545 1003 
1669907783 1116 1190 536 1041 
1669907785 1089 1171 516 938 
1669907787 448 862 394 612 
1669907789 766 1153 532 951 
1669907791 1227 1425 695 1180 
1669907793 779 1008 482 704 
1669907795 1057 1040 1850 1064 
1669907797 1063 1292 619 1066 
1669907799 1018 1257 547 864 
1669907801 1030 1228 440 1003 
1669907803 1045 1239 525 992 
1669907805 1052 1165 504 999 
1669907807 1072 1257 535 939 
1669907809 1094 1138 531 1006 
1669907811 1123 1173 511 1024 
1669907813 1085 1166 376 927 
1669907815 1086 1167 503 1009 
1669907817 1143 1228 444 1034 
1669907819 1134 1222 512 1034 
1669907821 1130 1127 515 1012 
1669907823 1127 1250 509 1029 
1669907825 1147 1257 522 1014 
1669907827 1073 1222 525 1022 
1669907829 1154 1242 458 949 
1669907831 1125 1261 520 957 
1669907833 1132 1129 441 922 
1669907835 1173 1129 498 925 
1669907837 1179 1239 523 1024 
1669907839 1175 1252 546 1025 
1669907841 1141 1236 498 1035 
1669907843 1129 1247 533 1033 
1669907845 1174 1270 460 945 
1669907847 1087 1166 536 1018 
1669907849 1182 1216 510 1061 
1669907851 1087 1200 378 939 
1669907853 1153 1257 526 1015 
1669907855 1178 1133 533 1043 
1669907857 1095 1236 446 1006 
1669907859 1174 1210 520 1047 
1669907861 1100 1264 518 1059 
1669907863 1159 1239 533 1029 
1669907865 1191 1236 529 1015 
1669907867 1167 1179 452 1039 
1669907869 1168 1134 531 1006 
1669907871 1193 1175 528 1048 
1669907873 1164 1125 501 1030 
1669907875 1177 1180 519 953 
1669907877 1175 1242 388 1034 
1669907879 1153 1246 545 1027 
1669907881 1195 1176 456 1054 
1669907883 1173 1224 525 1042 
1669907885 1174 1143 500 1030 
1669907887 1197 1263 521 1032 
1669907889 1201 1215 516 1026 
1669907891 1177 1252 540 1056 
1669907893 1204 1120 506 959 
1669907895 1173 1211 494 1018 
1669907897 1139 1167 503 1012 
1669907899 1146 1276 536 1039 
1669907901 1184 1263 501 1017 
1669907903 1187 1224 533 1047 
1669907905 1168 1127 509 1012 
1669907907 1191 1192 458 963 
1669907909 1178 1262 459 1023 
1669907911 1203 1188 539 1033 
1669907913 1184 1178 534 1029 
1669907915 1204 1208 542 1041 
1669907917 1207 1262 472 952 
1669907919 1179 1237 521 1015 
1669907921 1208 1216 550 1045 
1669907923 1204 1239 509 1045 
1669907925 1212 1258 519 1042 
1669907927 1206 1201 537 1049 
1669907929 1206 1163 445 1022 
1669907931 1195 1222 516 1041 
1669907933 1213 1235 508 881 
1669907935 1121 1237 446 1032 
1669907937 1185 1177 499 1019 
1669907939 1190 1252 460 941 
1669907941 1118 1256 510 1026 
1669907943 1181 1232 531 1042 
1669907945 1168 1244 457 1028 
1669907947 1187 1264 546 1051 
1669907949 1197 1208 526 1053 
1669907951 1196 1268 548 1025 
1669907953 1185 1258 527 964 
1669907955 1177 1206 534 1050 
1669907957 1216 1250 512 1095 
1669907959 1219 1218 449 1079 
1669907961 1159 1096 2968 1545 
1669907963 1673 779 419 730 
1669907965 3748 3579 3685 3637 
1669907967 446 778 457 594 
1669907969 430 808 433 611 
1669907971 502 1010 471 786 
1669907973 2831 3194 2762 2636 
1669907975 519 946 508 694 
1669907977 1466 1367 675 1136 
1669907979 700 919 486 845 
1669907982 686 1078 527 894 
1669907984 943 1177 541 956 
1669907987 923 1087 436 938 
1669907989 882 1147 517 953 
1669907991 918 1177 512 885 
1669907993 826 1033 567 944 
1669907995 837 1085 681 975 
1669907997 809 1094 521 884 
1669907999 1516 1209 592 982 
1669908001 1082 1149 625 1002 
1669908003 2308 1671 1144 1495 
1669908005 1638 1320 459 1099 
1669908007 967 1101 529 968 
1669908009 1565 1468 688 1164 
1669908011 1307 1226 553 956 
1669908013 1285 1229 532 1054 
1669908015 1106 1232 453 1007 
1669908017 976 1213 526 977 
1669908020 2003 1544 619 1316 
1669908022 801 887 417 805 
1669908024 1139 1220 738 1073 
1669908026 997 1166 512 979 
1669908028 1384 1144 563 1116 
1669908030 786 1090 493 911 
1669908032 1261 1249 567 1035 
1669908034 1194 1224 517 1036 
1669908036 1134 1233 551 1037 
1669908038 1148 1207 517 1007 
1669908040 1109 1142 494 1006 
1669908042 1141 1141 502 988 
1669908044 1132 1201 516 1040 
1669908046 1042 1202 501 930 
1669908048 1140 1214 461 1032 
1669908050 1109 1239 453 1005 
1669908053 1116 1243 509 945 
1669908055 1134 1137 531 1012 
1669908057 1158 1209 514 957 
1669908059 1080 1246 460 1035 
1669908061 1159 1240 551 1049 
1669908063 1156 1260 544 946 
1669908065 1137 1244 441 1023 
1669908067 1148 1147 499 1039 
1669908069 1075 1164 525 1021 
1669908071 1158 1227 535 965 
1669908073 1169 1253 521 1046 
1669908075 1106 1264 521 1052 
1669908077 1080 1180 479 1026 
1669908079 1268 1300 523 1109 
1669908081 1190 1282 486 978 
1669908083 2020 1558 1025 1435 
1669908085 948 1046 562 999 
1669908088 1148 1238 563 1043 
1669908090 1147 1194 544 1048 
1669908092 1140 1103 513 1033 
1669908094 1177 1176 560 1030 
1669908096 1090 1152 458 1020 
1669908098 1085 1240 479 1019 
1669908100 1063 1239 526 957 
1669908102 1167 1249 556 970 
1669908104 1086 1225 533 1037 
1669908106 1085 1249 582 1113 
1669908108 1109 1128 481 943 
1669908110 1138 1163 445 977 
1669908112 909 1147 506 967 
1669908114 3271 1983 1146 1995 
1669908116 1719 1263 678 1190 
1669908119 2128 1441 621 1280 
1669908121 2100 1459 555 1309 
1669908124 1536 1202 447 987 
1669908126 1452 1306 464 1101 
1669908128 1413 1273 521 1066 
1669908130 1352 1264 541 1082 
1669908132 1330 1285 512 1076 
1669908134 1292 1200 509 1076 
1669908136 3169 2567 2192 2502 
1669908138 1742 1211 497 1123 
1669908140 1579 1217 511 1079 
1669908142 1479 1252 509 1055 
1669908144 1413 1198 435 1046 
1669908146 1353 1236 515 1063 
1669908148 1316 1159 497 1012 
1669908150 1304 1230 535 1072 
1669908152 1235 1237 532 1053 
1669908154 1235 1174 539 1027 
1669908157 1166 1104 468 1015 
1669908159 1292 1217 523 1045 
1669908161 1233 1244 535 1061 
1669908163 1302 1119 506 968 
1669908165 974 1094 371 934 
1669908167 904 1103 547 914 
1669908169 3629 2916 2404 2922 
1669908171 416 472 423 553 
1669908173 1184 993 550 911 
1669908175 1971 1382 606 1119 
1669908177 1573 1229 498 1001 
1669908179 1403 1200 441 1063 
1669908181 1303 1246 517 968 
1669908183 1268 1241 487 1035 
1669908185 1195 1141 478 1011 
1669908187 1089 1196 423 957 
1669908189 1143 1229 498 852 
1669908192 1847 1521 862 1317 
1669908194 1940 1527 717 1324 
1669908196 1738 1398 565 1145 
1669908198 1281 1261 541 1058 
1669908200 1036 1174 524 918 
1669908202 1504 1416 633 1199 
1669908204 921 1111 426 954 
1669908206 1038 1130 498 891 
1669908208 1018 1182 440 983 
1669908210 1013 1146 513 982 
1669908212 1039 1161 495 980 
1669908214 992 1177 511 974 
1669908216 932 1005 485 929 
1669908218 989 1090 466 853 
1669908220 989 1194 537 981 
1669908222 1021 1193 530 985 
1669908224 1049 1203 516 1008 
1669908227 1045 1211 512 928 
1669908229 1027 1204 535 971 
1669908231 1060 1223 448 973 
1669908233 1056 1231 542 1014 
1669908235 1026 1067 505 974 
1669908237 1062 1206 534 1008 
1669908239 1028 1212 516 1006 
1669908241 1053 1209 519 900 
1669908243 1053 1217 520 1001 
1669908245 1048 1169 508 987 
1669908247 1016 1124 511 884 
1669908250 1010 1211 515 995 
1669908252 1430 1423 587 1186 
1669908254 1680 1303 555 1168 
1669908256 384 941 562 673 
1669908258 484 803 521 697 
1669908260 839 1443 882 1088 
1669908263 441 970 480 719 
1669908265 500 1045 523 866 
1669908267 550 1096 553 875 
1669908269 642 1022 444 903 
1669908271 614 1074 528 832 
1669908273 731 1058 527 937 
1669908275 803 1106 528 893 
1669908277 879 1160 536 907 
1669908279 907 1128 545 978 
1669908281 927 1222 480 892 
1669908283 971 1233 523 990 
1669908285 957 1225 467 969 
1669908287 1005 1217 532 979 
1669908289 1010 1245 535 978 
1669908291 1001 1201 501 891 
1669908293 1028 1159 522 983 
1669908295 1054 1227 509 995 
1669908297 1061 1240 548 994 
1669908300 1031 1192 536 937 
1669908302 1064 1244 529 1014 
1669908304 1058 1245 438 1003 
1669908306 1073 1222 525 986 
1669908308 1059 1232 504 946 
1669908310 1102 1246 507 1018 
1669908312 1079 1231 505 1001 
1669908314 1098 1233 520 1012 
1669908316 1086 1236 509 937 
1669908318 1116 1175 505 935 
1669908320 1054 1196 497 1004 
1669908322 796 1028 482 892 
1669908324 3605 3491 3454 3371 
1669908326 2084 1281 465 1166 
1669908328 1689 1222 500 1082 
1669908330 1543 1150 517 996 
1669908332 1354 1218 523 1064 
1669908335 1423 1219 497 978 
1669908337 1068 1181 436 956 
1669908339 1252 1173 435 974 
1669908341 1081 1051 415 818 
1669908343 1355 1213 418 1065 
1669908345 1318 1208 403 1026 
1669908347 1224 1225 436 1007 
1669908349 1916 1602 952 1376 
1669908351 999 1182 631 940 
1669908353 2235 1719 893 1524 
1669908355 412 493 373 511 
1669908357 475 1032 401 829 
1669908359 542 995 525 867 
1669908361 666 1132 458 932 
1669908363 710 1173 519 970 
1669908365 899 1140 548 920 
1669908367 881 1167 526 963 
1669908370 862 1168 565 989 
1669908372 1039 1207 515 997 
1669908374 1065 1226 556 1011 
1669908376 1054 1180 477 987 
1669908378 1291 1327 572 1076 
1669908380 1079 1007 417 807 
1669908383 531 932 361 722 
1669908385 1452 1411 668 1186 
1669908387 1195 1146 493 916 
1669908389 1217 1161 470 1028 
1669908391 1473 1216 466 1062 
1669908393 717 959 562 781 
1669908395 1257 1303 599 1103 
1669908397 1365 1406 578 1339 
1669908399 977 1258 536 1052 
1669908401 977 1199 508 926 
1669908403 939 1203 674 982 
1669908406 1225 1298 527 1055 
1669908408 1130 1190 525 998 
1669908410 1081 1216 529 988 
1669908412 1107 1201 517 994 
1669908414 1125 1234 528 949 
1669908416 717 1007 387 816 
1669908418 1156 1229 543 1064 
1669908420 1277 1250 432 1023 
1669908422 1145 1182 550 1015 
1669908424 1072 1188 457 928 
1669908426 1508 1431 726 1172 
1669908428 2320 1605 581 1512 
1669908430 2326 1472 545 1338 
1669908432 1722 1240 520 1126 
1669908434 1539 1282 526 1019 
1669908436 2738 1735 785 1637 
1669908438 1771 1248 420 1096 
1669908441 1980 1481 729 1332 
1669908443 1592 1294 510 1077 
1669908445 1921 1314 474 1155 
1669908447 1018 967 462 888 
1669908449 1039 1155 409 948 
1669908451 1081 1198 511 971 
1669908453 641 957 422 764 
1669908455 918 1108 432 959 
1669908457 1222 1293 611 1102 
1669908459 952 1107 475 985 
1669908461 976 1078 502 959 
1669908463 1052 1189 508 856 
1669908465 1260 1186 439 1028 
1669908467 1177 1228 543 1001 
1669908469 1153 1205 447 934 
1669908471 1128 1144 509 1003 
1669908473 1121 1119 508 922 
1669908476 1091 1191 490 971 
1669908478 1541 1333 521 1101 
1669908480 1214 1210 534 1017 
1669908482 1192 1084 508 1020 
1669908484 1207 1194 514 958 
1669908486 1742 1577 821 1387 
1669908488 1178 1220 500 1037 
1669908490 1300 1202 429 1063 
1669908492 1387 1362 652 1177 
1669908494 1246 1221 502 1036 
1669908496 1188 1225 442 1001 
1669908498 1116 1158 437 1002 
1669908500 1163 1231 518 1009 
1669908503 1183 1207 439 994 
1669908505 1136 1071 429 911 
1669908507 1119 1211 502 1012 
1669908510 1093 1197 494 1003 
1669908512 1129 1174 503 1020 
1669908514 1115 1230 529 1031 
1669908516 1123 1229 527 1017 
1669908518 1054 1186 456 940 
1669908520 1148 1244 517 1040 
1669908522 1097 1221 538 1023 
1669908524 1039 1237 508 943 
1669908526 1138 1256 554 959 
1669908528 1126 1208 528 949 
1669908530 1119 1214 445 1006 
1669908532 1141 1247 495 1014 
1669908534 1065 1203 509 1000 
1669908536 1140 1123 525 1000 
1669908538 1140 1140 516 935 
1669908540 1119 1189 508 903 
1669908542 1056 1113 427 940 
1669908545 1051 1210 494 1017 
1669908547 1175 1239 442 1008 
1669908549 1149 1222 416 994 
1669908551 1096 1217 507 987 
1669908553 1117 1170 512 1042 
1669908555 958 1153 486 898 
1669908557 1101 1215 526 1007 
1669908559 1150 1234 546 965 
1669908561 1154 1260 550 964 
1669908563 1117 1234 512 1024 
1669908565 1119 1212 541 994 
1669908567 1148 1192 453 1037 
1669908569 1168 1171 529 994 
1669908571 1140 1173 535 998 
1669908573 1141 1245 530 957 
1669908575 1158 1127 532 1023 
1669908577 1163 1210 456 1018 
1669908580 1153 1183 517 1014 
1669908582 1198 1202 558 1060 
1669908584 1243 1218 556 1055 
1669908586 1243 1147 434 999 
1669908588 1790 1361 394 1054 
1669908590 2140 1615 703 1368 
1669908592 866 1115 560 934 
1669908594 999 991 353 842 
1669908596 1658 1470 812 1308 
1669908598 1146 1191 510 954 
1669908600 1193 1266 542 1032 
1669908602 1195 1222 528 1039 
1669908604 1171 1226 545 1037 
1669908606 1159 1197 518 947 
1669908608 1151 1177 537 945 
1669908610 1189 1215 527 1031 
1669908612 1175 1225 459 1006 
1669908615 1133 1202 535 1026 
1669908617 1142 1232 513 1006 
1669908619 1161 1225 509 996 
1669908621 1126 1158 430 918 
1669908623 1115 1241 506 1027 
1669908625 1163 1249 529 1031 
1669908627 1132 1117 498 938 
1669908629 1008 1164 442 967 
1669908631 1067 1234 445 986 
1669908633 1113 1216 510 1023 
1669908636 1133 1179 443 970 
1669908638 1038 1198 440 982 
1669908640 1125 1230 517 998 
1669908642 1047 1204 510 899 
1669908644 1126 1087 493 970 
1669908646 1150 1166 456 910 
1669908648 1120 1186 514 1019 
1669908650 1140 1149 499 983 
1669908652 2981 2336 2014 2235 
1669908654 2972 1400 536 1406 
1669908656 2909 1560 630 1475 
1669908658 2213 1409 684 1236 
1669908660 1697 1246 486 1066 
1669908662 1661 1257 468 1078 
1669908664 1482 1271 430 1090 
1669908666 1434 1180 500 979 
1669908668 1356 1256 446 981 
1669908670 1283 1211 466 961 
1669908672 1290 1144 516 1018 
1669908674 1253 1206 448 1029 
1669908676 1249 1166 520 974 
1669908678 1220 1201 436 952 
1669908680 1098 1101 513 985 
1669908683 1163 1178 444 854 
1669908685 1092 1210 522 1034 
1669908687 1159 1231 490 1034 
1669908689 1129 1192 520 1020 
1669908691 1115 1198 511 1002 
1669908693 1152 1208 445 1009 
1669908695 1113 1178 422 923 
1669908697 1141 1190 526 1012 
1669908699 1082 1059 500 999 
1669908701 1122 1187 515 1007 
1669908703 1103 1194 515 970 
1669908705 1094 1213 511 983 
1669908707 1018 1021 446 891 
1669908709 1290 1301 563 994 
1669908711 1082 1133 500 917 
1669908713 1048 1222 520 969 
1669908715 1088 1057 473 972 
1669908718 1064 1193 430 904 
1669908720 1102 1130 504 1007 
1669908722 1088 1154 456 921 
1669908724 1087 1172 525 971 
1669908726 1011 1193 507 915 
1669908728 1090 1228 517 1010 
1669908730 1033 1190 521 965 
1669908732 1062 1143 522 1012 
1669908734 1074 1204 524 1014 
1669908736 1079 1231 451 1023 
1669908738 1100 1106 514 1023 
1669908740 1098 1196 526 1009 
1669908742 1126 1247 542 946 
1669908744 1081 1169 527 1019 
1669908746 1125 1236 466 947 
1669908748 1120 1206 468 1026 
1669908750 1037 1213 518 985 
1669908753 1100 1087 496 896 
1669908755 720 1031 502 882 
1669908757 912 1100 431 820 
1669908759 482 758 401 725 
1669908761 870 1109 560 974 
1669908763 480 963 505 723 
1669908766 625 1144 546 817 
1669908768 735 1165 535 932 
1669908770 871 1212 490 967 
1669908772 1037 1110 541 999 
1669908774 1023 1128 521 990 
1669908776 1128 1104 503 993 
1669908778 896 1033 459 885 
1669908780 1526 1381 635 1196 
1669908782 1327 1212 662 1097 
1669908784 1120 1129 492 990 
1669908786 1120 1223 501 1008 
1669908789 1126 1242 523 1003 
1669908791 1097 1187 504 1030 
1669908793 1130 1223 521 928 
1669908795 1119 1237 531 1026 
1669908797 1112 1156 449 1013 
1669908799 1125 1184 528 1031 
1669908801 1046 1222 527 1005 
1669908803 1141 1161 495 1016 
1669908805 1054 1218 534 922 
1669908807 1121 1191 515 1030 
1669908809 1136 1225 529 1040 
1669908811 1154 1188 546 1052 
1669908813 1127 1188 460 1045 
1669908815 1150 1260 541 968 
1669908817 1164 1264 537 1039 
1669908819 1167 1214 532 1055 
1669908821 1146 1247 513 1007 
1669908824 1160 1247 509 1042 
1669908826 1161 1227 461 1029 
1669908828 1169 1257 533 955 
1669908830 1174 1183 532 1043 
1669908832 1194 1281 462 1020 
1669908834 3434 3002 2688 2858 
1669908836 1133 1091 362 986 
1669908838 993 1141 527 1006 
1669908840 1073 1224 447 987 
1669908842 1105 1174 534 1038 
1669908844 1134 1223 508 1024 
1669908846 1053 1144 523 976 
1669908848 1071 1243 502 934 
1669908850 1096 1115 516 997 
1669908852 1184 1295 542 964 
1669908854 1153 1240 513 930 
1669908856 1157 1220 459 1017 
1669908859 1128 1209 495 1026 
1669908861 1132 1131 513 1000 
1669908863 1134 1209 528 1028 
1669908865 1166 1240 508 1023 
1669908867 1169 1209 534 1048 
1669908869 1229 1269 560 988 
1669908871 1320 1255 594 1107 
1669908873 1163 1116 528 1041 
1669908875 1186 1215 545 1066 
1669908877 1197 1205 521 1032 
1669908879 1209 1250 464 961 
1669908881 1189 1240 537 961 
1669908883 1197 1248 517 1020 
1669908885 1196 1194 528 1047 
1669908887 1170 1083 504 998 
1669908889 1157 1184 442 1033 
1669908892 1158 1230 507 997 
1669908894 1165 1101 433 989 
1669908896 1190 1215 434 1039 
1669908899 952 1106 418 908 
1669908901 956 1145 463 883 
1669908903 1141 1206 541 1031 
1669908905 1208 1092 474 975 
1669908907 1328 1301 587 1098 
1669908909 1160 1128 512 956 
1669908911 1184 1120 519 1003 
1669908913 1165 1209 519 1036 
1669908915 1204 1270 449 1025 
1669908917 1186 1112 460 819 
1669908919 1470 1232 467 1002 
1669908921 1433 1310 486 1071 
1669908923 1184 1234 448 1024 
1669908925 1174 1081 498 934 
1669908927 1191 1112 523 1021 
1669908929 1210 1250 528 1046 
1669908931 1146 1220 506 1003 
1669908933 1181 1228 445 936 
1669908935 1183 1192 508 951 
1669908937 1182 1165 512 913 
1669908939 1178 1112 531 1019 
1669908941 733 960 293 802 
1669908943 1402 1417 715 1243 
1669908945 1210 1304 557 1065 
1669908947 1161 1253 549 1037 
1669908949 1155 1191 539 1044 
1669908951 1018 1211 533 980 
1669908953 1193 1268 532 1064 
1669908955 1199 1231 524 966 
1669908957 1173 1176 539 1038 
1669908959 1166 1136 547 1014 
1669908961 2137 1697 872 1520 
1669908963 1507 965 407 858 
1669908965 424 568 477 638 
1669908967 1328 1283 575 1107 
1669908969 1234 1198 504 1021 
1669908971 1403 1347 558 1099 
1669908973 1669 1292 591 1167 
1669908975 1431 1255 510 1098 
1669908977 1286 1181 478 1022 
1669908979 1293 1269 502 1020 
1669908981 1286 1272 536 1048 
1669908983 1148 1245 501 1012 
1669908985 1467 1642 712 1654 
1669908987 1048 1130 483 1042 
1669908989 966 1218 439 965 
1669908991 972 1078 494 965 
1669908993 980 1214 451 1003 
1669908995 1250 1224 585 1013 
1669908997 1552 1213 553 1057 
1669908999 1369 1256 534 1046 
1669909001 1259 1197 497 1002 
1669909003 1208 1165 495 1030 
1669909005 1178 1189 521 1003 
1669909007 1223 1177 533 1025 
1669909009 1204 1184 537 1043 
1669909011 1122 1082 509 996 
1669909013 1194 1177 530 1047 
1669909015 1175 1154 520 1036 
1669909017 1215 1200 453 1022 
1669909019 1156 1202 545 881 
1669909021 1205 1217 505 1035 
1669909023 1206 1222 537 1054 
1669909025 1212 1263 517 1009 
1669909027 1114 1112 504 1042 
1669909029 1171 1242 458 1015 
1669909031 1197 1245 507 1016 
1669909033 1193 1260 459 1031 
1669909035 1194 1236 515 1003 
1669909037 1162 1183 492 1011 
1669909039 1167 1095 513 999 
1669909041 1165 1202 521 1007 
1669909043 1189 1215 487 1004 
1669909045 1171 1186 529 993 
1669909047 1173 1214 444 1000 
1669909049 1209 1233 446 1002 
1669909051 1184 1240 500 921 
1669909053 1198 1266 506 1035 
1669909055 1213 1207 453 1014 
1669909057 1137 1245 538 1011 
1669909059 1225 1219 506 1049 
1669909061 1136 1255 512 950 
1669909063 1214 1250 443 1027 
1669909065 1217 1201 536 1053 
1669909067 1201 1209 525 1035 
1669909069 1237 1240 558 980 
1669909071 1200 1229 540 970 
1669909073 1233 1244 477 1029 
1669909075 1185 1237 515 1022 
1669909077 1191 1247 551 1037 
1669909079 1222 1206 479 1007 
1669909081 1220 1242 530 1045 
1669909083 1189 1271 533 1044 
1669909085 1183 1184 443 943 
1669909087 1129 1238 537 1041 
1669909089 1183 1201 534 1049 
1669909091 1177 1256 461 1015 
1669909093 1179 1192 528 1031 
1669909095 1197 1256 542 1058 
1669909097 1181 1228 467 1009 
1669909099 1162 1193 458 1050 
1669909101 1143 1179 537 1030 
1669909103 1160 1168 528 1051 
1669909105 1211 1279 520 1100 
1669909107 1179 1257 519 1026 
1669909109 1183 1199 523 953 
1669909111 1180 1211 500 1022 
1669909113 1180 1233 532 968 
1669909115 1142 1251 531 954 
1669909117 1176 1240 511 1013 
1669909119 1176 1259 534 1032 
1669909121 1196 1245 530 1059 
1669909123 1201 1248 516 1047 
1669909125 1184 1217 512 965 
1669909127 1171 1252 533 957 
1669909129 1165 1153 529 1029 
1669909131 1193 1218 466 873 
1669909133 1200 1261 531 1010 
1669909135 1204 1227 531 1024 
1669909137 1171 1191 522 1048 
1669909139 1079 1217 486 945 
1669909141 1182 1086 523 997 
1669909143 1183 1217 500 1031 
1669909145 1201 1114 438 923 
1669909147 1179 1219 484 1022 
1669909149 1182 1078 508 921 
1669909151 1197 1162 521 944 
1669909153 1192 1233 519 1029 
1669909155 1200 1217 521 1034 
1669909157 1198 1232 537 933 
1669909159 1206 1268 454 1026 
1669909161 1173 1190 381 998 
1669909163 1185 1153 490 930 
1669909165 1163 1143 515 992 
1669909167 1167 1221 439 983 
1669909169 1102 1076 516 1018 
1669909171 1159 1137 495 985 
1669909173 1163 1214 526 1012 
1669909175 1165 1198 510 955 
1669909177 1155 1250 522 1030 
1669909179 1203 1253 511 1016 
1669909181 1164 1077 477 997 
1669909183 1193 1180 456 1017 
1669909185 1107 1130 521 990 
1669909187 1165 1212 503 997 
1669909189 1165 1214 511 950 
1669909191 1192 1190 514 937 
1669909193 1194 1118 515 1026 
1669909195 1141 1177 526 1028 
1669909197 1080 1108 517 1012 
1669909199 1180 1256 525 1024 
1669909201 1170 1201 539 1048 
1669909203 1209 1227 542 1054 
1669909205 1172 1098 536 1053 
1669909207 1183 1222 391 1003 
1669909209 1216 1251 514 1046 
1669909211 1229 1221 548 1070 
1669909213 1200 1178 559 1054 
1669909215 1232 1183 535 1012 
1669909217 1192 1165 506 1037 
1669909219 1208 1134 389 996 
1669909221 1147 1156 514 1031 
1669909223 1220 1127 538 1024 
1669909225 1208 1253 504 937 
1669909227 1216 1116 527 931 
1669909229 1200 1147 531 1014 
1669909231 1186 1201 528 1016 
1669909233 1213 1207 525 1001 
1669909235 1212 1242 520 1037 
1669909237 1198 1171 489 926 
1669909239 1115 1290 501 1092 
1669909241 1214 1181 506 1018 
1669909243 1220 1247 455 1017 
1669909245 1222 1171 529 1033 
1669909247 1122 1116 520 1012 
1669909249 1206 1076 366 1006 
1669909251 1122 1209 497 1002 
1669909253 1139 1199 487 1012 
1669909255 1188 1083 436 934 
1669909257 1174 1242 532 872 
1669909259 1195 1217 515 994 
1669909261 1174 1154 443 981 
1669909263 1169 1228 529 1017 
1669909265 1210 1171 532 1030 
1669909267 1203 1238 545 1054 
1669909269 1152 1202 521 1027 
1669909271 1199 1185 515 1044 
1669909273 1185 1228 475 1037 
1669909275 1194 1196 471 1017 
1669909277 1201 1238 530 1055 
1669909279 1197 1236 396 925 
1669909281 1217 1232 545 1048 
1669909283 1244 1230 479 1038 
1669909285 1217 1269 524 1054 
1669909287 1238 1232 448 953 
1669909289 1231 1260 544 1021 
1669909291 1212 1271 528 965 
1669909293 1200 1262 443 994 
1669909295 1199 1258 534 1037 
1669909297 1186 1250 530 871 
1669909299 1191 1185 522 1013 
1669909301 1204 1201 511 1019 
1669909303 1199 1164 525 1019 
1669909305 1203 1207 493 1003 
1669909307 1204 1112 532 928 
1669909309 1216 1205 505 948 
1669909311 1205 1178 524 874 
1669909313 1206 1169 530 1017 
1669909315 1204 1250 459 1011 
1669909317 1190 1226 459 1033 
1669909319 1190 1181 528 1047 
1669909321 1179 1222 523 889 
1669909323 1217 1197 542 974 
1669909325 1192 1267 541 1047 
1669909327 1231 1210 553 1049 
1669909329 1238 1244 529 1032 
1669909331 1199 1250 529 1044 
1669909333 1210 1203 534 1046 
1669909335 1246 1215 462 979 
1669909337 1240 1229 551 1062 
1669909339 1216 1210 552 1061 
1669909341 1241 1255 463 1023 
1669909343 1238 1183 544 962 
1669909345 1238 1179 516 1007 
1669909347 1210 1210 540 964 
1669909349 1215 1248 522 955 
1669909351 1205 1249 518 946 
1669909353 1195 1251 449 995 
1669909355 1187 1104 432 982 
1669909357 1161 1221 532 1036 
1669909359 1192 1216 541 1026 
1669909361 1211 1206 509 1001 
1669909363 1179 1241 447 1011 
1669909365 1199 1173 501 1002 
1669909367 1145 1189 432 999 
1669909369 1199 1222 504 1031 
1669909371 1174 1095 523 1017 
1669909373 1174 1201 499 949 
1669909375 1206 1204 543 961 
1669909377 1216 1125 531 1005 
1669909379 1182 1226 518 1051 
1669909381 1208 1089 505 1030 
1669909383 1193 1223 516 1035 
1669909385 1218 1270 461 1032 
1669909387 1213 1268 527 1040 
1669909389 1239 1239 526 1040 
1669909391 1209 1253 544 1050 
1669909393 1250 1257 553 1041 
1669909395 1231 1265 538 959 
1669909397 1228 1176 464 1035 
1669909399 1147 1192 518 1048 
1669909401 1202 1234 517 1036 
1669909403 1192 1178 456 1019 
1669909405 1205 1160 374 989 
1669909407 1196 1177 526 948 
1669909409 1119 1227 495 1005 
1669909411 1203 1238 520 879 
1669909413 1159 1164 447 987 
1669909415 1162 1168 523 941 
1669909417 1198 1164 452 1027 
1669909419 1215 1219 504 1024 
1669909421 1161 1182 533 1031 
1669909423 1190 1242 471 1034 
1669909425 1205 1213 510 1035 
1669909427 1195 1226 527 1021 
1669909429 1223 1258 552 956 
1669909431 1207 1255 517 1042 
1669909433 1178 1179 535 1045 
1669909435 1235 1257 528 1047 
1669909437 1223 1241 522 967 
1669909439 1232 1232 533 1037 
1669909441 1224 1257 548 979 
1669909443 1227 1127 511 1040 
1669909445 1212 1281 550 969 
1669909447 1217 1239 523 1018 
1669909449 1240 1185 511 1024 
1669909451 1220 1270 529 1019 
1669909453 1213 1105 529 952 
1669909455 1249 1270 568 982 
1669909457 1219 1259 543 958 
1669909459 1233 1135 524 1020 
1669909461 1195 1224 533 1021 
1669909463 1212 1238 519 1045 
1669909465 1227 1235 473 1047 
1669909467 1233 1263 522 1066 
1669909469 1215 1255 469 1016 
1669909471 1209 1215 530 978 
1669909473 1202 1220 547 1029 
1669909475 1201 1172 531 1014 
1669909477 1199 1254 538 1060 
1669909479 1170 1196 530 970 
1669909481 1200 1271 520 1042 
1669909483 1225 1266 561 1045 
1669909485 1134 1257 534 1051 
1669909487 1220 1167 508 962 
1669909489 1225 1258 531 969 
1669909491 1207 1198 548 1035 
1669909493 1222 1239 545 1042 
1669909495 1188 1231 526 1049 
1669909497 1189 1180 469 1041 
1669909499 1215 1233 539 1025 
1669909501 1213 1245 517 1010 
1669909503 1192 1239 521 1039 
1669909505 1201 1196 528 1028 
1669909507 1212 1157 529 963 
1669909509 1217 1170 515 1031 
1669909511 1121 1148 516 1017 
1669909513 1213 1175 498 966 
1669909515 1189 1196 456 1007 
1669909517 1182 1253 516 1022 
1669909519 1207 1118 448 915 
1669909521 1215 1162 445 1018 
1669909523 1207 1213 509 999 
1669909525 1214 1192 516 1040 
1669909527 1129 1167 498 938 
1669909529 1216 1260 518 1043 
1669909531 1217 1227 527 1026 
1669909533 1224 1258 512 1039 
1669909535 1210 1172 522 946 
1669909537 1199 1222 458 1031 
1669909539 1143 1203 510 1021 
1669909541 1230 1228 550 1056 
1669909543 1241 1245 536 1019 
1669909545 1192 1264 465 1031 
1669909547 1232 1262 536 1050 
1669909549 1249 1169 497 1017 
1669909551 1244 1273 467 1046 
1669909553 1212 1220 542 1044 
1669909555 1209 1181 523 1029 
1669909557 1189 1219 453 1002 
1669909559 1211 1163 501 1019 
1669909561 1227 1255 460 950 
1669909563 1188 1238 524 1042 
1669909565 1178 1256 541 1001 
1669909567 1145 1257 501 994 
1669909569 1194 1188 524 1036 
1669909571 1203 1208 455 1028 
1669909573 1238 1246 470 1042 
1669909575 1209 1231 516 941 
1669909577 1205 1185 527 1035 
1669909579 1199 1240 502 929 
1669909581 1208 1217 522 1020 
1669909583 1204 1219 537 1034 
1669909585 1201 1212 528 952 
1669909587 1199 1189 518 1036 
1669909589 1200 1171 445 991 
1669909591 1221 1165 531 944 
1669909593 1216 1135 493 941 
1669909595 1242 1199 530 968 
1669909597 1207 1188 552 961 
1669909599 1237 1262 528 965 
1669909601 1248 1283 540 1052 
1669909603 1234 1183 537 951 
1669909605 1224 1252 482 946 
1669909607 1253 1226 491 1013 
1669909609 1245 1194 553 1023 
1669909611 1237 1201 542 1028 
1669909613 1215 1263 537 968 
1669909615 1208 1225 529 1043 
1669909617 1191 1193 467 1037 
1669909619 1203 1213 535 1043 
1669909621 1220 1185 509 1035 
1669909623 1192 1166 514 1050 
1669909625 1215 1240 439 1032 
1669909627 1204 1209 538 948 
1669909629 1213 1195 447 947 
1669909631 1189 1244 541 1023 
1669909633 1116 1145 498 946 
1669909635 1208 1248 533 1011 
1669909637 1207 1079 501 1029 
1669909639 1209 1234 541 1046 
1669909641 1125 1214 502 997 
1669909643 1191 1224 500 1037 
1669909645 1197 1217 498 1045 
1669909647 1190 1257 512 1015 
1669909649 1194 1166 497 1017 
1669909651 1219 1241 505 940 
1669909653 1224 1219 521 1037 
1669909655 1202 1262 464 1015 
1669909657 1213 1162 421 1013 
1669909659 1226 1171 497 938 
1669909661 1239 1245 535 1046 
1669909663 1245 1252 467 939 
1669909665 1249 1177 509 1031 
1669909667 1253 1230 526 1019 
1669909669 1248 1229 542 1054 
1669909671 1156 1245 456 1029 
1669909673 1247 1264 542 1047 
1669909675 1253 1259 550 979 
1669909677 1158 1131 535 1016 
1669909679 1225 1241 460 959 
1669909681 1211 1248 531 963 
1669909683 1223 1221 518 1056 
1669909685 1195 1250 525 965 
1669909687 1212 1263 517 1033 
1669909689 1186 1237 522 1052 
1669909691 1209 1253 541 965 
1669909693 1165 1201 528 1042 
1669909695 1198 1207 530 946 
1669909697 1183 1191 510 1027 
1669909699 1191 1206 462 1028 
1669909701 1183 1231 446 959 
1669909703 1175 1184 459 1036 
1669909705 1203 1231 538 1065 
1669909707 1212 1164 533 1025 
1669909709 1189 1184 535 960 
1669909711 1209 1246 463 1010 
1669909713 1194 1194 520 1046 
1669909715 1196 1085 501 1029 
1669909717 1206 1226 543 1023 
1669909719 1204 1172 448 1021 
1669909721 1220 1244 549 1042 
1669909723 1206 1263 543 1027 
1669909725 1201 1193 547 1055 
1669909727 1209 1255 530 1058 
1669909729 1210 1262 561 1024 
1669909731 1219 1134 530 1054 
1669909733 1247 1284 483 964 
1669909735 1215 1278 475 1006 
1669909737 1230 1218 542 1031 
1669909739 1201 1191 514 1054 
1669909741 1245 1215 522 1035 
1669909743 1246 1208 539 1023 
1669909745 1158 1267 519 1008 
1669909747 1215 1277 549 1042 
1669909749 1226 1226 536 1042 
1669909751 1236 1245 539 1040 
1669909753 1249 1221 550 1066 
1669909755 1230 1144 466 874 
1669909757 1223 1222 395 929 
1669909759 1236 1131 503 1031 
1669909761 1250 1163 543 1033 
1669909763 1249 1267 467 986 
1669909765 1237 1236 546 1049 
1669909767 1214 1239 539 1054 
1669909769 1244 1264 479 1029 
1669909771 1178 1039 505 953 
1669909773 1212 1140 525 1027 
1669909775 1218 1218 545 1025 
1669909777 1208 1172 392 1013 
1669909779 1222 1230 547 1049 
1669909781 1198 1187 508 1042 
1669909783 1215 1198 552 979 
1669909785 1129 1165 526 930 
1669909787 1205 1198 537 1059 
1669909789 1195 1244 523 1057 
1669909791 1181 1216 464 1014 
1669909793 1211 1175 521 1034 
1669909795 1186 1198 540 963 
1669909797 1185 1196 538 966 
1669909799 1201 1221 513 1014 
1669909801 1205 1170 529 1021 
1669909803 1184 1161 507 1014 
1669909805 1181 1187 492 1018 
1669909807 1173 1096 505 1012 
1669909809 1217 1250 540 1054 
1669909811 1118 1166 355 921 
1669909813 500 1102 505 972 
1669909815 1242 1150 988 1029 
1669909817 1677 1340 479 1054 
1669909819 1319 1229 523 1029 
1669909821 1249 1171 539 1009 
1669909823 1219 1235 514 1039 
1669909825 1213 1249 517 1040 
1669909827 1236 1106 524 1048 
1669909829 1143 1211 509 1026 
1669909831 1138 1177 525 1003 
1669909833 1220 1244 535 1056 
1669909835 1236 1277 517 1063 
1669909837 1231 1236 520 1027 
1669909839 1224 1285 549 1049 
1669909841 1222 1269 513 1040 
1669909843 1223 1222 529 1038 
1669909845 1246 1241 538 1065 
1669909847 1236 1259 538 1051 
1669909849 1262 1238 559 1045 
1669909851 1223 1205 545 1026 
1669909853 1254 1277 526 1051 
1669909855 1218 1198 524 964 
1669909857 1241 1182 465 1014 
1669909859 1223 1254 549 1048 
1669909861 1161 1214 548 1016 
1669909863 1238 1273 537 1030 
1669909865 1231 1260 542 1054 
1669909867 1214 1202 447 1032 
1669909869 1215 1128 456 1015 
1669909871 1221 1178 527 1040 
1669909873 1217 1257 532 1050 
1669909875 1236 1232 523 939 
1669909877 1234 1200 439 942 
1669909879 1231 1237 521 1002 
1669909881 1245 1244 521 1045 
1669909883 1238 1251 506 1030 
1669909885 1206 1261 517 1030 
1669909887 1208 1177 532 1042 
1669909889 1198 1278 537 1032 
1669909891 1222 1162 539 998 
1669909893 1202 1241 503 873 
1669909895 1244 1268 544 1053 
1669909897 1212 1146 431 1009 
1669909899 1237 1167 531 1037 
1669909901 1220 1136 454 1034 
1669909903 1221 1252 532 1044 
1669909905 1151 1237 535 1006 
1669909907 1188 1103 517 1013 
1669909909 1234 1204 469 1034 
1669909911 1244 1172 543 935 
1669909913 1228 1180 520 1047 
1669909915 1146 1169 518 942 
1669909917 1230 1248 460 1042 
1669909919 1213 1228 536 870 
1669909921 1200 1233 521 997 
1669909923 1223 1255 452 1030 
1669909925 1203 1241 537 1006 
1669909927 1200 1122 504 942 
1669909929 1224 1231 505 939 
1669909931 1224 1264 538 1039 
1669909933 1200 1208 466 1037 
1669909935 1217 1257 526 1041 
1669909937 1217 1177 444 1028 
1669909939 1186 1246 521 1005 
1669909941 1203 1193 526 1037 
1669909943 1159 1226 516 948 
1669909945 1174 1179 504 1007 
1669909947 1190 1155 518 1010 
1669909949 1152 1144 455 1013 
1669909951 1214 1223 500 1019 
1669909953 1191 1239 538 1019 
1669909955 1194 1069 433 1021 
1669909957 1188 1167 522 1028 
1669909959 1198 1228 538 951 
1669909961 1186 1239 543 1038 
1669909963 1196 1189 537 1040 
1669909965 1186 1259 526 1031 
1669909967 1194 1236 451 1010 
1669909969 1106 1258 539 1042 
1669909971 1191 1246 469 1054 
1669909973 1200 1171 512 1035 
1669909975 1198 1175 539 1015 
1669909977 1194 1179 532 975 
1669909979 1215 1219 525 1048 
1669909981 1126 1241 511 1010 
1669909983 1215 1170 537 1048 
1669909985 1207 1193 503 1033 
1669909987 1192 1118 456 1016 
1669909989 1174 1216 509 1006 
1669909991 1185 1187 508 1040 
1669909993 1208 1262 466 1058 
1669909995 1223 1234 520 1025 
1669909997 1185 1219 525 1032 
1669909999 1215 1192 534 965 
1669910001 1210 1185 534 1059 
1669910003 1215 1229 503 1033 
1669910005 1194 1243 519 1043 
1669910007 1215 1240 545 1021 
1669910009 1188 1257 515 1045 
1669910011 1219 1245 506 1064 
1669910013 1220 1270 546 1067 
1669910015 1199 1233 517 1009 
1669910017 1212 1235 462 966 
1669910019 1139 1250 530 1051 
1669910021 1220 1195 534 1064 
1669910023 1196 1136 537 1024 
1669910025 1227 1260 451 1053 
1669910027 1234 1213 542 1058 
1669910029 1213 1258 542 1063 
1669910031 1230 1259 530 1066 
1669910033 1228 1192 523 1034 
1669910035 1215 1265 537 1053 
1669910037 1254 1189 520 1050 
1669910039 1237 1247 544 954 
1669910041 1216 1147 538 1014 
1669910043 1227 1174 525 1016 
1669910045 1220 1107 526 1047 
1669910047 1219 1251 519 1038 
1669910049 1221 1211 516 958 
1669910051 1246 1263 514 1013 
1669910053 1236 1246 549 1037 
1669910055 1227 1258 524 949 
1669910057 1197 1175 435 1004 
1669910059 1223 1203 498 1023 
1669910061 1193 1237 501 1022 
1669910063 1193 1171 511 1012 
1669910065 1218 1230 509 1007 
1669910067 1182 1215 490 953 
1669910069 1187 1210 539 1006 
1669910071 1191 1212 451 1011 
1669910073 1193 1186 538 1057 
1669910075 1205 1251 534 943 
1669910077 1190 1211 498 1016 
1669910079 1197 1112 458 1036 
1669910081 1126 1127 519 999 
1669910083 1222 1240 473 1020 
1669910085 1216 1179 543 1041 
1669910087 1219 1175 538 1060 
1669910089 1219 1161 507 1034 
1669910091 1189 1252 396 1046 
1669910093 1231 1225 465 1026 
1669910095 1240 1207 528 1068 
1669910097 1209 1235 528 1067 
1669910099 1234 1255 466 1035 
1669910101 1226 1271 521 961 
1669910103 1235 1254 549 1028 
1669910105 1221 1248 534 1066 
1669910107 1227 1206 556 1045 
1669910109 1242 1260 481 1046 
1669910111 1238 1250 459 1044 
1669910113 1235 1207 538 892 
1669910115 1254 1196 556 1026 
1669910117 1229 1242 536 1030 
1669910119 1254 1270 554 1068 
1669910121 1250 1250 469 956 
1669910123 1254 1166 455 1019 
1669910125 1229 1255 545 956 
1669910127 1225 1237 508 971 
1669910129 1210 1233 513 959 
1669910131 1248 1175 533 1035 
1669910133 1245 1253 539 962 
1669910135 1230 1147 510 1043 
1669910137 1241 1258 457 1021 
1669910139 1162 1178 445 1016 
1669910141 1156 1257 535 1022 
1669910143 1231 1264 547 1056 
1669910145 1235 1242 541 1061 
1669910147 1222 1205 534 1041 
1669910149 1220 1261 554 952 
1669910151 1236 1284 541 1052 
1669910153 1233 1225 523 1059 
1669910155 1192 1230 474 1029 
1669910157 1214 1144 453 874 
1669910159 1133 1210 439 937 
1669910161 1245 1224 561 1062 
1669910163 1211 1259 554 1063 
1669910165 1224 1262 533 1033 
1669910167 1220 1228 480 982 
1669910169 1217 1269 539 1026 
1669910171 1228 1176 535 1014 
1669910173 1226 1266 472 969 
1669910175 1213 1231 542 1039 
1669910177 1246 1273 519 964 
1669910179 1240 1282 555 1042 
1669910181 1224 1235 541 1025 
1669910183 1245 1248 517 1046 
1669910185 1246 1224 523 1030 
1669910187 1225 1249 538 1054 
1669910189 1229 1124 457 934 
1669910191 1212 1218 536 1019 
1669910193 1218 1213 520 956 
1669910195 1203 1247 520 1027 
1669910197 1189 1239 517 1041 
1669910199 1211 1170 515 998 
1669910201 1187 1240 530 1020 
1669910203 1186 1251 534 976 
1669910205 1211 1198 452 928 
1669910207 1206 1256 525 1023 
1669910209 1180 1172 527 1023 
1669910211 1129 1241 516 1039 
1669910213 1209 1250 545 1048 
1669910215 1130 1237 459 1005 
1669910217 1217 1204 541 1030 
1669910219 1206 1253 535 1047 
1669910221 1204 1134 464 1044 
1669910223 1217 1259 510 985 
1669910225 1242 1228 550 1063 
1669910227 1247 1282 481 1022 
1669910229 1247 1276 467 1015 
1669910231 1219 1263 521 1048 
1669910233 1253 1260 473 960 
1669910235 1235 1222 537 1052 
1669910237 1216 1241 517 1043 
1669910239 1243 1244 462 963 
1669910241 1240 1236 530 1045 
1669910243 1221 1168 510 960 
1669910245 1203 1208 452 1035 
1669910247 1215 1200 522 1025 
1669910249 1219 1187 443 1000 
1669910251 1189 1165 514 1021 
1669910253 1215 1107 430 999 
1669910255 1209 1197 525 961 
1669910257 1197 1219 447 1022 
1669910259 1220 1120 536 1037 
1669910261 1245 1260 528 1070 
1669910263 1240 1189 546 1053 
1669910265 1227 1264 564 902 
1669910267 1219 1248 539 1026 
1669910269 1239 1193 543 1036 
1669910271 1217 1264 529 1030 
1669910273 1238 1248 531 1043 
1669910275 1190 1167 493 991 
1669910277 1205 1235 438 956 
1669910279 1206 1170 438 908 
1669910281 1217 1230 456 1023 
1669910283 1213 1199 506 1023 
1669910285 1157 1240 526 1052 
1669910287 1181 1245 522 1022 
1669910289 1183 1156 432 1035 
1669910291 1226 1252 477 977 
1669910293 1224 1184 439 1025 
1669910295 1224 1266 554 985 
1669910297 1230 1188 472 1044 
1669910299 1222 1280 552 1072 
1669910301 1259 1210 551 1048 
1669910303 1258 1210 469 959 
1669910305 1236 1125 531 1023 
1669910307 1233 1183 519 1017 
1669910309 1230 1252 521 1038 
1669910311 1206 1226 535 1031 
1669910313 1197 1212 434 1028 
1669910315 1127 1197 498 997 
1669910317 1208 1151 512 921 
1669910319 1203 1253 522 951 
1669910321 1204 1186 540 1057 
1669910323 1192 1155 513 1022 
1669910325 1193 1189 542 976 
1669910327 1237 1238 533 967 
1669910329 1160 1188 559 1019 
1669910331 1242 1252 481 1055 
1669910333 1159 1238 462 944 
1669910335 1218 1249 514 960 
1669910337 1219 1252 543 1015 
1669910339 1224 1218 447 994 
1669910341 1196 1165 516 1023 
1669910343 1128 1231 442 1030 
1669910345 1179 1240 533 1012 
1669910347 1184 1159 517 1021 
1669910349 1214 1238 467 958 
1669910351 1193 1250 548 971 
1669910353 1223 1130 547 1048 
1669910355 1185 1229 521 1024 
1669910357 1206 1270 550 1065 
1669910359 1220 1253 530 1071 
1669910361 1250 1265 535 1042 
1669910363 1249 1271 534 1062 
1669910365 1160 1129 513 930 
1669910367 1240 1112 454 1025 
1669910369 1235 1167 517 1041 
1669910371 1228 1253 513 1030 
1669910373 1214 1188 526 955 
1669910375 1191 1202 535 1028 
1669910377 1193 1239 537 1010 
1669910379 1203 1200 459 1013 
1669910381 1131 1239 533 1032 
1669910383 1176 1235 516 1044 
1669910385 1138 1186 515 1015 
1669910387 1206 1093 536 1042 
1669910389 1239 1267 551 1063 
1669910391 1214 1251 523 1016 
1669910393 1242 1191 542 1039 
1669910395 1220 1144 530 939 
1669910397 1216 1148 468 1007 
1669910399 1217 1181 452 962 
