1669910403 1240 1162 578 1020 
1669910406 1226 1216 503 1007 
1669910408 1209 1173 531 952 
1669910410 1184 1115 517 950 
1669910412 1220 1241 518 1014 
1669910414 1162 1205 513 1005 
1669910416 1123 1228 436 1019 
1669910418 1210 1199 523 1032 
1669910420 1189 1174 501 1028 
1669910422 1097 1202 524 1010 
1669910424 1176 1123 508 1041 
1669910426 1181 1230 520 1028 
1669910428 1184 1224 528 1057 
1669910430 1207 1169 446 1011 
1669910432 1223 1162 506 1046 
1669910434 1195 1246 463 1013 
1669910436 1184 1174 533 1042 
1669910438 1211 1235 515 1015 
1669910440 1186 1217 525 1037 
1669910442 1197 1199 522 964 
1669910444 1193 1159 509 1019 
1669910446 1182 1248 504 1056 
1669910448 1217 1173 531 1030 
1669910450 1190 1177 525 949 
1669910452 1224 1224 533 1018 
1669910454 1220 1270 543 1042 
1669910456 1246 1240 457 994 
1669910458 1248 1189 535 1011 
1669910460 1251 1205 527 1022 
1669910462 1250 1112 528 1023 
1669910464 1245 1223 547 1037 
1669910466 1235 1239 545 1059 
1669910468 1206 1252 540 1038 
1669910470 1215 1166 517 1006 
1669910472 1172 1218 525 1032 
1669910474 1176 1186 528 1047 
1669910476 1182 1238 451 990 
1669910478 1191 1192 376 994 
1669910480 1236 1221 513 1020 
1669910482 1250 1222 526 1056 
1669910484 1198 1188 517 1033 
1669910486 1221 1268 529 1044 
1669910488 1222 1104 538 1018 
1669910490 1221 1220 553 1060 
1669910492 1132 1110 515 1010 
1669910494 1176 1252 533 951 
1669910496 1182 1225 505 1028 
1669910498 1190 1236 452 1015 
1669910500 1236 1126 527 1017 
1669910502 1219 1219 519 1025 
1669910504 1240 1203 525 1056 
1669910506 1250 1195 540 1056 
1669910508 1220 1141 510 1027 
1669910510 1237 1207 551 1061 
1669910512 1222 1210 531 1040 
1669910514 1215 1187 454 1043 
1669910516 1179 1245 533 1026 
1669910518 1204 1249 494 1043 
1669910520 1228 1199 507 1015 
1669910522 1240 1243 524 1040 
1669910524 1248 1185 520 938 
1669910526 1201 1264 473 1028 
1669910528 1243 1229 467 1044 
1669910530 1245 1204 535 1023 
1669910532 1231 1235 514 977 
1669910534 1131 1229 535 1038 
1669910536 1194 1083 434 922 
1669910538 1181 1141 503 997 
1669910540 1205 1237 516 872 
1669910542 1189 1195 494 1031 
1669910544 1236 1107 530 942 
1669910546 1226 1221 547 1041 
1669910548 1253 1243 523 1038 
1669910550 1243 1270 477 1024 
1669910552 1247 1255 542 1049 
1669910554 1233 1231 524 1058 
1669910556 1216 1157 503 958 
1669910558 1188 1246 532 973 
1669910560 1209 1177 517 1012 
1669910562 1189 1173 509 1002 
1669910564 1201 1238 529 951 
1669910566 1203 1213 519 1015 
1669910568 1222 1192 527 942 
1669910570 1219 1277 524 1015 
1669910572 1218 1251 532 970 
1669910574 1258 1165 508 962 
1669910576 1218 1270 402 960 
1669910578 1184 1252 397 1030 
1669910580 1212 1255 524 961 
1669910582 1222 1276 548 957 
1669910584 1217 1247 529 1030 
1669910586 1125 1207 518 1038 
1669910588 1196 1192 431 1015 
1669910590 1221 1163 524 1006 
1669910592 1245 1254 460 1029 
1669910594 1246 1207 532 1048 
1669910596 1251 1182 515 1006 
1669910598 1256 1229 544 1042 
1669910600 1249 1267 523 1050 
1669910602 1220 1277 529 1048 
1669910604 1208 1261 534 1064 
1669910606 1236 1238 536 1067 
1669910608 1214 1154 542 1046 
1669910610 1226 1253 512 1051 
1669910612 1187 1185 453 871 
1669910614 1209 1115 495 1010 
1669910616 1216 1226 503 1020 
1669910618 1199 1223 500 961 
1669910620 1212 1266 445 1004 
1669910622 1142 1254 521 941 
1669910624 1203 1163 518 937 
1669910626 1244 1265 508 933 
1669910628 1229 1129 509 1024 
1669910630 1201 1246 552 1067 
1669910632 1245 1272 476 981 
1669910634 1242 1125 545 1021 
1669910636 1238 1227 563 994 
1669910638 1236 1095 536 955 
1669910640 1196 1219 542 1056 
1669910642 1200 1184 459 1045 
1669910644 1220 1175 519 1013 
1669910646 1206 1232 439 952 
1669910648 1206 1240 459 1032 
1669910650 1194 1179 491 1003 
1669910652 1212 1194 539 1039 
1669910654 1227 1234 453 1020 
1669910656 1236 1217 452 1017 
1669910658 1222 1247 517 1030 
1669910660 1245 1273 537 1029 
1669910662 1245 1273 519 1025 
1669910664 1257 1202 397 1038 
1669910666 1254 1194 542 1018 
1669910668 1223 1268 445 1042 
1669910670 1241 1135 465 1045 
1669910672 1208 1270 540 1061 
1669910674 1206 1145 539 1027 
1669910676 1199 1240 539 977 
1669910678 1231 1182 499 1048 
1669910680 1195 1154 528 1035 
1669910682 1191 1251 519 1022 
1669910684 1127 1204 520 1008 
1669910686 1168 1164 515 1019 
1669910688 1158 1170 424 1008 
1669910690 1220 1241 506 1026 
1669910692 1212 1258 453 1011 
1669910694 1227 1238 516 949 
1669910696 1224 1178 381 1020 
1669910698 1228 1248 440 949 
1669910700 1159 1160 451 977 
1669910702 1226 1181 503 1027 
1669910704 1237 1252 548 1041 
1669910706 1259 1279 550 980 
1669910708 1258 1294 550 1038 
1669910710 1205 1220 545 1019 
1669910712 1213 1249 547 1031 
1669910714 1234 1267 544 1052 
1669910716 1230 1248 530 1060 
1669910718 1220 1141 512 884 
1669910720 1211 1263 530 1059 
1669910722 1208 1263 552 965 
1669910724 1231 1233 462 1054 
1669910726 1186 1236 517 1029 
1669910728 1166 1243 520 1056 
1669910730 1192 1203 534 1061 
1669910732 1191 1257 500 1023 
1669910734 1208 1210 542 1046 
1669910736 1221 1250 531 944 
1669910738 1108 1151 492 1006 
1669910740 1186 1234 449 1042 
1669910742 1189 1186 518 1029 
1669910744 1129 1192 499 1003 
1669910746 1204 1216 463 999 
1669910748 1126 1221 514 926 
1669910750 1077 1143 466 893 
1669910752 1343 1301 594 1004 
1669910754 1289 1247 499 1003 
1669910756 1307 1273 558 996 
1669910758 1799 1430 659 1163 
1669910760 905 1075 482 958 
1669910762 1178 1228 497 997 
1669910764 1157 1162 458 939 
1669910766 1200 1172 535 1011 
1669910768 1229 1183 530 1041 
1669910770 1208 1267 556 1041 
1669910772 1212 1270 521 1035 
1669910774 1216 1263 525 1035 
1669910776 1217 1266 450 1032 
1669910778 1282 1299 536 994 
1669910780 1232 1171 525 1007 
1669910782 1225 1218 464 1035 
1669910784 1140 1227 521 950 
1669910786 1068 1339 607 1136 
1669910788 1172 943 406 770 
1669910790 1408 1318 508 1058 
1669910792 1256 1123 401 942 
1669910794 2884 2547 2198 2418 
1669910796 2372 1714 889 1514 
1669910798 2237 1496 737 1332 
1669910800 2173 1588 865 1374 
1669910802 2219 1371 608 1218 
1669910804 2116 1416 575 1225 
1669910806 1711 1309 542 1071 
1669910808 1717 1314 462 1126 
1669910810 1526 1272 471 1100 
1669910812 1015 1141 532 1027 
1669910814 1447 1339 548 1097 
1669910816 1038 1080 440 915 
1669910818 1379 1340 852 1131 
1669910820 1321 1292 569 1030 
1669910822 653 1014 456 894 
1669910824 2399 1692 792 1464 
1669910826 1076 1039 510 907 
1669910828 1296 1186 441 1034 
1669910830 1156 1004 461 925 
1669910832 1227 1183 529 1018 
1669910834 1240 1294 550 1039 
1669910836 1228 1226 547 1024 
1669910838 1184 1105 450 913 
1669910840 1293 1232 586 1056 
1669910842 1500 1400 610 1099 
1669910844 535 865 534 731 
1669910846 1670 1318 583 1075 
1669910848 879 1176 628 977 
1669910850 1464 990 318 695 
1669910852 1537 1289 555 1029 
1669910854 1201 1230 497 1069 
1669910856 904 1007 585 873 
1669910858 1422 1210 538 1039 
1669910860 1183 1297 832 1194 
1669910862 1667 1258 610 1061 
1669910864 1255 1188 417 953 
1669910866 467 914 457 834 
1669910868 1197 1208 513 1031 
1669910870 1635 1352 615 1043 
1669910872 1341 1402 825 1208 
1669910874 1749 1201 571 1050 
1669910876 798 1012 438 816 
1669910878 872 1142 524 935 
1669910880 1514 1364 583 1104 
1669910882 1626 1408 713 1155 
1669910884 1140 1219 528 994 
1669910886 1388 1265 544 1054 
1669910888 1283 1180 532 1015 
1669910890 1237 1225 529 1006 
1669910892 1193 1237 498 1032 
1669910894 1230 1167 518 1001 
1669910896 1186 1233 515 1011 
1669910898 1196 1234 449 1008 
1669910900 1105 1220 515 1011 
1669910902 1171 1205 453 999 
1669910904 1169 1201 525 1007 
1669910906 1176 1219 511 1004 
1669910908 1190 1260 541 955 
1669910910 967 1190 453 988 
1669910912 1284 1277 539 973 
1669910914 1501 1429 852 1284 
1669910916 3106 2349 1574 2146 
1669910918 951 1077 512 975 
1669910920 716 942 392 827 
1669910922 1184 1143 483 995 
1669910924 1274 1284 488 1000 
1669910926 1202 1202 514 970 
1669910928 1168 1202 602 1052 
1669910930 1243 1271 678 1099 
1669910932 1637 1324 474 1143 
1669910934 2547 1826 941 1617 
1669910936 1127 1201 545 1005 
1669910938 1670 1448 622 1239 
1669910940 1095 1151 517 945 
1669910942 2143 1787 1075 1596 
1669910944 708 845 416 781 
1669910946 722 871 536 793 
1669910948 1189 1198 558 1037 
1669910950 1200 1262 473 952 
1669910952 1216 1100 529 1035 
1669910954 1175 1158 543 1032 
1669910956 1190 1246 541 1047 
1669910958 1202 1160 524 1045 
1669910960 1183 1163 540 1055 
1669910962 1192 1213 532 979 
1669910964 1103 1233 524 955 
1669910966 1179 1262 472 1046 
1669910968 1105 1183 513 1000 
1669910970 1170 1188 536 960 
1669910972 1206 1222 543 1026 
1669910974 1898 1491 671 1369 
1669910976 1156 1165 466 1032 
1669910978 1028 1215 468 994 
1669910980 1100 1218 542 1038 
1669910982 1040 1216 437 928 
1669910984 1128 1224 514 857 
1669910986 1142 1183 517 978 
1669910988 1979 1586 916 1469 
1669910990 1261 1178 529 1037 
1669910992 536 719 488 691 
1669910994 597 914 541 748 
1669910996 995 1196 543 967 
1669910998 1290 1318 536 1021 
1669911000 1172 1165 481 915 
1669911002 1025 1035 496 779 
1669911004 2403 1813 1078 1652 
1669911006 1597 1430 780 1283 
1669911008 507 863 426 814 
1669911010 524 804 387 728 
1669911012 884 1115 533 963 
1669911014 1238 1244 603 1114 
1669911016 1922 1366 506 1262 
1669911018 2157 1354 404 1155 
1669911020 1131 1126 524 930 
1669911022 1050 1026 532 942 
1669911024 1180 1163 519 1027 
1669911026 1147 1182 528 1024 
1669911028 843 1040 549 834 
1669911030 1282 1226 494 1073 
1669911032 1156 1250 445 1051 
1669911034 1174 1141 459 923 
1669911036 872 1058 397 918 
1669911038 1111 1193 562 926 
1669911040 1043 1172 490 1013 
1669911042 1112 1242 556 1026 
1669911044 1145 1240 477 1012 
1669911046 1174 1237 516 1026 
1669911048 1175 1246 550 945 
1669911050 1175 1186 529 1050 
1669911052 1067 1155 530 1009 
1669911054 1173 1238 565 1023 
1669911056 1185 1200 539 1049 
1669911058 1178 1221 537 1058 
1669911060 967 1099 561 862 
1669911062 1210 1203 509 983 
1669911064 1241 1261 547 1056 
1669911066 1111 1131 522 929 
1669911068 1069 1169 487 1006 
1669911070 1163 1205 504 1023 
1669911072 1161 1229 508 1024 
1669911074 1183 1225 523 1021 
1669911076 1121 1142 522 1008 
1669911078 1156 1232 552 1035 
1669911080 1191 1238 518 935 
1669911082 1376 1355 573 1081 
1669911084 754 952 394 791 
1669911086 1074 1017 461 910 
1669911088 1255 1207 577 1049 
1669911090 1220 1213 518 1044 
1669911092 1194 1097 503 1017 
1669911094 1935 1443 743 1262 
1669911096 965 1142 398 950 
1669911098 1120 1196 547 1020 
1669911100 664 978 599 806 
1669911102 773 995 436 718 
1669911104 1188 1036 395 921 
1669911106 2496 1666 829 1555 
1669911108 1759 1294 428 971 
1669911110 989 1080 483 936 
1669911112 1036 1185 471 975 
1669911114 1015 1161 503 970 
1669911116 875 1128 524 844 
1669911118 1064 1148 543 986 
1669911120 1076 1261 555 951 
1669911122 1095 1149 515 988 
1669911124 1005 1205 518 1034 
1669911126 1023 1186 450 1026 
1669911128 1113 1228 530 923 
1669911130 1203 1254 499 1012 
1669911132 897 1086 489 810 
1669911134 675 688 515 678 
1669911136 779 953 547 1189 
1669911138 1068 2030 365 1764 
1669911140 605 1202 351 1478 
1669911142 361 1007 1852 914 
1669911144 1045 1249 504 1079 
1669911146 720 1036 840 569 
1669911148 1724 1233 884 1108 
1669911150 829 1198 425 915 
1669911152 745 1108 342 849 
1669911154 693 1076 496 680 
1669911156 898 1161 420 698 
1669911158 956 1177 479 995 
1669911160 900 1194 454 887 
1669911162 1315 1338 523 1259 
1669911164 1041 1161 517 907 
1669911166 1141 1228 433 1011 
1669911168 1089 1221 470 1032 
1669911170 1010 1203 546 977 
1669911172 682 1058 403 773 
1669911174 484 912 428 670 
1669911176 1411 1306 490 1166 
1669911178 958 1214 523 1004 
1669911180 1080 1247 509 1024 
1669911182 984 1139 487 1001 
1669911184 1045 1237 477 1016 
1669911186 1091 1213 501 1002 
1669911188 1081 1149 494 1029 
1669911190 1097 1118 501 1023 
1669911192 1073 1110 495 1035 
1669911194 1085 1121 411 1023 
1669911196 1096 1150 422 1024 
1669911198 1130 1125 424 1022 
1669911200 1036 1212 489 1022 
1669911202 1092 1251 470 1020 
1669911204 1132 1251 436 968 
1669911206 433 699 360 573 
1669911208 2394 1566 1478 1292 
1669911210 1162 1201 471 1024 
1669911212 1043 1179 469 916 
1669911214 1048 1239 485 996 
1669911216 1137 1242 436 937 
1669911218 1161 1257 494 1020 
1669911220 1150 1230 418 1017 
1669911222 1205 1292 554 981 
1669911224 1150 1265 481 1008 
1669911226 1147 1142 484 1021 
1669911228 1156 1156 471 938 
1669911230 1176 1152 493 1038 
1669911232 1180 1141 502 1037 
1669911234 1165 1225 470 1048 
1669911236 1156 1062 493 1035 
1669911238 1136 1237 463 1023 
1669911240 1159 1269 485 1002 
1669911242 1149 1156 487 1029 
1669911244 1145 1251 414 1027 
1669911246 1160 1171 418 936 
1669911248 1178 1265 480 1026 
1669911250 1184 1158 413 947 
1669911252 1177 1221 488 1026 
1669911254 1717 1374 490 1403 
1669911256 546 807 435 696 
1669911258 1231 1248 435 1006 
1669911260 1136 1155 486 974 
1669911262 1226 1162 490 1016 
1669911264 1213 1166 467 987 
1669911266 1203 1157 471 1005 
1669911268 1234 1276 505 980 
1669911270 1246 1092 429 1030 
1669911272 1233 1232 422 1028 
1669911274 1188 1169 479 1036 
1669911276 1222 1247 413 1038 
1669911278 1183 1138 493 1027 
1669911280 1210 1085 483 949 
1669911282 1202 1155 479 1032 
1669911284 1216 1259 477 1040 
1669911286 1200 1238 425 1021 
1669911288 1220 1238 428 1051 
1669911290 1226 1270 488 1034 
1669911292 1185 1254 497 1025 
1669911294 1210 1247 478 942 
1669911296 1233 1235 478 1040 
1669911298 1196 1163 477 962 
1669911300 1226 1249 417 1028 
1669911302 1202 1160 489 1034 
1669911304 1220 1257 414 1041 
1669911306 1203 1239 475 1006 
1669911308 1209 1134 467 1034 
1669911310 1203 1167 478 962 
1669911312 1197 1142 485 1021 
1669911314 1135 1248 477 1024 
1669911316 1204 1245 466 1017 
1669911318 1194 1260 473 1047 
1669911320 1349 1174 596 1094 
1669911322 1198 1159 613 1093 
1669911324 1269 1222 370 1330 
1669911326 802 819 536 553 
1669911328 876 1332 610 1118 
1669911330 1173 1290 612 1036 
1669911332 954 1160 363 928 
1669911334 884 976 481 764 
1669911336 1039 1055 507 846 
1669911338 1159 1245 414 1026 
1669911340 1085 1179 385 939 
1669911342 1117 1170 786 913 
1669911344 1901 1680 1079 1386 
1669911346 1268 1294 530 985 
1669911348 1097 1139 579 923 
1669911350 1266 1300 420 1084 
1669911352 1441 1326 536 1099 
1669911354 1042 1116 443 978 
1669911356 1027 1064 534 945 
1669911358 1129 1228 633 978 
1669911360 966 1085 558 981 
1669911362 1113 1206 502 1006 
1669911364 1384 1272 327 1137 
1669911366 982 1137 527 917 
1669911368 937 992 432 883 
1669911370 1168 1149 512 989 
1669911372 1092 958 495 1005 
1669911374 1112 1212 522 961 
1669911376 920 1054 490 937 
1669911378 1090 1201 471 1000 
1669911380 1194 1172 478 1041 
1669911382 1161 1132 546 919 
1669911384 1132 1115 359 1003 
1669911386 1257 1278 427 1059 
1669911388 1132 1200 543 927 
1669911390 1261 1297 428 983 
1669911392 1490 1373 429 1084 
1669911394 892 1075 544 856 
1669911396 1441 1389 372 1166 
1669911398 1238 1256 462 1026 
1669911400 1113 1125 535 971 
1669911402 1064 1107 454 979 
1669911404 1072 1195 473 983 
1669911406 1070 1193 524 976 
1669911408 1382 1341 459 1065 
1669911410 1018 1102 460 1004 
1669911412 1190 1269 489 976 
1669911414 884 965 517 963 
1669911416 891 1118 537 976 
1669911418 1189 1249 476 1043 
1669911420 1010 1156 485 981 
1669911422 1564 1412 426 1158 
1669911424 1381 1343 433 1035 
1669911426 1204 1085 398 1000 
1669911428 1199 1249 485 1027 
1669911430 1300 1201 497 917 
1669911432 1214 1158 444 944 
1669911434 1756 1368 392 1115 
1669911436 1158 1242 490 1058 
1669911438 1612 1360 499 1223 
1669911440 1393 1298 346 1178 
1669911442 1243 1242 686 990 
1669911444 929 1042 431 991 
1669911446 1129 1236 419 966 
1669911448 1143 1108 396 948 
1669911450 1345 1326 585 1071 
1669911452 1169 1241 626 1043 
1669911454 1286 1266 391 985 
1669911456 1084 1175 322 965 
1669911458 1484 1291 816 1118 
1669911460 1048 1120 464 920 
1669911462 1267 1172 530 1014 
1669911464 1588 1412 835 1126 
1669911466 1514 1310 768 1096 
1669911468 967 1051 476 913 
1669911470 1108 1220 429 1025 
1669911472 1098 1200 449 998 
1669911474 1518 1352 540 1089 
1669911476 1392 1236 612 923 
1669911478 1286 1239 497 980 
1669911480 1062 1094 450 1016 
1669911482 1134 1255 460 1032 
1669911484 1367 1349 676 1083 
1669911486 1473 1391 771 1094 
1669911488 1504 1291 790 1090 
1669911490 1103 1026 530 818 
1669911492 1216 1307 704 1115 
1669911494 1071 1153 694 1010 
1669911496 851 945 569 926 
1669911498 1135 1205 468 1048 
1669911500 1229 1255 480 1061 
1669911502 1165 1182 410 923 
1669911504 1634 1318 876 1132 
1669911506 1213 1263 521 1021 
1669911508 1604 1389 801 1057 
1669911510 1157 1188 514 961 
1669911512 904 1089 374 838 
1669911514 1106 1293 562 1142 
1669911516 1148 1241 445 1016 
1669911518 1237 1252 520 1060 
1669911520 1289 1263 487 938 
1669911522 1805 1436 1089 1180 
1669911524 1287 1280 535 965 
1669911526 755 1054 438 931 
1669911528 608 912 368 921 
1669911530 1413 959 713 683 
1669911532 1200 1163 453 1037 
1669911534 1268 1094 487 1043 
1669911536 1167 1202 405 984 
1669911538 1279 1160 568 973 
1669911540 1128 1159 496 958 
1669911542 1280 1263 458 1082 
1669911544 1069 1011 520 901 
1669911546 1317 1194 520 1041 
1669911548 1186 1263 475 1005 
1669911550 1278 1332 348 1079 
1669911552 1041 966 869 788 
1669911554 1928 1527 1203 1383 
1669911556 989 1141 764 912 
1669911558 854 1052 719 778 
1669911560 820 1095 502 933 
1669911562 1548 1311 544 1066 
1669911564 1138 1234 406 1034 
1669911566 838 1004 562 904 
1669911568 1611 1263 652 1133 
1669911570 1144 1229 456 928 
1669911572 1135 1210 442 978 
1669911574 1160 1223 542 1035 
1669911576 1158 1045 473 913 
1669911578 1266 1209 436 969 
1669911580 1187 1157 459 1036 
1669911582 1290 1215 378 1041 
1669911584 1161 1152 486 947 
1669911586 1229 1256 511 1022 
1669911588 1205 1162 464 1031 
1669911590 1164 1237 468 1021 
1669911592 1309 1279 448 1050 
1669911594 1244 1169 478 1041 
1669911596 1197 1272 529 1069 
1669911598 1215 1237 485 968 
1669911600 1015 1193 543 870 
1669911602 1199 1063 479 1011 
1669911604 1252 1176 412 959 
1669911606 1218 1133 432 944 
1669911608 971 1168 550 981 
1669911610 1385 1191 426 1092 
1669911612 1245 1269 453 1042 
1669911614 1115 1237 491 1021 
1669911616 1244 1243 355 958 
1669911618 1211 1165 450 1033 
1669911620 1304 1202 415 1048 
1669911622 1073 1204 555 1029 
1669911624 1203 1293 547 1056 
1669911626 978 1157 709 985 
1669911628 1160 1199 534 1005 
1669911630 1069 995 410 934 
1669911632 1185 1264 461 998 
1669911634 1152 1243 474 997 
1669911636 1123 1255 543 1031 
1669911638 1219 1239 411 1018 
1669911640 1174 1229 429 1025 
1669911642 1200 1169 441 971 
1669911644 1184 1156 493 1031 
1669911646 1174 1232 466 943 
1669911648 1081 1187 556 867 
1669911650 1273 1172 465 1012 
1669911652 589 971 423 801 
1669911654 963 984 553 872 
1669911656 1248 1150 426 963 
1669911658 1265 1224 491 1053 
1669911660 1222 1157 474 1027 
1669911662 1210 1261 501 1042 
1669911664 1202 1161 411 1022 
1669911666 1209 1129 418 955 
1669911668 1242 1283 508 1061 
1669911670 1217 1269 498 1068 
1669911672 1203 1244 424 935 
1669911674 1224 1254 427 1003 
1669911676 1211 1158 498 1023 
1669911678 1193 1228 434 1006 
1669911680 1129 1167 472 1020 
1669911682 1150 1161 484 1040 
1669911684 1180 1067 478 1040 
1669911686 1168 1143 479 1001 
1669911688 1160 1161 464 963 
1669911690 1190 1183 474 1014 
1669911692 1218 1248 491 1033 
1669911694 1204 1254 475 1022 
1669911696 1210 1083 483 1011 
1669911698 1197 1238 410 1023 
1669911700 1206 1093 469 1036 
1669911702 1194 1242 493 1041 
1669911704 1166 1166 474 942 
1669911706 1212 1132 473 1040 
1669911708 1212 1259 496 945 
1669911710 1216 1178 490 955 
1669911712 1128 1221 479 1022 
1669911714 1207 1253 478 1047 
1669911716 1213 1256 486 1046 
1669911718 1221 1131 474 946 
1669911720 1210 1152 482 1043 
1669911722 1211 1253 459 1015 
1669911724 1221 1153 488 1045 
1669911726 1219 1131 462 962 
1669911728 1199 1246 492 951 
1669911730 1199 1063 476 949 
1669911732 1220 1164 474 1018 
1669911734 1108 1234 519 988 
1669911736 1167 1165 448 1033 
1669911738 1182 1220 496 1012 
1669911740 1178 1250 481 1011 
1669911742 1216 1273 488 1030 
1669911744 1182 1168 413 1025 
1669911746 1193 1217 475 1036 
1669911748 1154 1136 485 1009 
1669911750 1204 1276 425 1003 
1669911752 1189 1248 477 1020 
1669911754 1206 1143 467 1015 
1669911756 1189 1249 484 972 
1669911758 1202 1152 480 1013 
1669911760 1201 1248 351 1015 
1669911762 1188 1173 411 1015 
1669911764 1205 1222 471 1013 
1669911766 1210 1174 490 1030 
1669911768 1176 1060 496 998 
1669911770 1200 1255 416 1031 
1669911772 1188 1246 419 942 
1669911774 1217 1241 466 1056 
1669911776 1207 1141 467 1014 
1669911778 1189 1218 398 1022 
1669911780 1203 1252 488 947 
1669911782 1211 1157 477 1037 
1669911784 1186 1232 494 1030 
1669911786 1184 1267 476 1039 
1669911788 1211 1239 495 948 
1669911790 1183 1125 486 874 
1669911792 1209 1261 419 1006 
1669911794 1219 1230 421 1028 
1669911796 1208 1175 485 944 
1669911798 1219 1230 425 946 
1669911800 1186 1091 455 934 
1669911802 1205 1279 449 1057 
1669911804 1202 1160 490 1015 
1669911806 1208 1082 464 941 
1669911808 1186 1147 465 1006 
1669911810 1214 1158 477 962 
1669911812 1129 1063 452 1014 
1669911814 1207 1134 491 1043 
1669911816 1220 1174 489 1018 
1669911818 1219 1238 484 1045 
1669911820 1205 1154 415 1032 
1669911822 1163 1158 474 1034 
1669911824 1174 1258 475 1034 
1669911826 1183 1238 489 1014 
1669911828 1199 1259 463 1001 
1669911830 1209 1251 465 1033 
1669911832 1202 1135 478 1014 
1669911834 1191 1165 452 954 
1669911836 1128 1251 469 996 
1669911838 1188 1253 467 1017 
1669911840 1183 1256 417 1004 
1669911842 1188 1166 428 1042 
1669911844 1218 1167 464 1047 
1669911846 1221 1230 469 1014 
1669911848 1193 1160 477 971 
1669911850 1273 1270 502 1049 
1669911852 1192 1241 481 1011 
1669911854 1199 1245 485 1027 
1669911856 1210 1265 470 1025 
1669911858 1220 1235 486 962 
1669911860 1226 1263 468 879 
1669911862 1209 1270 484 1027 
1669911864 1133 1155 404 997 
1669911866 1182 1166 422 1033 
1669911868 1191 1239 478 1043 
1669911870 1127 1222 486 924 
1669911872 1194 1176 491 1034 
1669911874 1190 1264 429 1038 
1669911876 1198 1248 472 1026 
1669911878 1179 1252 492 939 
1669911880 1215 1170 492 1048 
1669911882 1187 1147 459 998 
1669911884 1225 1231 485 1026 
1669911886 1193 1219 455 1004 
1669911888 1184 1255 470 1022 
1669911890 1196 1167 476 965 
1669911892 1192 1241 415 1016 
1669911894 1208 1146 471 1018 
1669911896 1195 1254 399 1001 
1669911898 1133 1229 400 932 
1669911900 1185 1252 494 1036 
1669911902 1165 1144 395 1034 
1669911904 1216 1274 478 1039 
1669911906 1134 1160 463 1024 
1669911908 1161 1251 465 1020 
1669911910 1220 1245 476 944 
1669911912 1170 1175 479 1024 
1669911914 1196 1165 487 948 
1669911916 1208 1193 460 920 
1669911918 1187 1221 459 1004 
1669911920 1226 1228 482 951 
1669911922 1166 1253 478 1036 
1669911924 1211 1244 470 1013 
1669911926 1129 1223 470 1009 
1669911928 1165 1150 470 1042 
1669911930 1180 1165 472 924 
1669911932 1206 1136 487 1036 
1669911934 1215 1217 481 1027 
1669911936 1189 1238 394 1034 
1669911938 1171 1230 418 946 
1669911940 1213 1243 482 1023 
1669911942 1208 1262 500 889 
1669911944 1203 1156 418 934 
1669911946 1199 1063 472 1009 
1669911948 1223 1135 460 882 
1669911950 1221 1260 479 1025 
1669911952 1130 1153 477 1028 
1669911954 1192 1236 464 1015 
1669911956 1195 1066 413 994 
1669911958 1133 1236 414 940 
1669911960 1132 1136 407 1007 
1669911962 1191 1240 483 1031 
1669911964 1186 1256 476 930 
1669911966 1220 1257 486 1047 
1669911968 1217 1257 476 959 
1669911970 1190 1140 485 1013 
1669911972 1206 1160 478 1011 
1669911974 1195 1253 409 951 
1669911976 1212 1088 476 951 
1669911978 1224 1267 487 952 
1669911980 1221 1169 484 1035 
1669911982 1230 1253 458 1026 
1669911984 1189 1222 419 1002 
1669911986 1219 1251 490 1043 
1669911988 1204 1080 490 1019 
1669911990 1215 1164 489 874 
1669911992 1134 1131 407 1005 
1669911994 1194 1136 421 1029 
1669911996 1185 1249 469 1016 
1669911998 1188 1173 479 942 
1669912000 1109 1237 474 1018 
1669912002 1201 1158 492 1013 
1669912004 1194 1160 455 1040 
1669912006 1221 1242 485 1040 
1669912008 1199 1217 412 1016 
1669912010 1165 1221 459 1000 
1669912012 1215 1163 491 1022 
1669912014 1182 1243 482 1025 
1669912016 1186 1076 488 1040 
1669912018 1189 1247 464 1021 
1669912020 1214 1267 462 962 
1669912022 1219 1257 485 1016 
1669912024 1207 1157 475 1010 
1669912026 1211 1216 419 1028 
1669912028 1210 1263 467 1033 
1669912030 1181 1135 482 877 
1669912032 1205 1252 489 1033 
1669912034 1131 1233 474 950 
1669912036 1202 1256 488 1019 
1669912038 1208 1084 413 1017 
1669912040 1214 1268 478 1038 
1669912042 1162 1242 497 1003 
1669912044 1178 1264 474 1037 
1669912046 1217 1253 456 960 
1669912048 1194 1184 426 999 
1669912050 1183 1143 400 928 
1669912052 1130 1169 458 941 
1669912054 1184 1158 494 1054 
1669912056 1199 1066 469 1005 
1669912058 1211 1247 470 964 
1669912060 1210 1151 460 1026 
1669912062 1217 1131 472 1051 
1669912064 1200 1229 413 1036 
1669912066 1210 1231 481 1022 
1669912068 1108 1230 488 1017 
1669912070 1214 1148 484 1010 
1669912072 1165 1226 413 991 
1669912074 1207 1223 477 1020 
1669912076 1202 1239 461 950 
1669912078 1198 1248 490 1036 
1669912080 1186 1171 470 947 
1669912082 1222 1237 476 877 
1669912084 1200 1076 412 1001 
1669912086 1212 1173 407 1001 
1669912088 1198 1256 500 1021 
1669912090 1224 1172 485 1023 
1669912092 1190 1164 473 1007 
1669912094 1203 1244 480 1021 
1669912096 1225 1263 479 1011 
1669912098 1217 1239 412 1031 
1669912100 1201 1218 478 1019 
1669912102 1193 1254 468 1037 
1669912104 1198 1142 487 1033 
1669912106 1214 1165 471 1017 
1669912108 1132 1225 454 951 
1669912110 1212 1138 463 1025 
1669912112 1184 1171 400 1019 
1669912114 1216 1223 466 1043 
1669912116 1213 1246 401 992 
1669912118 1197 1152 421 1015 
1669912120 1203 1254 413 1013 
1669912122 1213 1236 423 1029 
1669912124 1187 1255 473 1040 
1669912126 1223 1258 492 1025 
1669912128 1194 1177 463 1008 
1669912130 1190 1252 489 1016 
1669912132 1189 1229 471 1011 
1669912134 1196 1261 481 1008 
1669912136 1191 1219 470 1013 
1669912138 1208 1138 491 1034 
1669912140 1220 1238 476 1027 
1669912142 1215 1140 493 1035 
1669912144 1132 1237 404 999 
1669912146 1199 1165 484 1028 
1669912148 1184 1169 399 1023 
1669912150 1214 1077 459 1015 
1669912152 1192 1127 460 1014 
1669912154 1189 1168 469 949 
1669912156 1219 1126 487 1032 
1669912158 1195 1155 480 1033 
1669912160 1194 1243 469 1013 
1669912162 1212 1072 415 1027 
1669912164 1208 1171 485 1023 
1669912166 1191 1239 489 1033 
1669912168 1127 1220 391 1021 
1669912170 1202 1166 499 1038 
1669912172 1190 1255 478 945 
1669912174 1130 1171 471 934 
1669912176 1187 1237 466 928 
1669912178 1208 1163 460 1012 
1669912180 1219 1247 476 1022 
1669912182 1204 1251 414 1015 
1669912184 1224 1143 481 1011 
1669912186 1226 1164 494 970 
1669912188 1196 1268 421 1001 
1669912190 1213 1256 488 1038 
1669912192 1224 1182 484 1036 
1669912194 1192 1076 482 1040 
1669912196 1168 1146 472 1028 
1669912198 1214 1171 402 926 
1669912200 1217 1228 491 1031 
1669912202 1191 1243 462 957 
1669912204 1182 1162 477 1027 
1669912206 1202 1145 473 1025 
1669912208 1132 1151 468 1019 
1669912210 1218 1179 406 1021 
1669912212 1209 1242 494 946 
1669912214 1221 1157 477 1033 
1669912216 1215 1138 498 960 
1669912218 1194 1235 455 991 
1669912220 1204 1257 459 1017 
1669912222 1191 1167 463 1018 
1669912224 1194 1158 498 1048 
1669912226 1216 1157 483 1038 
1669912228 1224 1258 429 1020 
1669912230 1221 1166 481 934 
1669912232 1228 1237 460 1009 
1669912234 1227 1120 421 1024 
1669912236 1204 1165 485 1022 
1669912238 1196 1156 457 1032 
1669912240 1217 1241 487 1040 
1669912242 1205 1257 415 1043 
1669912244 1176 1248 474 1003 
1669912246 1227 1244 392 1035 
1669912248 1216 1076 391 1016 
1669912250 1166 1245 487 948 
1669912252 1160 1258 482 1023 
1669912254 1182 1162 415 1021 
1669912256 1225 1243 486 1056 
1669912258 1180 1162 468 1027 
1669912260 1192 1260 402 1023 
1669912262 1169 1242 485 1029 
1669912264 1219 1256 493 1032 
1669912266 1196 1171 471 1035 
1669912268 1133 1241 471 1007 
1669912270 1203 1244 476 962 
1669912272 1187 1252 406 1001 
1669912274 1212 1163 477 1006 
1669912276 1129 1218 410 1018 
1669912278 1179 1254 490 1023 
1669912280 1193 1259 460 1010 
1669912282 1218 1062 472 926 
1669912284 1225 1233 487 1031 
1669912286 1229 1262 479 1051 
1669912288 1138 1169 457 1007 
1669912290 1214 1236 492 964 
1669912292 1215 1255 466 952 
1669912294 1195 1252 487 1019 
1669912296 1223 1253 476 1036 
1669912298 1171 1073 473 993 
1669912300 1199 1164 477 1031 
1669912302 1204 1258 480 958 
1669912304 1179 1223 469 1019 
1669912306 1224 1168 418 1027 
1669912308 1209 1117 476 1013 
1669912310 1227 1224 489 943 
1669912312 1216 1172 409 991 
1669912314 1226 1261 483 1010 
1669912316 1194 1234 490 1026 
1669912318 1200 1257 464 969 
1669912320 1211 1258 494 1020 
1669912322 1228 1238 475 956 
1669912324 1222 1183 464 968 
1669912326 1209 1251 450 1016 
1669912328 1188 1254 481 1009 
1669912330 1219 1141 469 957 
1669912332 1218 1087 458 1032 
1669912334 1224 1233 454 1034 
1669912336 1191 1234 417 995 
1669912338 1191 1155 477 928 
1669912340 1140 1257 492 1012 
1669912342 1177 1224 463 1024 
1669912344 1202 1066 414 932 
1669912346 1211 1240 469 942 
1669912348 1193 1167 404 993 
1669912350 1211 1128 485 1035 
1669912352 1187 1232 394 1003 
1669912354 1193 1245 459 944 
1669912356 1192 1242 478 1043 
1669912358 1208 1226 484 1019 
1669912360 1211 1212 470 956 
1669912362 1206 1143 479 1010 
1669912364 1201 1150 468 1038 
1669912366 1211 1235 460 1038 
1669912368 1220 1256 473 1040 
1669912370 1228 1240 498 1032 
1669912372 1189 1075 463 992 
1669912374 1230 1078 466 1026 
1669912376 1203 1256 489 1048 
1669912378 1200 1261 464 1045 
1669912380 1226 1134 488 1041 
1669912382 1194 1160 406 942 
1669912384 1191 1153 412 1033 
1669912386 1202 1156 484 951 
1669912388 1218 1162 461 1021 
1669912390 1189 1163 467 1027 
1669912392 1211 1231 468 1032 
1669912394 1199 1226 480 959 
1669912396 1206 1147 459 1015 
1669912398 1221 1218 412 952 
1669912400 1179 1249 485 1014 
1669912402 1182 1247 476 1038 
1669912404 1229 1154 471 1018 
1669912406 1199 1254 474 1012 
1669912408 1196 1161 462 1012 
1669912410 1217 1129 462 1017 
1669912412 1205 1133 479 1020 
1669912414 1197 1235 479 1040 
1669912416 1168 1257 486 939 
1669912418 1219 1241 452 1021 
1669912420 1135 1236 411 1010 
1669912422 1186 1166 479 1044 
1669912424 1193 1171 477 1042 
1669912426 1214 1261 478 1031 
1669912428 1210 1242 481 948 
1669912430 1224 1140 493 957 
1669912432 1138 1071 442 1032 
1669912434 1226 1257 473 1043 
1669912436 1205 1238 417 1017 
1669912438 1230 1274 495 1025 
1669912440 1233 1156 410 1033 
1669912442 1200 1171 455 1023 
1669912444 1205 1240 405 1030 
1669912446 1139 1243 468 1035 
1669912448 1128 1155 460 1035 
1669912450 1218 1242 493 1021 
1669912452 1227 1256 489 1037 
1669912454 1194 1264 490 949 
1669912456 1222 1170 414 963 
1669912458 1202 1171 471 1026 
1669912460 1183 1266 415 992 
1669912462 1200 1187 461 939 
1669912464 1201 1235 409 1016 
1669912466 1109 1138 478 1008 
1669912468 1231 1241 417 949 
1669912470 1185 1250 478 918 
1669912472 1214 1233 462 1013 
1669912474 1184 1238 411 1018 
1669912476 1168 1167 449 999 
1669912478 1218 1253 465 1009 
1669912480 1134 1080 406 1021 
1669912482 1218 1247 462 964 
1669912484 1186 1248 470 1024 
1669912486 1220 1239 492 1015 
1669912488 1177 1218 450 1003 
1669912490 1191 1165 481 945 
1669912492 1235 1167 412 1052 
1669912494 1195 1156 429 1013 
1669912496 1129 1233 400 938 
1669912498 1191 1128 345 1005 
1669912500 1192 1226 488 955 
1669912502 1214 1178 484 961 
1669912504 1176 1246 395 1006 
1669912506 1219 1230 418 949 
1669912508 1198 1262 475 1015 
1669912510 1133 1146 489 1032 
1669912512 1192 1168 489 1036 
1669912514 1200 1084 460 926 
1669912516 1163 1157 460 1005 
1669912518 1213 1124 412 1026 
1669912520 1214 1155 450 933 
1669912522 1231 1226 495 1016 
1669912524 1213 1125 481 1022 
1669912526 1229 1161 487 1020 
1669912528 1206 1234 477 997 
1669912530 1232 1238 477 1013 
1669912532 1218 995 450 1002 
1669912534 1133 1142 412 1031 
1669912536 1202 1236 467 1031 
1669912538 1219 1236 472 1031 
1669912540 1131 1232 479 988 
1669912542 1179 1237 477 1033 
1669912544 1129 1218 483 962 
1669912546 1180 1270 481 1040 
1669912548 1189 1238 418 951 
1669912550 1193 1170 478 1046 
1669912552 1190 1271 482 1048 
1669912554 1221 1226 410 1044 
1669912556 1204 1220 464 930 
1669912558 1209 1262 488 1045 
1669912560 1193 1235 469 1014 
1669912562 1222 1272 469 1023 
1669912564 1204 1247 479 1013 
1669912566 1249 1097 490 1056 
1669912568 1224 1273 393 1026 
1669912570 1225 1252 468 952 
1669912572 1149 1258 475 1027 
1669912574 1203 1229 450 942 
1669912576 1250 1285 485 1050 
1669912578 1172 1154 494 997 
1669912580 1123 1213 461 924 
1669912582 1186 1239 484 1007 
1669912584 1135 1130 400 1025 
1669912586 1199 1226 465 1012 
1669912588 1223 1228 464 962 
1669912590 1225 1232 421 1029 
1669912592 1216 1234 486 957 
1669912594 1210 1178 479 955 
1669912596 1231 1256 350 1041 
1669912598 1125 1134 480 1038 
1669912600 1201 1245 476 966 
1669912602 1200 999 458 1028 
1669912604 1196 1162 471 1028 
1669912606 1202 1242 406 1037 
1669912608 1230 1265 498 1042 
1669912610 1223 1249 474 1017 
1669912612 1196 1269 462 1054 
1669912614 1219 1252 469 1047 
1669912616 1228 1086 460 934 
1669912618 1200 1162 413 1006 
1669912620 1211 1157 491 1036 
1669912622 1273 1251 459 1042 
1669912624 1216 1263 485 1035 
1669912626 1166 1246 473 1016 
1669912628 1123 1215 461 925 
1669912630 1198 1249 487 1014 
1669912632 1175 1223 480 1030 
1669912634 1181 1146 416 995 
1669912636 1195 1124 463 1008 
1669912638 1179 1120 485 1039 
1669912640 1178 1248 491 1024 
1669912642 1196 1170 351 1042 
1669912644 1227 1133 490 1075 
1669912646 1215 1185 394 1045 
1669912648 1237 1254 414 1043 
1669912650 1239 1256 465 1030 
1669912652 1253 1095 442 1041 
1669912654 1260 1194 459 1002 
1669912656 1232 1226 480 946 
1669912658 1200 1168 416 1011 
1669912660 1232 1245 469 1023 
1669912662 1239 1064 465 996 
1669912664 1191 1134 419 1017 
1669912666 1208 1136 421 1013 
1669912668 1097 1127 459 1011 
1669912670 1189 1157 480 1012 
1669912672 1186 1227 468 947 
1669912674 1177 1145 449 1019 
1669912676 1171 1124 415 1001 
1669912678 1191 1145 477 1009 
1669912680 1205 1116 492 1023 
1669912682 1200 1244 497 995 
1669912684 1115 1128 490 1020 
1669912686 1178 1156 479 998 
1669912688 1176 1204 470 948 
1669912690 1176 1156 482 909 
1669912692 1173 1211 465 990 
1669912694 1195 1243 413 995 
1669912696 1157 1207 483 1014 
1669912698 1185 1208 417 996 
1669912700 1197 1241 462 1007 
1669912702 1209 1247 413 999 
1669912704 1198 1235 486 1004 
1669912706 1182 1047 472 1017 
1669912708 1202 1133 477 1028 
1669912710 1162 1163 414 987 
1669912712 1114 1143 471 1024 
1669912714 1198 1260 470 1034 
1669912716 1169 1236 470 1061 
1669912718 1182 1252 396 951 
1669912720 1176 1173 468 1042 
1669912722 1204 1169 480 966 
1669912724 1165 1135 485 967 
1669912726 1216 1147 477 1061 
1669912728 1234 1071 467 1034 
1669912730 1199 1269 463 1033 
1669912732 1179 1240 481 1053 
1669912734 1208 1290 488 1058 
1669912736 1195 1181 457 1033 
1669912738 1223 1240 485 1034 
1669912740 1214 1247 477 1062 
1669912742 1195 1279 406 1062 
1669912744 1228 1285 469 1047 
1669912746 1143 1234 468 1028 
1669912748 1211 1173 460 1058 
1669912750 1204 1282 469 1055 
1669912752 1150 1183 453 1049 
1669912754 1189 1159 395 1029 
1669912756 1245 1164 424 973 
1669912758 1164 1188 482 960 
1669912760 1242 1263 474 903 
1669912762 1255 1263 483 1053 
1669912764 1238 1188 346 1045 
1669912766 1169 1247 462 1017 
1669912768 1241 1259 465 1014 
1669912770 1269 1261 470 1054 
1669912772 1264 1297 492 1036 
1669912774 1235 1273 466 1015 
1669912776 1235 1153 476 870 
1669912778 1232 1185 488 1038 
1669912780 1205 1269 460 1005 
1669912782 1223 1255 395 938 
1669912784 1261 1249 461 1016 
1669912786 1143 1134 482 1000 
1669912788 1252 1167 461 948 
1669912790 1258 1260 467 1003 
1669912792 1262 1254 481 1014 
1669912794 1268 1182 486 1052 
1669912796 1233 1272 480 1024 
1669912798 1239 1166 460 887 
1669912800 1276 1294 418 1055 
1669912802 1251 1253 454 1033 
1669912804 1242 1164 458 1057 
1669912806 1226 1184 464 1064 
1669912808 1224 1203 474 1055 
1669912810 1161 1262 477 1044 
1669912812 1222 1203 486 1064 
1669912814 1233 1244 475 1040 
1669912816 1196 1271 458 1085 
1669912818 1185 1276 471 984 
1669912820 1204 1269 467 1028 
1669912822 1166 1236 484 1040 
1669912824 1201 1257 484 1070 
1669912826 1207 1234 492 1068 
1669912828 1117 1231 465 1016 
1669912830 1117 1232 467 1022 
1669912832 1176 1151 470 973 
1669912834 1171 1139 468 952 
1669912836 1187 1246 489 1030 
1669912838 1199 1147 476 1073 
1669912840 1186 1126 489 1062 
1669912842 1202 1233 469 968 
1669912844 1177 1249 487 1030 
1669912846 1160 1158 413 1021 
1669912848 1175 1240 478 1022 
1669912850 1207 1160 418 1008 
1669912852 1204 1141 468 939 
1669912854 1208 1166 485 1019 
1669912856 1176 1125 405 1004 
1669912858 1177 1113 464 998 
1669912860 1180 1129 467 919 
1669912862 1190 1127 459 1001 
1669912864 1237 1228 465 919 
1669912866 1227 1247 472 949 
1669912868 1233 1252 480 1041 
1669912870 1261 1174 473 1057 
1669912872 1224 1293 411 1061 
1669912874 1236 1025 436 1049 
1669912876 1177 1150 477 1071 
1669912878 1209 1129 470 984 
1669912880 1200 1254 424 946 
1669912882 1186 1233 490 1038 
1669912884 1173 1135 474 1003 
1669912886 1109 1052 474 907 
1669912888 1191 1205 457 1024 
1669912890 1171 1234 479 1023 
1669912892 1182 1135 475 1003 
1669912894 1181 1146 416 1026 
1669912896 1214 1151 485 1003 
1669912898 1245 1254 494 936 
1669912900 1176 1195 440 1024 
1669912902 1264 1173 468 1057 
1669912904 1232 1277 483 956 
1669912906 1250 1194 464 1077 
1669912908 1208 1247 460 1084 
1669912910 1194 1245 480 1071 
1669912912 1111 1115 405 1014 
1669912914 1177 1113 461 1011 
1669912916 1201 1243 414 1002 
1669912918 1176 1220 420 1008 
1669912920 1174 1227 483 1002 
1669912922 1194 1245 471 1024 
1669912924 1158 1124 419 1012 
1669912926 1175 1213 470 940 
1669912928 1220 1254 422 855 
1669912930 1230 1152 484 1022 
1669912932 1267 1244 469 1004 
1669912934 1251 1256 469 1011 
1669912936 1231 1276 420 1054 
1669912938 1163 1258 387 969 
1669912940 1221 1181 460 1080 
1669912942 1191 1263 471 1054 
1669912944 1180 1151 465 1004 
1669912946 1181 1109 478 926 
1669912948 1200 1150 476 1022 
1669912950 1095 1192 392 997 
1669912952 1172 1221 478 1034 
1669912954 1178 1244 473 1018 
1669912956 1167 1109 473 987 
1669912958 1186 1138 490 1034 
1669912960 1121 1112 463 1004 
1669912962 1218 1242 500 1022 
1669912964 1221 1162 405 986 
1669912966 1224 1081 461 995 
1669912968 1247 1168 455 1013 
1669912970 1235 1271 455 1025 
1669912972 1236 1173 456 977 
1669912974 1227 1190 412 1056 
1669912976 1243 1250 484 980 
1669912978 1205 1179 454 1070 
1669912980 1185 1276 346 1053 
1669912982 1199 1225 481 970 
1669912984 1158 1216 479 1010 
1669912986 1163 1132 481 938 
1669912988 1166 1261 466 936 
1669912990 1176 1048 478 907 
1669912992 1201 1138 489 995 
1669912994 1195 1056 481 979 
1669912996 1186 1158 490 1040 
1669912998 1192 1170 464 1013 
1669913000 1201 1057 473 980 
1669913002 1162 1213 455 996 
1669913004 1214 1242 470 956 
1669913006 1140 1223 457 999 
1669913008 1221 1261 477 988 
1669913010 1206 1155 452 997 
1669913012 1250 1165 461 1015 
1669913014 1260 1251 471 1044 
1669913016 1251 1244 396 1036 
1669913018 1244 1189 455 1027 
1669913020 1259 1184 470 1074 
1669913022 1198 1198 415 967 
1669913024 1180 1258 412 954 
1669913026 1187 1232 466 1055 
1669913028 1180 1236 486 1045 
1669913030 1202 1240 491 1046 
1669913032 1171 1224 478 1044 
1669913034 1179 1118 485 1009 
1669913036 1200 1240 473 871 
1669913038 1093 1223 457 972 
1669913040 1182 1044 482 938 
1669913042 1185 1107 477 984 
1669913044 1207 1118 469 1026 
1669913046 1188 1140 470 1029 
1669913048 1206 1063 471 988 
1669913050 1205 1130 462 1034 
1669913052 1186 1152 471 938 
1669913054 1213 1120 486 1024 
1669913056 1212 1067 457 990 
1669913058 1215 1229 484 999 
1669913060 1235 1239 458 1007 
1669913062 1242 1188 480 995 
1669913064 1244 1286 464 957 
1669913066 1258 1265 480 941 
1669913068 1254 1166 469 1040 
1669913070 1235 1100 400 1024 
1669913072 1245 1279 447 1047 
1669913074 1232 1259 473 1062 
1669913076 1218 1177 469 1054 
1669913078 1194 1189 463 1031 
1669913080 1219 1230 490 1077 
1669913082 1202 1142 469 1074 
1669913084 1199 1148 492 963 
1669913086 1178 1168 483 1014 
1669913088 1177 1233 482 949 
1669913090 1171 1131 493 1025 
1669913092 1180 1145 454 932 
1669913094 1220 1244 474 1029 
1669913096 1205 1052 408 1016 
1669913098 1189 1114 486 947 
1669913100 1208 1143 485 996 
1669913102 1218 1134 418 1000 
1669913104 1189 1143 476 1032 
1669913106 1125 1180 430 892 
1669913108 1164 1123 397 952 
1669913110 964 1044 393 880 
1669913112 1222 1382 638 1213 
1669913114 828 1355 705 935 
1669913116 964 1127 403 949 
1669913118 1154 1306 450 977 
1669913120 1167 1297 454 897 
1669913122 1221 1269 440 993 
1669913124 1318 1142 341 886 
1669913126 1254 1240 958 874 
1669913128 1205 1255 410 999 
1669913130 1197 1244 481 956 
1669913132 1243 1171 477 906 
1669913134 1246 1246 416 978 
1669913136 1223 1168 478 1030 
1669913138 1142 1168 449 1008 
1669913140 1241 1242 408 1039 
1669913142 1246 1265 452 1028 
1669913144 1240 1239 404 1014 
1669913146 1225 1238 396 942 
1669913148 1217 1264 419 1004 
1669913150 1237 1231 471 1002 
1669913152 1229 1217 492 1019 
1669913154 1255 1235 505 1018 
1669913156 1200 1145 472 1008 
1669913158 1242 1142 476 1027 
1669913160 1232 1257 471 1022 
1669913162 1224 1228 406 1021 
1669913164 1231 1247 420 940 
1669913166 1220 1256 501 999 
1669913168 1215 1161 462 993 
1669913170 1239 1131 467 987 
1669913172 1208 1089 501 1028 
1669913174 1170 1166 490 1027 
1669913176 1906 1385 765 1191 
1669913178 2763 1448 2165 742 
1669913180 1671 886 1992 649 
1669913182 1227 1419 702 1321 
1669913184 595 760 838 603 
1669913186 2548 2169 3715 1229 
1669913188 3677 2463 3595 2117 
1669913190 359 391 297 545 
1669913192 2003 1420 628 1174 
1669913194 945 1123 442 736 
1669913196 1620 1347 807 1201 
1669913198 1351 1200 778 1067 
1669913200 1586 707 844 487 
1669913202 2992 2493 1228 2319 
1669913204 1475 1175 751 1068 
1669913206 1422 1065 524 771 
1669913208 578 985 388 778 
1669913210 1275 1117 451 920 
1669913212 1431 1285 769 1014 
1669913214 771 958 321 841 
1669913216 1237 1130 306 846 
1669913218 1441 1237 563 968 
1669913220 1340 1224 511 921 
1669913222 584 967 462 893 
1669913224 1772 1504 554 1648 
1669913226 1498 1127 414 914 
1669913228 3566 3291 2741 3142 
1669913230 1087 1168 404 1007 
1669913232 1765 1297 543 1118 
1669913234 1701 1359 408 1134 
1669913236 2099 1758 1527 1865 
1669913238 2833 1935 2148 1888 
1669913240 613 676 594 708 
1669913242 1374 1128 1238 1256 
1669913244 1701 1364 1810 1450 
1669913246 2082 1552 1774 1641 
1669913248 1524 1026 716 918 
1669913250 2454 1797 2338 1570 
1669913252 1806 1134 357 957 
1669913254 1641 928 260 794 
1669913256 2756 1712 338 1523 
1669913258 500 830 468 638 
1669913260 866 777 264 412 
1669913262 1630 1358 602 1277 
1669913264 2190 1548 1416 1522 
1669913266 408 637 338 662 
1669913268 548 713 485 754 
1669913270 1963 1652 1621 1431 
1669913272 1454 1240 627 1137 
1669913274 1974 1627 1006 1467 
1669913276 1011 1097 716 889 
1669913278 792 864 312 744 
1669913280 2596 1966 1313 1733 
1669913282 1692 1363 952 1264 
1669913284 638 934 589 845 
1669913286 644 819 323 579 
1669913288 2400 1787 1833 1593 
1669913290 1205 1174 972 1030 
1669913292 1028 1206 400 1035 
1669913294 465 937 422 814 
1669913296 946 725 932 593 
1669913298 1832 1420 1267 1257 
1669913300 1741 1490 1000 1315 
1669913302 597 810 490 806 
1669913304 728 1018 733 798 
1669913306 826 1183 350 1077 
1669913308 1071 1215 694 1001 
1669913310 890 1000 859 622 
1669913312 856 1057 806 849 
1669913314 1024 1160 575 1042 
1669913316 724 920 404 888 
1669913318 1238 1177 486 1092 
1669913320 1195 1213 515 951 
1669913322 1164 1200 417 961 
1669913324 902 1081 408 840 
1669913326 1078 1120 426 1016 
1669913328 1281 1293 451 993 
1669913330 1268 1266 409 1020 
1669913332 1100 1087 480 856 
1669913334 1145 1267 397 1047 
1669913336 1265 1201 749 1091 
1669913338 1253 1158 453 1013 
1669913340 1561 1170 594 1102 
1669913342 1002 1034 326 817 
1669913344 856 1431 434 1282 
1669913346 1000 1134 626 1084 
1669913348 699 1124 445 900 
1669913350 1908 1613 1190 1417 
1669913352 1488 1292 484 1002 
1669913354 917 1004 327 817 
1669913356 1649 1437 842 1188 
1669913358 1236 1015 472 969 
1669913360 1217 1229 438 1016 
1669913362 1386 1247 588 1127 
1669913364 1114 983 425 937 
1669913366 1072 1212 440 993 
1669913368 456 616 306 532 
1669913370 1588 1352 673 1188 
1669913372 3001 2027 1464 1642 
1669913374 858 1090 361 984 
1669913376 1120 1128 629 995 
1669913378 1193 1257 635 1072 
1669913380 981 1161 348 873 
1669913382 1528 1474 1256 1245 
1669913384 895 701 1598 706 
1669913386 1227 1230 541 1977 
1669913388 1389 1234 456 1153 
1669913390 1298 1264 486 1010 
1669913392 1989 1233 949 1135 
1669913394 2241 1489 382 1179 
1669913396 1797 1369 482 1084 
1669913398 1881 1190 638 838 
1669913400 2124 873 2143 823 
1669913402 1197 1233 982 1062 
1669913404 427 1005 348 962 
1669913406 1032 1073 1146 929 
1669913408 995 1656 335 1701 
1669913410 1546 1100 760 877 
1669913412 1213 1211 1174 833 
1669913414 907 1112 394 811 
1669913416 2444 1710 2558 1455 
1669913418 803 950 403 899 
1669913420 1415 1142 801 972 
1669913422 1510 1147 628 1099 
1669913424 428 394 886 619 
1669913426 1933 1612 721 1548 
1669913428 1650 1263 2110 1091 
1669913430 1356 1747 472 1436 
1669913432 1328 1294 548 1288 
1669913434 1531 1360 932 1157 
1669913436 1313 1141 634 933 
1669913438 1070 1252 595 1040 
1669913440 1133 1149 546 917 
1669913442 1142 1248 279 934 
1669913444 1629 1265 1415 870 
1669913446 1628 1304 814 1195 
1669913448 1374 1230 630 1165 
1669913450 1490 1135 460 1014 
1669913452 1371 1220 595 1095 
1669913454 1240 1187 811 970 
1669913456 1016 1048 560 1015 
1669913458 433 758 1111 578 
1669913460 1355 1326 592 1124 
1669913462 1652 1348 439 1114 
1669913464 1256 1177 575 1006 
1669913466 1318 1067 609 1032 
1669913468 1357 1262 506 1038 
1669913470 1069 1215 395 996 
1669913472 1097 1221 429 987 
1669913474 406 684 329 474 
1669913476 1571 1388 990 1172 
1669913478 3178 1621 3354 1425 
1669913480 1025 907 936 778 
1669913482 938 1019 878 866 
1669913484 2366 1675 1417 1447 
1669913486 985 1103 862 928 
1669913488 678 844 369 993 
1669913490 1092 1304 942 1259 
1669913492 1991 1391 780 1078 
1669913494 681 999 574 841 
1669913496 1054 1157 627 955 
1669913498 1581 1329 580 1116 
1669913500 399 735 357 634 
1669913502 781 1219 717 1050 
1669913504 2595 2014 1927 1384 
1669913506 1459 1268 423 1199 
1669913508 574 859 657 674 
1669913510 2127 1477 572 1401 
1669913512 1012 892 669 613 
1669913514 1712 1443 1269 1425 
1669913516 454 540 379 598 
1669913518 1808 1661 903 1433 
1669913520 813 815 370 746 
1669913522 1409 1304 1676 1305 
1669913524 869 884 621 893 
1669913526 2785 1849 2584 1510 
1669913528 905 1341 1547 1021 
1669913530 1245 1159 764 1021 
1669913532 1697 1271 895 924 
1669913534 1562 1247 463 1134 
1669913536 1376 1143 434 1317 
1669913538 1069 1087 343 965 
1669913540 1041 1198 569 949 
1669913542 778 2789 416 3386 
1669913544 1157 1140 2110 1441 
1669913546 525 510 1388 556 
1669913548 2109 1085 676 1180 
1669913550 538 488 492 708 
1669913552 3545 3283 3556 2074 
1669913554 1437 1383 1097 1165 
1669913556 1427 1447 654 1277 
1669913558 430 944 339 1171 
1669913560 2199 1227 645 1032 
1669913562 1061 1212 560 920 
1669913564 1424 1236 654 1039 
1669913566 1386 1082 413 936 
1669913568 2276 1546 983 1245 
1669913570 1525 1120 425 985 
1669913572 1464 1202 707 961 
1669913574 969 1118 485 874 
1669913576 2342 1513 1064 1075 
1669913578 515 667 393 561 
1669913580 1178 1418 304 1205 
1669913582 1688 1457 756 1141 
1669913584 1145 1088 402 1009 
1669913586 1287 1260 439 980 
1669913588 1229 1092 513 897 
1669913590 975 1178 320 964 
1669913592 1099 1181 515 1057 
1669913594 1079 1207 434 897 
1669913596 1265 1130 467 939 
1669913598 1209 1057 483 1009 
1669913600 1414 1317 635 1073 
1669913602 1074 1279 512 1017 
1669913604 1256 1268 389 1004 
1669913606 1250 1201 615 1034 
1669913608 858 1066 505 775 
1669913610 2515 1627 776 1330 
1669913612 1146 1228 452 1005 
1669913614 1841 1605 510 1273 
1669913616 1112 1246 609 1001 
1669913618 1100 992 474 856 
1669913620 1307 1280 551 1015 
1669913622 964 1036 430 935 
1669913624 1149 1243 454 950 
1669913626 1392 1255 580 1111 
1669913628 1327 1341 573 1130 
1669913630 698 1068 359 1081 
1669913632 1400 1196 774 890 
1669913634 1070 1166 398 975 
1669913636 1701 1971 230 1456 
1669913638 1997 1278 1115 1087 
1669913640 1058 1106 1170 1009 
1669913642 1065 1076 562 877 
1669913644 2029 1587 697 1330 
1669913646 744 893 814 721 
1669913648 2143 1546 1628 1380 
1669913650 1316 1174 577 896 
1669913652 1628 1364 627 1039 
1669913654 1466 1314 553 1069 
1669913656 1115 1192 376 990 
1669913658 1326 1289 515 1050 
1669913660 1362 1116 515 1029 
1669913662 1426 1323 564 1102 
1669913664 1136 1272 463 1039 
1669913666 1253 1168 341 1051 
1669913668 1138 1140 456 903 
1669913670 1162 1217 506 974 
1669913672 1574 1370 534 1077 
1669913674 1004 1169 471 961 
1669913676 1421 1211 549 1058 
1669913678 1216 1169 471 1036 
1669913680 1532 1256 462 1107 
1669913682 943 1102 462 928 
1669913684 1369 1194 487 1080 
1669913686 1300 1204 525 1052 
1669913688 1295 1177 544 1081 
1669913690 1165 1226 472 1017 
1669913692 1379 1285 434 1059 
1669913694 1408 1299 550 1076 
1669913696 1196 1166 509 1025 
1669913698 1161 1224 530 999 
1669913700 2274 1343 805 939 
1669913702 1328 1214 424 954 
1669913704 388 1362 345 1469 
1669913706 1172 1199 394 1054 
1669913708 1534 1096 615 782 
1669913710 784 1176 433 1039 
1669913712 1654 1186 565 969 
1669913714 1598 1292 728 1082 
1669913716 1225 1331 676 1143 
1669913718 1419 1236 894 1169 
1669913720 1383 1183 887 1050 
1669913722 601 1089 536 749 
1669913724 2293 1539 1284 1378 
1669913726 678 624 733 555 
1669913728 1251 1516 399 1360 
1669913730 2204 2029 308 2235 
1669913732 407 1565 342 2822 
1669913734 2005 3141 308 3110 
1669913736 1228 1251 459 1386 
1669913738 823 1179 443 1178 
1669913740 1623 795 619 662 
1669913742 966 1010 530 819 
1669913744 1276 1482 361 1300 
1669913746 805 1091 401 1154 
1669913748 453 358 692 398 
1669913750 1712 2418 387 2564 
1669913752 1336 1383 514 1173 
1669913754 954 1138 449 893 
1669913756 1794 1452 752 1189 
1669913758 1351 1142 532 943 
1669913760 1345 1166 493 1045 
1669913762 1332 1206 471 1051 
1669913764 1343 1298 568 955 
1669913766 1243 1058 434 989 
1669913768 1295 1254 482 1054 
1669913770 1211 1225 561 1135 
1669913772 1305 1256 460 1049 
1669913774 1380 1189 589 1053 
1669913776 1257 1284 455 1055 
1669913778 1581 1364 426 1010 
1669913780 1520 1217 473 1092 
1669913782 947 1047 566 972 
1669913784 954 1132 375 1080 
1669913786 1525 1283 702 1061 
1669913788 985 1137 807 984 
1669913790 1381 1328 423 1089 
1669913792 1449 1329 591 1145 
1669913794 1387 1283 562 946 
1669913796 1329 1220 580 1098 
1669913798 1126 1056 442 946 
1669913800 1310 1292 569 1077 
1669913802 1371 1179 603 1038 
1669913804 1322 1248 539 1046 
1669913806 1357 1288 548 1042 
1669913808 1277 1246 467 953 
1669913810 1319 1085 475 1020 
1669913812 1490 1250 563 1059 
1669913814 1343 1186 520 959 
1669913816 1442 1300 634 1063 
1669913818 1948 1500 807 1094 
1669913820 966 1181 539 1063 
1669913822 1141 1128 498 1066 
1669913824 998 1134 457 1084 
1669913826 1054 1172 623 989 
1669913828 1140 1239 683 935 
1669913830 1695 1374 843 1086 
1669913832 1228 1282 521 1037 
1669913834 1357 1338 583 1033 
1669913836 1272 1240 524 1099 
1669913838 1144 1244 569 1025 
1669913840 1329 1279 540 982 
1669913842 867 1119 439 952 
1669913844 1368 1257 551 1077 
1669913846 1404 1223 597 1054 
1669913848 1363 1344 582 1093 
1669913850 919 1027 387 961 
1669913852 1258 1236 548 1094 
1669913854 742 1167 338 1010 
1669913856 1442 1304 730 1090 
1669913858 1484 1266 584 986 
1669913860 1106 1232 504 950 
1669913862 1375 1217 514 1028 
1669913864 1210 1178 384 1016 
1669913866 959 1057 410 946 
1669913868 1501 1310 695 1067 
1669913870 1201 1163 486 1042 
1669913872 1207 1177 909 795 
1669913874 1046 1284 368 1233 
1669913876 1077 1261 515 1116 
1669913878 1285 1282 561 1051 
1669913880 1240 1271 552 1039 
1669913882 1131 1169 437 1035 
1669913884 1327 1116 669 1065 
1669913886 1388 1191 637 1049 
1669913888 1408 1362 558 1116 
1669913890 1313 1178 560 1002 
1669913892 1607 1337 720 1076 
1669913894 1223 1294 508 1069 
1669913896 1110 1185 589 1056 
1669913898 1344 1372 581 1136 
1669913900 1341 1336 594 1028 
1669913902 1175 1163 521 1088 
1669913904 1257 1305 570 1144 
1669913906 1280 1317 543 1061 
1669913908 1278 1153 558 1087 
1669913910 1416 1346 663 1087 
1669913912 1305 1192 479 1071 
1669913914 1364 1306 564 990 
1669913916 1340 1211 551 1035 
1669913918 1105 1094 522 925 
1669913920 1053 1238 453 1097 
1669913922 1163 1196 565 1077 
1669913924 1255 1251 503 1058 
1669913926 1257 1201 519 1096 
1669913928 1283 1256 544 997 
1669913930 1220 1271 512 983 
1669913932 1307 1362 430 1098 
1669913934 1294 1317 452 1101 
1669913936 1211 1184 628 1075 
1669913938 1416 1359 620 1046 
1669913940 1185 1260 508 1046 
1669913942 1228 1106 513 1037 
1669913944 1387 1293 608 1041 
1669913946 1247 1294 560 1082 
1669913948 1591 1419 741 1133 
1669913950 1265 1234 451 1039 
1669913952 1323 1207 563 1068 
1669913954 1289 1281 549 1081 
1669913956 1289 1311 533 1083 
1669913958 1246 1292 516 1062 
1669913960 1303 1300 539 1100 
1669913962 1186 1250 453 1045 
1669913964 1264 1291 522 1094 
1669913966 1463 1239 640 1154 
1669913968 1182 1279 735 1051 
1669913970 1394 1240 596 1124 
1669913972 1227 1269 546 925 
1669913974 1326 1217 578 1090 
1669913976 1208 1211 563 1077 
1669913978 1279 1273 563 1086 
1669913980 1317 1272 494 1078 
1669913982 1257 1174 579 1017 
1669913984 1334 1308 559 1063 
1669913986 1098 1195 869 861 
1669913988 1708 1436 702 1166 
1669913990 1651 1371 713 1109 
1669913992 1039 1109 481 966 
1669913994 1615 1298 728 1120 
1669913996 1324 1245 600 933 
1669913998 1432 1217 588 1015 
