1669914002 1033 1100 481 934 
1669914005 1256 1215 482 995 
1669914007 1213 1329 720 1099 
1669914009 1523 1489 627 1229 
1669914011 1073 420 1317 566 
1669914013 2872 3575 765 3568 
1669914015 837 1608 510 1720 
1669914017 1058 1258 522 1208 
1669914019 794 1142 407 1048 
1669914021 1547 1290 924 938 
1669914023 1140 1058 441 928 
1669914025 898 916 731 919 
1669914027 1144 1209 469 1040 
1669914029 1668 1175 739 935 
1669914031 1117 1281 900 990 
1669914033 723 1261 682 977 
1669914035 1047 1263 463 945 
1669914037 1420 1155 615 1045 
1669914039 1496 1194 613 1019 
1669914041 767 1046 418 796 
1669914043 1269 1327 567 1084 
1669914045 1325 1291 560 1089 
1669914047 1343 1222 495 1082 
1669914049 1305 1217 549 1083 
1669914051 1312 1202 496 979 
1669914053 1234 1256 431 1050 
1669914055 1153 1153 540 1087 
1669914057 1254 1208 571 1005 
1669914059 1283 1321 635 1079 
1669914061 1264 1217 556 993 
1669914063 1293 1261 562 1001 
1669914065 1407 1316 612 1062 
1669914067 1183 1283 555 1001 
1669914069 1283 1270 579 1056 
1669914071 1151 1146 437 1015 
1669914073 1109 1111 405 833 
1669914075 1132 1406 411 1240 
1669914077 1224 1240 536 1134 
1669914079 1235 1279 568 1097 
1669914081 1286 1276 544 1103 
1669914083 1287 1292 508 1012 
1669914085 1307 1288 521 1058 
1669914087 1488 1276 525 1084 
1669914089 1354 1224 555 1081 
1669914091 1331 1223 577 1070 
1669914093 1344 1199 564 974 
1669914095 359 1317 426 1316 
1669914097 932 938 574 802 
1669914099 1315 1153 864 886 
1669914101 865 1098 537 738 
1669914103 1128 1220 444 1023 
1669914105 1317 1347 503 1358 
1669914107 1577 1357 708 967 
1669914109 1504 1258 616 962 
1669914111 1775 1198 1862 923 
1669914113 1460 1175 630 864 
1669914115 1307 1246 491 1002 
1669914117 1293 1287 448 1257 
1669914119 1266 1313 514 1133 
1669914121 1271 1287 496 1099 
1669914123 1349 1181 494 1022 
1669914125 1462 1260 587 1073 
1669914127 938 1135 348 1067 
1669914129 1356 1328 585 1214 
1669914131 1403 1194 613 1119 
1669914133 1329 1279 619 1054 
1669914135 1364 1327 600 1163 
1669914137 1320 1064 445 1115 
1669914139 1288 1202 515 1154 
1669914141 1292 1278 566 1139 
1669914143 1284 1306 585 1120 
1669914145 1417 1254 625 1146 
1669914147 1250 1117 485 989 
1669914149 1462 1338 596 1062 
1669914151 1283 1200 439 1070 
1669914153 1170 1168 527 1068 
1669914155 1365 1189 670 1051 
1669914157 1280 1289 630 1109 
1669914159 1294 1138 575 1075 
1669914161 1253 1279 576 1111 
1669914163 1242 1137 549 1098 
1669914165 1233 1277 524 1101 
1669914167 1278 1182 558 1094 
1669914169 493 1054 448 1057 
1669914171 1404 1249 619 1123 
1669914173 1406 1299 598 983 
1669914175 1288 1340 648 1066 
1669914177 1332 1300 655 963 
1669914179 1261 1223 552 1087 
1669914181 1386 1276 688 990 
1669914183 1317 1320 571 969 
1669914185 1355 1186 601 1049 
1669914187 1349 1218 613 1108 
1669914189 1431 1319 735 1128 
1669914191 1200 1194 603 1102 
1669914193 1243 1247 593 1131 
1669914195 1194 1332 437 1118 
1669914197 1277 1321 569 1092 
1669914199 1186 1294 532 1082 
1669914201 1310 1238 538 1066 
1669914203 1304 1207 545 1085 
1669914205 1317 1314 625 1151 
1669914207 1287 1205 586 1124 
1669914209 1264 1324 525 1125 
1669914211 2460 1679 998 1382 
1669914213 1767 1248 513 1091 
1669914215 2390 1361 798 1016 
1669914217 1593 1277 546 1002 
1669914219 1264 1216 640 1028 
1669914221 1016 1293 513 1124 
1669914223 1104 1286 528 1088 
1669914225 1336 1224 700 989 
1669914227 1306 1180 586 990 
1669914229 1282 1283 531 1079 
1669914231 1396 1231 594 1114 
1669914233 501 887 449 1037 
1669914235 1265 1209 763 1163 
1669914237 1354 1140 562 1130 
1669914239 1328 1171 519 1055 
1669914241 3045 1615 1298 1309 
1669914243 2078 1360 750 1100 
1669914245 1605 1229 674 1101 
1669914247 1466 1283 690 1026 
1669914249 930 1093 359 971 
1669914251 470 1058 429 1033 
1669914253 3464 1892 2538 1504 
1669914255 404 1619 311 2851 
1669914257 660 473 568 1770 
1669914259 1038 973 588 1115 
1669914261 1397 1265 637 1129 
1669914263 1372 1204 587 1040 
1669914265 1483 1255 596 1028 
1669914267 1457 1234 532 1059 
1669914269 1208 1138 594 923 
1669914271 1324 1195 612 1057 
1669914273 1382 1259 564 1064 
1669914275 1450 1239 608 1051 
1669914277 1484 1199 655 1094 
1669914279 1317 1269 540 1060 
1669914281 1756 1344 1156 1162 
1669914283 1182 1297 596 1076 
1669914285 1303 1341 496 1111 
1669914287 1357 1232 524 940 
1669914289 2127 2597 314 1817 
1669914291 1921 1485 1817 672 
1669914293 2839 3127 2080 3062 
1669914295 1639 1171 687 1171 
1669914297 1930 1335 618 1213 
1669914299 1866 1346 606 1053 
1669914301 1846 1221 609 1093 
1669914303 1743 1193 578 1095 
1669914305 1620 1185 556 1092 
1669914307 1775 1362 692 1159 
1669914309 1670 1337 596 1126 
1669914311 1696 1347 646 1145 
1669914313 1616 1311 610 1105 
1669914315 1485 1316 527 1059 
1669914317 1480 1276 518 1072 
1669914319 1504 1300 597 1072 
1669914321 1443 1284 532 971 
1669914323 1297 1204 592 1043 
1669914325 1404 1211 611 1091 
1669914327 1380 1218 586 1074 
1669914329 1326 1317 579 1066 
1669914331 1353 1348 594 1120 
1669914333 1560 1256 832 1155 
1669914335 1360 1320 626 997 
1669914337 1361 1220 530 1062 
1669914339 1564 1395 711 1112 
1669914341 1332 1295 491 1048 
1669914343 1347 1299 552 1096 
1669914345 1199 1276 417 1049 
1669914347 1410 1371 636 1120 
1669914349 1389 1245 620 1112 
1669914351 1308 1363 528 1110 
1669914353 1289 1306 557 1100 
1669914355 1383 1220 549 1048 
1669914357 1325 1229 580 1090 
1669914359 1232 1111 486 1059 
1669914361 1364 1227 565 1123 
1669914363 1360 1344 607 1135 
1669914365 1374 1345 627 1105 
1669914367 1334 1357 601 1097 
1669914369 1275 1217 532 1095 
1669914371 1511 1306 716 1191 
1669914373 1385 1265 587 1071 
1669914375 1409 1205 557 1123 
1669914377 1302 1139 533 1086 
1669914379 1316 1330 579 1103 
1669914381 1351 1251 595 1092 
1669914383 1446 1273 669 1138 
1669914385 1257 1303 550 1093 
1669914387 1183 1269 463 1066 
1669914389 1157 1671 361 1160 
1669914391 1221 1231 582 1104 
1669914393 1294 1146 621 1057 
1669914395 1256 1201 555 1066 
1669914397 1387 1300 690 1076 
1669914399 1238 1255 633 1074 
1669914401 1145 1141 596 1060 
1669914403 1231 1321 593 1036 
1669914405 1416 1399 633 1133 
1669914407 1350 1383 611 1156 
1669914409 1002 1050 440 1019 
1669914411 1205 1283 585 1073 
1669914413 1263 1223 605 1119 
1669914415 1295 1293 649 1015 
1669914417 1365 1266 671 1106 
1669914419 1509 1968 531 1438 
1669914421 2057 886 2300 601 
1669914423 695 921 617 1139 
1669914425 1909 2503 825 1912 
1669914427 2824 2716 2944 2450 
1669914429 1674 1456 1379 1208 
1669914431 1014 1239 366 594 
1669914433 1614 1486 1674 1518 
1669914435 1136 1145 593 985 
1669914437 2241 1866 1669 2605 
1669914439 1800 1362 1570 1989 
1669914441 741 983 476 714 
1669914443 1721 1354 1551 1966 
1669914445 1328 1208 1300 1844 
1669914447 1977 1731 549 2175 
1669914449 2042 1656 1170 2085 
1669914451 2623 2118 1139 2248 
1669914453 2122 1396 575 1139 
1669914455 1968 1173 1101 1312 
1669914457 1789 1097 642 1163 
1669914459 1716 1055 563 1053 
1669914461 1695 1189 609 1037 
1669914463 1558 1079 883 1163 
1669914465 1549 1009 574 1093 
1669914467 1613 1212 979 1024 
1669914469 1549 1287 1326 1203 
1669914471 1917 1571 1539 2017 
1669914473 1051 1073 382 721 
1669914475 1502 1397 432 1354 
1669914477 1454 1188 657 1050 
1669914479 1355 1277 636 1085 
1669914481 1399 1310 593 1108 
1669914483 1410 1254 636 1092 
1669914485 1329 1243 706 1023 
1669914487 1031 1010 275 740 
1669914489 1233 1174 406 995 
1669914491 1877 1477 1180 1215 
1669914493 673 478 2840 578 
1669914495 1094 600 2413 548 
1669914497 968 1616 208 1597 
1669914499 1376 887 1028 1023 
1669914501 809 907 644 1071 
1669914503 2100 1402 1561 1168 
1669914505 562 914 474 1150 
1669914507 877 1040 721 971 
1669914509 1283 1175 386 1030 
1669914511 1367 1293 325 1050 
1669914513 1463 1898 946 902 
1669914515 1363 1572 630 1063 
1669914517 902 1137 499 1074 
1669914519 1218 1277 583 1129 
1669914521 1361 1250 629 1220 
1669914523 1385 1209 610 1148 
1669914525 1339 1207 638 1147 
1669914527 1353 1324 637 1135 
1669914529 1409 1349 616 1180 
1669914531 1415 1208 616 1150 
1669914533 1330 1298 586 1205 
1669914535 1378 1213 668 1097 
1669914537 1343 1304 515 1087 
1669914539 1149 1099 584 1022 
1669914541 1283 1226 953 1174 
1669914543 2116 1486 1596 1219 
1669914545 1709 1319 935 1040 
1669914547 1371 1216 617 906 
1669914549 1470 1390 657 1106 
1669914551 1416 1258 624 1159 
1669914553 1633 1356 705 1126 
1669914555 1115 1015 747 969 
1669914557 1322 1252 632 1089 
1669914559 1298 1227 603 1084 
1669914561 1299 1263 651 1012 
1669914563 921 1250 462 1158 
1669914565 1891 1506 1065 1406 
1669914567 1269 1167 698 1091 
1669914569 1696 1335 790 1114 
1669914571 1794 1422 958 990 
1669914573 1119 1154 536 964 
1669914575 1960 1566 1924 1264 
1669914577 3708 2671 3699 2133 
1669914579 3632 2197 258 1845 
1669914581 411 820 1108 501 
1669914583 3722 3341 1340 2764 
1669914585 3670 3495 2614 3441 
1669914587 504 648 1509 970 
1669914589 1040 924 575 1167 
1669914591 1862 1438 328 1275 
1669914593 1748 1371 504 1056 
1669914595 1725 1399 624 1048 
1669914597 1479 1247 621 1343 
1669914599 1757 1280 252 869 
1669914601 2540 1569 749 1248 
1669914603 1808 1343 609 1049 
1669914605 1543 1196 682 987 
1669914607 852 1095 352 929 
1669914609 317 1222 589 1125 
1669914611 413 408 1184 466 
1669914613 1554 1585 697 1596 
1669914615 141 1680 2505 1940 
1669914617 1481 1239 815 1378 
1669914619 1266 1103 470 1075 
1669914621 1133 1079 807 1083 
1669914623 1499 1369 681 1305 
1669914625 1409 1351 571 1180 
1669914627 1368 1314 477 1090 
1669914629 957 1044 643 750 
1669914631 1339 1334 579 1196 
1669914633 1294 1221 613 1125 
1669914635 1277 1303 599 1091 
1669914637 1285 1247 499 1122 
1669914639 3606 1704 3167 1028 
1669914641 2701 1352 1834 640 
1669914643 1717 1186 710 800 
1669914645 1331 1181 554 960 
1669914647 1271 1223 642 1136 
1669914649 942 1334 531 1189 
1669914651 704 1027 446 1123 
1669914653 920 1114 655 1162 
1669914655 743 1237 546 1170 
1669914657 1554 1308 911 1183 
1669914659 1285 1280 635 1007 
1669914661 1221 1312 598 1102 
1669914663 1398 1334 691 1093 
1669914665 1263 1123 622 1119 
1669914667 812 1024 610 1116 
1669914669 1049 1271 674 1130 
1669914671 1235 1295 723 1078 
1669914673 1154 1193 651 1094 
1669914675 945 1281 502 1132 
1669914677 1164 1182 854 926 
1669914679 1122 1325 494 1170 
1669914681 1585 1104 938 929 
1669914683 1421 1117 681 1039 
1669914685 1291 1280 596 995 
1669914687 1316 1245 635 998 
1669914689 1323 1325 630 983 
1669914691 1209 1228 442 1140 
1669914693 1281 1332 630 1141 
1669914695 1233 1334 613 1061 
1669914697 1225 1252 558 1093 
1669914699 1257 1183 628 1054 
1669914701 1257 1229 705 1085 
1669914703 424 1284 402 1280 
1669914705 1060 998 1434 1192 
1669914707 1288 1602 1650 1048 
1669914709 2813 1973 3506 1593 
1669914711 1349 1472 858 1533 
1669914713 838 1145 836 963 
1669914715 1224 1094 356 1222 
1669914717 744 1088 802 528 
1669914719 1315 1232 1929 1008 
1669914721 873 1292 639 1317 
1669914723 1472 1334 1394 1260 
1669914725 1176 1110 743 1140 
1669914727 1185 1267 651 1033 
1669914729 1221 1121 699 1031 
1669914731 1244 1350 662 1175 
1669914733 956 1213 525 1049 
1669914735 1135 1289 660 1060 
1669914737 1250 1378 694 1003 
1669914739 1245 1380 648 1053 
1669914741 1240 1348 632 960 
1669914743 1191 1350 686 1025 
1669914745 1086 1344 522 981 
1669914747 1205 1269 638 984 
1669914749 942 1296 572 1113 
1669914751 1215 1387 621 1177 
1669914753 1235 1255 696 1153 
1669914755 1269 1350 750 1197 
1669914757 1237 1367 693 1215 
1669914759 1014 948 610 823 
1669914761 1116 1326 572 1193 
1669914763 1095 1325 439 1232 
1669914765 1194 1224 747 1081 
1669914767 1012 1222 592 656 
1669914769 1244 1438 660 1105 
1669914771 1366 1285 857 1076 
1669914773 1989 1626 1053 2160 
1669914775 1062 1190 724 1028 
1669914777 1133 1301 489 1373 
1669914779 1157 1258 573 1238 
1669914781 1242 1291 595 1191 
1669914783 1096 1256 546 1102 
1669914785 1153 1407 524 1261 
1669914787 1119 1256 403 1271 
1669914789 1241 1534 529 1404 
1669914791 1137 1262 1074 751 
1669914793 864 679 1511 566 
1669914795 1346 1284 829 1019 
1669914797 1314 1337 804 1065 
1669914799 1267 1375 517 1009 
1669914801 1722 1438 1571 987 
1669914803 1545 1457 636 1411 
1669914805 876 1129 543 975 
1669914807 1294 1291 1481 632 
1669914809 1421 1364 618 1516 
1669914811 1602 1518 776 1619 
1669914813 1222 1269 969 917 
1669914815 1620 1526 698 1512 
1669914817 1465 1470 827 1215 
1669914819 1040 1182 544 1038 
1669914821 1681 1449 1387 1144 
1669914823 888 1084 697 910 
1669914825 1026 1228 567 1034 
1669914827 1067 1231 647 857 
1669914829 1603 1435 740 1352 
1669914831 1702 1542 669 1756 
1669914833 1412 1269 832 1349 
1669914835 1393 1300 605 1111 
1669914837 1576 1402 580 1590 
1669914839 1136 1265 536 1084 
1669914841 1167 1325 953 980 
1669914843 1096 1254 363 1134 
1669914845 1609 1545 1076 1372 
1669914847 1031 1229 613 965 
1669914849 1097 1165 596 861 
1669914851 1283 1393 498 1218 
1669914853 1315 1385 655 1515 
1669914855 1104 1168 597 728 
1669914857 1454 1479 735 1451 
1669914859 1028 1169 717 688 
1669914861 1170 1208 806 1099 
1669914863 1554 1387 744 1371 
1669914865 1229 1302 620 1060 
1669914867 1185 1168 561 957 
1669914869 1695 1607 1163 1392 
1669914871 1318 1336 632 1173 
1669914873 1370 1408 733 1256 
1669914875 1534 1341 1652 1182 
1669914877 909 1110 561 951 
1669914879 1063 1235 1331 876 
1669914881 921 1302 711 1188 
1669914883 1253 1332 790 1171 
1669914885 1155 1351 370 1195 
1669914887 1329 1326 699 1183 
1669914889 1305 1333 736 1185 
1669914891 1735 1418 1098 1401 
1669914893 1738 1492 685 1580 
1669914895 1371 1316 813 1108 
1669914897 1160 1157 906 902 
1669914899 1326 1220 401 1182 
1669914901 835 1039 523 863 
1669914903 2026 1615 2891 1023 
1669914905 555 854 511 597 
1669914907 1910 1677 1443 1615 
1669914909 965 1265 695 805 
1669914911 1028 1028 793 863 
1669914913 1162 1232 500 1058 
1669914915 1599 1444 860 1454 
1669914917 1143 1094 720 1063 
1669914919 1254 1321 645 1150 
1669914921 1239 1106 915 1100 
1669914923 1046 1257 442 1155 
1669914925 1224 1366 675 1182 
1669914927 1015 1199 741 1012 
1669914929 1234 1323 707 1283 
1669914931 1694 1384 938 1439 
1669914933 746 1045 429 619 
1669914935 1353 1329 433 1319 
1669914937 1533 1572 259 1662 
1669914939 1356 1417 856 1049 
1669914941 1151 1174 483 1319 
1669914943 683 954 720 474 
1669914945 1540 1438 900 1555 
1669914947 1584 1313 533 1906 
1669914949 1460 1433 658 1717 
1669914951 983 1119 702 901 
1669914953 1454 1461 731 1442 
1669914955 1338 1267 685 1282 
1669914957 1402 1417 558 1596 
1669914959 1644 1503 623 1754 
1669914961 1128 1028 470 875 
1669914963 1280 1215 881 1210 
1669914965 1426 1556 501 1352 
1669914967 1036 1173 695 672 
1669914969 1429 1495 589 1721 
1669914971 1138 1104 585 1110 
1669914973 1290 1226 569 1175 
1669914975 1299 1260 648 1122 
1669914977 1330 1366 689 1210 
1669914979 1289 1261 660 1205 
1669914981 1451 1417 802 1264 
1669914983 1466 1353 814 1373 
1669914985 1254 1335 622 1218 
1669914987 1371 1390 441 1200 
1669914989 1287 1352 531 1203 
1669914991 1157 1320 423 1018 
1669914993 1244 1248 612 1061 
1669914995 1205 1247 734 759 
1669914997 708 968 679 514 
1669914999 1189 1330 493 1323 
1669915001 1357 1375 875 1186 
1669915003 1304 1272 426 1453 
1669915005 1382 1401 795 1390 
1669915007 1142 1189 456 1009 
1669915009 2590 1710 1375 1454 
1669915011 1249 1062 615 889 
1669915013 1085 998 543 1224 
1669915015 1807 1500 1405 1342 
1669915017 1180 1200 603 1234 
1669915019 1196 1258 637 1052 
1669915021 861 1299 722 1161 
1669915023 916 1234 434 1281 
1669915025 1936 1561 1180 1375 
1669915027 1231 1165 474 941 
1669915029 2877 1983 2056 2024 
1669915031 961 959 282 791 
1669915033 1452 1441 343 1601 
1669915035 1309 1101 1620 619 
1669915037 2462 1259 2149 892 
1669915039 1844 1203 952 1077 
1669915041 411 962 266 773 
1669915043 2439 2125 1081 2223 
1669915045 2228 1664 835 2532 
1669915047 762 398 1023 772 
1669915049 1343 2725 722 3215 
1669915051 2835 1370 2317 840 
1669915053 2026 1090 2372 677 
1669915055 1930 1248 1495 930 
1669915057 2051 1114 1263 846 
1669915059 2332 1439 3408 949 
1669915061 1104 917 620 790 
1669915063 1659 1376 660 1319 
1669915065 1454 1133 838 995 
1669915067 1365 1241 912 1069 
1669915069 1202 1249 342 1108 
1669915071 720 1165 252 1119 
1669915073 2648 1633 2939 794 
1669915075 2397 1116 3015 563 
1669915077 2022 986 1503 830 
1669915079 1123 934 693 874 
1669915081 1972 1265 1504 910 
1669915083 1964 1378 1167 1144 
1669915085 1633 1165 1281 946 
1669915087 1561 1153 1521 834 
1669915089 3136 1441 1437 1095 
1669915091 905 1115 633 772 
1669915093 1593 1302 1920 1044 
1669915095 1367 1160 1855 1061 
1669915097 1571 1235 1238 1030 
1669915099 1006 1248 1061 1074 
1669915101 959 1269 571 1160 
1669915103 1321 1311 781 1133 
1669915105 437 620 3704 468 
1669915107 2644 1398 1998 1027 
1669915109 1550 455 3711 500 
1669915111 1340 469 3609 455 
1669915113 765 1654 187 1998 
1669915115 1842 2040 2192 2187 
1669915117 768 1362 409 1317 
1669915119 610 717 267 988 
1669915121 1395 1280 421 1168 
1669915123 1985 2554 529 3450 
1669915125 2133 1621 1580 1096 
1669915127 1391 688 2854 443 
1669915129 497 693 1233 589 
1669915131 2293 1687 653 1620 
1669915133 1794 1502 477 1308 
1669915135 1749 1482 489 1341 
1669915137 1489 1410 904 1107 
1669915139 1473 1341 736 1087 
1669915141 1552 1424 606 1049 
1669915143 1199 1283 251 1176 
1669915145 1055 1290 450 1112 
1669915147 1052 1385 521 1164 
1669915149 1770 1600 1516 1353 
1669915151 936 2612 506 2217 
1669915153 2180 1544 892 1474 
1669915155 1886 1461 2115 1417 
1669915157 1451 822 3069 594 
1669915159 985 1047 729 1084 
1669915161 1003 988 659 971 
1669915163 482 648 297 913 
1669915165 2109 1810 3600 1332 
1669915167 1674 1601 707 1687 
1669915169 909 1118 456 1188 
1669915171 1420 1433 738 1404 
1669915173 1131 1430 854 1502 
1669915175 628 1345 1122 1008 
1669915177 418 536 427 606 
1669915179 2996 2744 2289 2624 
1669915181 3024 1346 2763 610 
1669915183 2007 1715 2505 1992 
1669915185 1040 1382 1265 1516 
1669915187 1009 1594 1608 1364 
1669915189 2621 2713 1150 2651 
1669915191 1431 1677 557 1694 
1669915193 1175 1550 603 1533 
1669915195 463 474 713 718 
1669915197 453 433 568 554 
1669915199 1904 979 3048 834 
1669915201 1044 1284 608 1233 
1669915203 676 1027 1354 927 
1669915205 1186 2378 436 2492 
1669915207 399 710 1094 609 
1669915209 302 726 235 477 
1669915211 821 1022 379 953 
1669915213 2872 2891 472 2804 
1669915215 2370 1695 1667 1213 
1669915217 432 740 339 552 
1669915219 2545 2210 1864 2370 
1669915221 2037 1880 711 1626 
1669915223 1458 1787 1387 1953 
1669915225 1096 778 744 840 
1669915227 1571 1502 2352 1496 
1669915229 934 1429 641 1320 
1669915231 917 1340 659 1303 
1669915233 1711 1986 478 2553 
1669915235 325 482 408 547 
1669915237 977 743 522 767 
1669915239 2151 1484 1974 1252 
1669915241 1691 1577 505 1672 
1669915243 894 1196 524 967 
1669915245 815 1652 593 1657 
1669915247 2567 2581 1876 2434 
1669915249 846 977 423 1613 
1669915251 2442 2079 1208 1554 
1669915253 3653 1808 220 1238 
1669915255 307 972 2077 706 
1669915257 860 1180 808 1125 
1669915259 973 1210 609 1292 
1669915261 1735 1487 2207 1158 
1669915263 1263 1352 1637 1183 
1669915265 712 1072 476 1273 
1669915267 1209 1246 725 1257 
1669915269 1337 1244 932 1167 
1669915271 552 711 415 754 
1669915273 1039 1080 757 1085 
1669915275 1565 1700 1217 1581 
1669915277 752 836 707 973 
1669915279 746 1376 204 1568 
1669915281 2179 1980 893 1662 
1669915283 2070 1812 1927 1675 
1669915285 1147 1226 682 957 
1669915287 1883 1180 1181 852 
1669915289 1469 1160 719 1024 
1669915291 901 1110 462 1022 
1669915293 1438 1421 711 1155 
1669915295 946 1159 380 1154 
1669915297 1960 1667 1394 1714 
1669915299 853 761 2749 773 
1669915301 1357 1262 1941 1113 
1669915303 1026 1121 1112 830 
1669915305 1492 1306 1038 1052 
1669915307 1352 1314 1020 1138 
1669915309 958 1219 507 916 
1669915311 1223 1367 486 1079 
1669915313 2122 1791 592 1673 
1669915315 1653 1505 593 1324 
1669915317 1492 1330 622 1212 
1669915319 1345 1012 341 735 
1669915321 1458 1461 782 1406 
1669915323 1273 1380 559 1310 
1669915325 1122 1295 1070 1260 
1669915327 1390 1356 1677 1271 
1669915329 1588 1258 1136 1286 
1669915331 1371 1118 784 829 
1669915333 1980 1516 1958 1368 
1669915335 1583 1347 501 1291 
1669915337 1147 1341 1368 1149 
1669915339 1316 1032 835 704 
1669915341 2012 1650 1103 1669 
1669915343 792 676 635 834 
1669915345 1141 1189 662 1154 
1669915347 1126 1306 588 1011 
1669915349 1092 806 1510 816 
1669915351 1543 1277 512 1171 
1669915353 1484 1419 709 1253 
1669915355 1240 1067 728 1030 
1669915357 1243 1267 637 1091 
1669915359 1217 1247 598 1163 
1669915361 1166 1268 633 1114 
1669915363 1214 1285 602 1184 
1669915365 1520 1018 1188 791 
1669915367 853 755 1026 917 
1669915369 2381 1848 2133 2150 
1669915371 1932 1691 1868 1771 
1669915373 1137 1623 391 1812 
1669915375 1387 1287 1348 1296 
1669915377 1415 1482 1281 1384 
1669915379 1154 1170 1226 928 
1669915381 1135 1397 948 1236 
1669915383 923 1396 518 1082 
1669915385 1267 1489 720 1429 
1669915387 1255 1371 701 1284 
1669915389 1360 1332 794 1178 
1669915391 1184 1203 566 1072 
1669915393 1321 1413 686 1237 
1669915395 1236 1289 618 1154 
1669915397 1402 1417 794 1380 
1669915399 1308 1321 691 1275 
1669915401 500 556 543 560 
1669915403 1756 1364 1612 1110 
1669915405 2128 1877 1451 1936 
1669915407 671 1015 511 1370 
1669915409 1200 1303 613 1448 
1669915411 1291 1409 541 1326 
1669915413 1062 1172 1621 967 
1669915415 2199 1927 2979 1698 
1669915417 899 1193 474 1295 
1669915419 1221 1420 649 1302 
1669915421 1294 1442 556 1289 
1669915423 1240 1257 637 1202 
1669915425 1221 1368 584 1207 
1669915427 1166 1287 532 1204 
1669915429 1240 1255 608 1074 
1669915431 1270 1279 589 1171 
1669915433 1411 1427 546 1349 
1669915435 1229 1221 1617 1091 
1669915437 1272 490 1512 573 
1669915439 1371 1314 863 1213 
1669915441 1591 1448 853 1303 
1669915443 1400 1320 648 1200 
1669915445 1729 1670 1165 1544 
1669915447 3235 3633 1776 3646 
1669915449 2151 2082 702 2196 
1669915451 649 596 3677 715 
1669915453 633 393 1451 537 
1669915455 1865 2039 611 2404 
1669915457 1197 1402 2064 1762 
1669915459 2768 3617 267 3688 
1669915461 1877 2051 458 1992 
1669915463 1370 1535 480 1445 
1669915465 1287 1501 572 1346 
1669915467 1279 1430 618 1175 
1669915469 1262 1287 597 1210 
1669915471 1306 1298 586 1180 
1669915473 1344 1397 607 1201 
1669915475 1298 1286 612 1163 
1669915477 1290 1166 458 1198 
1669915479 1105 1109 557 924 
1669915481 1392 1239 634 1108 
1669915483 1717 1749 1164 1783 
1669915485 1016 1089 638 1182 
1669915487 1377 1492 584 1732 
1669915489 1222 1540 557 1572 
1669915491 1983 3023 786 3231 
1669915493 1518 2052 1147 2012 
1669915495 1699 2086 742 2070 
1669915497 1724 2149 945 2045 
1669915499 1078 1080 532 1172 
1669915501 3476 3445 708 3400 
1669915503 1121 1250 634 1105 
1669915505 975 987 749 679 
1669915507 1767 1384 1728 1331 
1669915509 1775 1164 738 1559 
1669915511 1367 1084 1249 1053 
1669915513 1325 1008 544 1052 
1669915515 1346 1267 580 1136 
1669915517 409 1100 307 1081 
1669915519 817 1151 581 927 
1669915521 1523 1351 677 1317 
1669915523 2233 1786 2585 1678 
1669915525 1613 1136 3616 1418 
1669915527 1526 1399 632 2167 
1669915529 2059 1431 2432 1557 
1669915531 1429 910 1882 958 
1669915533 696 644 1088 638 
1669915535 1734 1403 2980 1133 
1669915537 558 410 2855 617 
1669915539 1891 2005 197 1814 
1669915541 827 911 3653 1033 
1669915543 1660 1528 1520 1390 
1669915545 1846 1589 1134 1519 
1669915547 1403 1267 758 1071 
1669915549 435 1503 371 2535 
1669915551 1054 1191 565 1610 
1669915553 985 1148 962 1168 
1669915555 2239 1660 2192 1694 
1669915557 3151 1053 1486 2136 
1669915559 1409 782 2506 537 
1669915561 452 578 367 519 
1669915563 2398 1980 1714 2464 
1669915565 793 1340 428 879 
1669915567 1173 1446 656 1179 
1669915569 1589 1481 671 1438 
1669915571 1037 1317 573 1048 
1669915573 1108 1345 611 1057 
1669915575 2436 1001 1608 800 
1669915577 402 246 369 626 
1669915579 435 1844 244 1662 
1669915581 1606 1356 3399 626 
1669915583 1279 2028 344 2358 
1669915585 798 946 489 1877 
1669915587 2228 3227 3583 2307 
1669915589 1274 1626 1570 968 
1669915591 1181 1355 1279 927 
1669915593 1212 1200 1116 914 
1669915595 1117 1352 967 1312 
1669915597 1236 1462 905 1289 
1669915599 1209 1384 584 1214 
1669915601 1343 1236 584 1019 
1669915603 1417 1270 754 1140 
1669915605 1090 1139 619 941 
1669915607 995 1114 1179 1097 
1669915609 2313 1581 798 1563 
1669915611 2042 1553 1546 1281 
1669915613 932 1653 806 1426 
1669915615 1084 1519 622 1091 
1669915617 1249 1405 626 1002 
1669915619 1331 1308 615 1136 
1669915621 1375 1359 602 1001 
1669915623 1454 1315 726 1130 
1669915625 1268 1851 854 2073 
1669915627 1252 782 470 935 
1669915629 1716 2180 1379 1108 
1669915631 1412 1513 653 954 
1669915633 1922 1592 870 1969 
1669915635 1799 739 2865 791 
1669915637 1756 937 1392 986 
1669915639 869 967 272 1453 
1669915641 953 991 781 1225 
1669915643 2016 1830 1466 1581 
1669915645 1592 1303 675 1204 
1669915647 1430 1148 665 1135 
1669915649 1417 1213 647 1126 
1669915651 1448 1254 650 1150 
1669915653 1428 1242 658 1168 
1669915655 1442 1274 576 1169 
1669915657 1452 1373 656 1075 
1669915659 1434 1350 662 1149 
1669915661 1298 1224 524 1115 
1669915663 2617 2902 2978 2370 
1669915665 446 716 476 689 
1669915667 374 324 193 2275 
1669915669 385 736 331 578 
1669915671 158 496 322 718 
1669915673 1750 2411 2649 1726 
1669915675 634 1036 623 695 
1669915677 543 2512 0 3484 
1669915679 2837 1175 2063 2075 
1669915681 2473 1238 1060 1511 
1669915683 2135 1294 795 1281 
1669915685 2021 1412 737 1210 
1669915687 1837 1310 690 1095 
1669915689 1917 1468 738 1194 
1669915691 1627 1307 543 1031 
1669915693 2443 1755 1027 1467 
1669915695 1515 1191 725 1012 
1669915697 1186 1134 687 922 
1669915699 2138 1616 963 1401 
1669915701 2177 1532 911 1433 
1669915703 1557 1312 615 1000 
1669915705 1176 1119 571 904 
1669915707 1174 1087 840 920 
1669915709 1464 1367 759 1140 
1669915711 2219 2035 1076 2015 
1669915713 1024 1253 800 935 
1669915715 1933 1685 1105 1408 
1669915717 1494 1325 641 1136 
1669915719 954 709 910 721 
1669915721 3650 2258 3742 3089 
1669915723 1020 800 2171 799 
1669915725 1654 1153 681 1507 
1669915727 762 1190 542 1329 
1669915729 1763 1712 3671 1541 
1669915731 1257 1066 251 1124 
1669915733 2348 2711 627 2663 
1669915735 1701 1588 466 1518 
1669915737 1711 1543 749 1322 
1669915739 1096 509 1218 523 
1669915741 3670 2773 3756 2779 
1669915743 2232 1600 3724 1626 
1669915745 1659 1455 2740 1431 
1669915747 803 849 779 995 
1669915749 780 904 295 967 
1669915751 1998 799 347 1266 
1669915753 561 903 552 655 
1669915755 2649 2576 1458 2655 
1669915757 3291 3163 2822 3105 
1669915759 3626 2837 2920 1831 
1669915761 424 809 344 543 
1669915763 1643 2265 1171 2045 
1669915765 2663 2468 1832 1758 
1669915767 1456 1588 412 1034 
1669915769 1318 1348 852 1160 
1669915771 1036 1404 468 1173 
1669915773 12 12 10 12 
1669915775 13 13 13 12 
1669915777 10 15 11 11 
1669915779 10 11 13 10 
1669915781 12 13 12 11 
1669915783 10 11 12 12 
1669915785 21 21 25 23 
1669915787 15 14 9 15 
1669915789 12 12 10 10 
1669915791 11 12 12 12 
1669915793 12 11 13 10 
1669915795 9 12 9 9 
1669915797 11 12 11 11 
1669915799 16 18 18 17 
1669915801 12 12 9 11 
1669915803 21 18 8 17 
1669915805 10 10 11 10 
1669915807 13 13 14 11 
1669915809 12 11 12 11 
1669915811 11 9 10 8 
1669915813 11 16 11 12 
1669915815 11 11 9 9 
1669915817 12 12 13 8 
1669915819 14 12 10 10 
1669915821 13 11 10 8 
1669915823 11 12 12 8 
1669915825 12 14 10 10 
1669915827 12 12 13 13 
1669915829 12 11 11 13 
1669915831 10 12 13 13 
1669915833 11 10 11 11 
1669915835 11 8 9 9 
1669915837 11 11 13 12 
1669915839 11 11 10 13 
1669915841 10 12 12 11 
1669915843 11 12 10 12 
1669915845 11 14 10 10 
1669915847 13 15 13 13 
1669915849 14 11 13 10 
1669915851 11 12 10 13 
1669915853 9 11 12 11 
1669915855 10 10 12 11 
1669915857 10 11 11 13 
1669915859 10 11 8 11 
1669915861 10 11 7 11 
1669915863 12 11 10 10 
1669915865 10 13 12 12 
1669915867 10 14 11 10 
1669915869 9 8 12 13 
1669915871 11 11 10 8 
1669915873 12 13 8 11 
1669915875 10 11 9 12 
1669915877 9 10 10 12 
1669915879 13 12 12 13 
1669915881 10 11 9 9 
1669915883 11 11 11 13 
1669915885 12 9 10 11 
1669915887 13 13 10 10 
1669915889 10 9 9 11 
1669915891 9 9 10 15 
1669915893 11 12 12 11 
1669915895 11 13 12 12 
1669915897 12 11 12 13 
1669915899 12 12 11 15 
1669915901 12 11 11 10 
1669915903 11 10 11 13 
1669915905 12 9 9 11 
1669915907 10 13 10 11 
1669915909 11 10 10 12 
1669915911 11 11 9 10 
1669915913 11 11 10 11 
1669915915 11 12 13 12 
1669915917 11 12 11 12 
1669915919 11 12 11 10 
1669915921 10 11 11 11 
1669915923 11 11 11 11 
1669915925 10 49 12 12 
1669915927 10 11 12 9 
1669915929 11 12 11 9 
1669915931 13 10 11 13 
1669915933 9 9 11 13 
1669915935 11 11 13 13 
1669915937 12 14 9 9 
1669915939 10 13 12 11 
1669915941 12 13 10 12 
1669915943 14 13 13 10 
1669915945 11 15 11 10 
1669915947 12 11 9 11 
1669915949 12 11 9 12 
1669915951 12 38 12 11 
1669915953 13 9 9 12 
1669915955 10 11 10 9 
1669915957 13 12 12 12 
1669915959 10 34 12 11 
1669915961 12 12 12 10 
1669915963 13 11 11 8 
1669915965 10 12 12 11 
1669915967 12 12 11 13 
1669915969 11 11 8 11 
1669915971 13 10 11 10 
1669915973 11 13 12 13 
1669915975 11 12 10 13 
1669915977 10 13 11 10 
1669915979 9 11 9 8 
1669915981 11 10 9 11 
1669915983 10 13 13 11 
1669915985 12 13 11 12 
1669915987 11 14 12 13 
1669915989 11 12 11 11 
1669915991 13 15 10 13 
1669915993 12 10 12 12 
1669915995 13 10 11 8 
1669915997 13 11 12 13 
1669915999 11 12 10 10 
1669916001 13 11 10 11 
1669916003 12 13 12 10 
1669916005 10 13 9 12 
1669916007 12 11 11 13 
1669916009 8 10 13 12 
1669916011 11 9 13 12 
1669916013 10 14 10 9 
1669916015 10 10 10 8 
1669916017 12 10 11 10 
1669916019 9 13 6 12 
1669916021 9 12 9 12 
1669916023 11 14 11 11 
1669916025 12 11 10 9 
1669916027 11 10 10 11 
1669916029 11 14 8 11 
1669916031 12 12 13 11 
1669916033 11 13 9 12 
1669916035 8 10 10 9 
1669916037 9 13 9 11 
1669916039 10 11 10 11 
1669916041 10 10 11 12 
1669916043 12 12 10 9 
1669916045 11 13 10 13 
1669916047 11 9 9 11 
1669916049 12 14 12 12 
1669916051 12 10 9 12 
1669916053 11 10 10 12 
1669916055 8 11 13 11 
1669916057 16 13 11 10 
1669916059 12 12 7 13 
1669916061 13 13 12 11 
1669916063 10 10 11 11 
1669916065 12 9 13 11 
1669916067 12 14 9 11 
1669916069 14 11 12 10 
1669916071 11 13 9 9 
1669916073 9 12 10 8 
1669916075 9 11 11 10 
1669916077 11 12 10 12 
1669916079 9 11 10 11 
1669916081 10 13 11 12 
1669916083 12 12 11 10 
1669916085 8 10 11 10 
1669916087 13 9 10 12 
1669916089 14 14 9 12 
1669916091 13 10 11 14 
1669916093 9 12 13 14 
1669916095 10 11 12 14 
1669916097 10 10 9 13 
1669916099 10 12 9 10 
1669916101 9 10 11 13 
1669916103 9 12 11 10 
1669916105 10 11 9 9 
1669916107 5 6 4 8 
1669916109 12 11 11 10 
1669916111 11 11 9 8 
1669916113 9 11 13 10 
1669916115 12 12 12 13 
1669916117 11 10 10 12 
1669916119 11 13 13 11 
1669916121 9 13 10 13 
1669916123 8 12 12 12 
1669916125 11 12 11 13 
1669916127 12 14 11 13 
1669916129 12 13 12 9 
1669916131 10 15 9 10 
1669916133 11 13 11 11 
1669916135 11 11 11 12 
1669916137 15 14 9 13 
1669916139 9 13 12 10 
1669916141 10 12 10 9 
1669916143 10 11 9 11 
1669916145 12 10 12 8 
1669916147 10 10 10 10 
1669916149 10 12 11 12 
1669916151 12 13 11 13 
1669916153 13 11 8 13 
1669916155 13 11 12 9 
1669916157 9 11 10 12 
1669916159 13 14 10 9 
1669916161 10 12 11 14 
1669916163 13 12 10 10 
1669916165 12 9 11 12 
1669916167 11 10 11 10 
1669916169 10 8 12 10 
1669916171 8 11 10 13 
1669916173 8 11 9 11 
1669916175 10 11 11 9 
1669916177 11 12 12 10 
1669916179 11 13 10 11 
1669916181 12 11 10 12 
1669916183 11 12 10 10 
1669916185 13 11 10 12 
1669916187 10 10 13 12 
1669916189 10 11 14 10 
1669916191 8 9 8 12 
1669916193 11 11 13 10 
1669916195 11 12 10 10 
1669916197 10 11 10 13 
1669916199 12 11 11 12 
1669916201 10 10 10 11 
1669916203 11 9 9 12 
1669916205 12 9 11 10 
1669916207 10 42 14 10 
1669916209 11 12 10 14 
1669916211 12 12 11 12 
1669916213 12 12 8 12 
1669916215 11 11 10 9 
1669916217 11 19 12 10 
1669916219 7 8 10 12 
1669916221 11 11 10 11 
1669916223 12 13 12 13 
1669916225 10 12 12 12 
1669916227 13 10 10 10 
1669916229 11 12 13 10 
1669916231 12 12 12 9 
1669916233 10 12 12 11 
1669916235 11 13 10 9 
1669916237 10 12 10 9 
1669916239 10 10 10 11 
1669916241 9 12 12 7 
1669916243 10 10 10 11 
1669916245 9 14 8 11 
1669916247 12 12 10 11 
1669916249 13 13 11 9 
1669916251 12 12 12 10 
1669916253 12 11 9 13 
1669916255 12 12 9 11 
1669916257 12 12 12 7 
1669916259 10 11 12 9 
1669916261 10 11 11 9 
1669916263 13 12 9 13 
1669916265 12 14 11 11 
1669916267 12 11 10 12 
1669916269 9 14 9 14 
1669916271 10 13 12 12 
1669916273 9 11 12 12 
1669916275 11 11 12 13 
1669916277 11 13 13 12 
1669916279 10 10 10 11 
1669916281 10 14 11 12 
1669916283 12 13 12 10 
1669916285 11 10 9 13 
1669916287 11 12 11 12 
1669916289 11 12 10 9 
1669916291 11 13 11 10 
1669916293 12 12 11 10 
1669916295 12 13 10 11 
1669916297 10 13 10 9 
1669916299 11 11 11 10 
1669916301 12 12 10 13 
1669916303 13 14 10 12 
1669916305 12 12 12 13 
1669916307 10 11 10 11 
1669916309 11 11 12 11 
1669916311 10 13 12 10 
1669916313 11 11 11 13 
1669916315 12 13 9 10 
1669916317 14 12 11 10 
1669916319 8 9 12 11 
1669916321 10 12 14 11 
1669916323 10 11 12 13 
1669916325 10 10 9 12 
1669916327 10 13 8 14 
1669916329 11 9 12 10 
1669916331 11 11 11 10 
1669916333 13 10 12 10 
1669916335 8 13 10 13 
1669916337 10 10 10 10 
1669916339 12 13 10 12 
1669916341 11 9 11 10 
1669916343 11 11 10 12 
1669916345 13 10 10 8 
1669916347 10 14 10 11 
1669916349 11 10 12 13 
1669916351 9 11 10 11 
1669916353 11 13 10 11 
1669916355 13 13 10 10 
1669916357 11 8 8 11 
1669916359 12 11 12 10 
1669916361 11 13 12 11 
1669916363 10 12 12 10 
1669916365 9 9 13 10 
1669916367 9 14 12 12 
1669916369 11 12 10 12 
1669916371 11 10 13 10 
1669916373 11 13 11 13 
1669916375 9 14 10 13 
1669916377 11 10 12 12 
1669916379 11 12 10 9 
1669916381 13 11 14 12 
1669916383 9 11 9 11 
1669916385 10 13 12 12 
1669916387 10 13 8 14 
1669916389 9 14 10 11 
1669916391 12 16 8 11 
1669916393 9 11 10 11 
1669916395 14 12 10 10 
1669916397 14 12 12 11 
1669916399 10 11 12 10 
1669916401 9 14 10 12 
1669916403 11 14 11 13 
1669916405 11 15 12 8 
1669916407 13 12 10 11 
1669916409 15 11 12 12 
1669916411 13 12 10 13 
1669916413 13 17 13 11 
1669916415 13 14 11 13 
1669916417 11 11 10 11 
1669916419 9 14 12 12 
1669916421 10 12 11 11 
1669916423 10 13 12 13 
1669916425 14 11 11 15 
1669916427 12 14 11 12 
1669916429 13 13 12 11 
1669916431 14 10 11 13 
1669916433 13 10 11 11 
1669916435 11 12 14 13 
1669916437 8 12 12 13 
1669916439 12 12 10 12 
1669916441 10 13 9 14 
1669916443 10 15 11 13 
1669916445 13 14 13 12 
1669916447 13 14 11 12 
1669916449 11 12 12 12 
1669916451 10 12 13 11 
1669916453 13 13 11 11 
1669916455 11 12 9 11 
1669916457 12 12 14 11 
1669916459 12 15 12 13 
1669916461 12 14 12 14 
1669916463 10 12 11 13 
1669916465 10 12 10 12 
1669916467 10 11 11 13 
1669916469 14 12 10 12 
1669916471 10 12 9 11 
1669916473 10 12 11 12 
1669916475 10 14 9 13 
1669916477 9 14 13 14 
1669916479 13 14 14 14 
1669916481 11 13 11 11 
1669916483 12 12 9 10 
1669916485 9 11 12 12 
1669916487 13 11 11 11 
1669916489 14 11 11 12 
1669916491 13 17 12 12 
1669916493 12 12 11 12 
1669916495 11 10 14 11 
1669916497 12 12 12 11 
1669916499 11 9 12 9 
1669916501 12 9 10 11 
1669916503 10 11 12 12 
1669916505 13 10 13 13 
1669916507 10 13 13 11 
1669916509 13 11 11 13 
1669916511 13 12 12 12 
1669916513 10 11 12 11 
1669916515 11 11 9 14 
1669916517 11 11 9 11 
1669916519 9 9 11 11 
1669916521 14 12 12 15 
1669916523 12 14 12 15 
1669916525 12 15 12 11 
1669916527 13 13 15 13 
1669916529 12 11 10 11 
1669916531 13 11 10 12 
1669916533 13 11 12 10 
1669916535 11 9 12 12 
1669916537 13 13 13 14 
1669916539 12 15 9 12 
1669916541 12 13 14 14 
1669916543 12 12 10 9 
1669916545 10 10 8 10 
1669916547 12 14 11 10 
1669916549 12 12 9 14 
1669916551 13 11 12 11 
1669916553 13 13 12 11 
1669916555 12 10 12 11 
1669916557 12 13 12 12 
1669916559 12 15 11 13 
1669916561 13 13 7 12 
1669916563 12 11 10 13 
1669916565 10 14 8 10 
1669916567 12 13 13 12 
1669916569 13 13 9 13 
1669916571 13 12 11 11 
1669916573 12 12 13 10 
1669916575 12 13 10 12 
1669916577 13 12 12 9 
1669916579 13 14 12 12 
1669916581 11 12 11 13 
1669916583 12 10 13 11 
1669916585 11 11 13 9 
1669916587 14 11 12 13 
1669916589 11 12 11 10 
1669916591 10 16 11 14 
1669916593 11 12 10 13 
1669916595 12 12 9 12 
1669916597 11 14 11 13 
1669916599 10 12 9 11 
1669916601 12 12 13 13 
1669916603 11 13 10 13 
1669916605 13 13 12 13 
1669916607 10 13 11 14 
1669916609 11 12 9 11 
1669916611 13 12 11 14 
1669916613 11 11 11 12 
1669916615 10 10 13 13 
1669916617 17 13 10 14 
1669916619 14 11 9 11 
1669916621 11 15 12 12 
1669916623 14 10 13 15 
1669916625 10 11 13 12 
1669916627 11 9 12 9 
1669916629 13 9 11 11 
1669916631 11 12 10 12 
1669916633 11 13 11 12 
1669916635 13 13 12 12 
1669916637 12 12 9 16 
1669916639 14 15 13 13 
1669916641 10 12 11 10 
1669916643 12 10 10 11 
1669916645 13 12 9 14 
1669916647 11 12 10 11 
1669916649 11 13 11 15 
1669916651 15 14 13 14 
1669916653 11 13 10 13 
1669916655 12 13 12 14 
1669916657 11 13 11 14 
1669916659 10 10 8 10 
1669916661 8 16 13 11 
1669916663 13 14 10 12 
1669916665 14 14 12 14 
1669916667 12 12 13 13 
1669916669 13 11 11 12 
1669916671 11 12 11 12 
1669916673 10 11 10 15 
1669916675 12 13 11 13 
1669916677 12 9 13 12 
1669916679 8 13 12 10 
1669916681 12 15 13 13 
1669916683 14 12 15 11 
1669916685 13 16 12 17 
1669916687 11 13 15 13 
1669916689 13 13 12 10 
1669916691 11 11 11 10 
1669916693 13 10 11 9 
1669916695 12 13 10 9 
1669916697 10 12 13 10 
1669916699 15 11 12 12 
1669916701 15 12 11 13 
1669916703 13 15 9 13 
1669916705 11 14 13 12 
1669916707 11 11 12 11 
1669916709 13 12 9 13 
1669916711 10 13 10 11 
1669916713 13 13 10 14 
1669916715 15 14 11 15 
1669916717 15 12 9 14 
1669916719 12 13 10 11 
1669916721 10 10 11 11 
1669916723 10 11 11 10 
1669916725 9 11 13 11 
1669916727 10 12 9 14 
1669916729 13 16 10 11 
1669916731 13 17 11 14 
1669916733 11 14 12 12 
1669916735 12 12 13 12 
1669916737 11 14 11 12 
1669916739 10 12 14 14 
1669916741 8 10 13 10 
1669916743 11 13 10 12 
1669916745 15 13 13 13 
1669916747 11 15 13 14 
1669916749 13 13 15 12 
1669916751 13 10 12 11 
1669916753 11 12 14 12 
1669916755 11 15 11 12 
1669916757 10 15 10 10 
1669916759 11 12 12 13 
1669916761 14 13 9 12 
1669916763 12 13 16 11 
1669916765 11 12 14 15 
1669916767 11 15 13 13 
1669916769 7 10 12 12 
1669916771 13 11 9 13 
1669916773 9 10 9 12 
1669916775 11 11 10 15 
1669916777 11 11 12 11 
1669916779 11 13 11 13 
1669916781 12 15 11 14 
1669916783 11 11 12 13 
1669916785 10 10 12 15 
1669916787 8 11 9 13 
1669916789 11 11 12 11 
1669916791 12 12 9 13 
1669916793 11 14 11 12 
1669916795 12 14 11 13 
1669916797 11 9 15 11 
1669916799 14 15 14 13 
1669916801 12 11 10 12 
1669916803 8 13 11 11 
1669916805 12 12 8 10 
1669916807 10 12 12 11 
1669916809 11 13 14 12 
1669916811 12 12 11 12 
1669916813 12 13 12 15 
1669916815 13 13 13 12 
1669916817 12 16 9 11 
1669916819 12 12 12 12 
1669916821 13 12 12 12 
1669916823 9 12 11 10 
1669916825 13 15 11 13 
1669916827 12 12 12 13 
1669916829 14 13 13 11 
1669916831 10 14 12 12 
1669916833 10 12 13 12 
1669916835 14 10 13 12 
1669916837 9 12 11 11 
1669916839 12 11 12 9 
1669916841 9 13 12 12 
1669916843 14 14 13 12 
1669916845 12 13 11 13 
1669916847 13 11 11 13 
1669916849 10 10 11 11 
1669916851 11 13 15 13 
1669916853 11 10 10 12 
1669916855 12 14 12 11 
1669916857 13 10 13 11 
1669916859 15 14 13 14 
1669916861 10 11 9 15 
1669916863 12 13 11 14 
1669916865 10 12 11 11 
1669916867 10 13 12 15 
1669916869 13 13 12 13 
1669916871 11 14 12 11 
1669916873 11 11 12 12 
1669916875 10 13 11 12 
1669916877 12 14 13 14 
1669916879 13 14 13 13 
1669916881 9 11 8 12 
1669916883 11 11 11 11 
1669916885 12 13 13 16 
1669916887 11 12 10 12 
1669916889 12 13 10 15 
1669916891 12 13 13 14 
1669916893 10 11 14 11 
1669916895 12 12 14 13 
1669916897 12 10 11 10 
1669916899 13 11 9 11 
1669916901 12 12 11 11 
1669916903 12 11 10 12 
1669916905 14 14 11 12 
1669916907 13 15 14 12 
1669916909 10 12 13 12 
1669916911 13 12 13 11 
1669916913 9 11 11 12 
1669916915 11 8 11 14 
1669916917 9 12 10 11 
1669916919 11 9 12 13 
1669916921 16 12 13 11 
1669916923 13 15 15 14 
1669916925 12 14 12 11 
1669916927 14 14 11 13 
1669916929 12 12 9 11 
1669916931 11 13 12 12 
1669916933 12 13 11 9 
1669916935 12 12 11 12 
1669916937 12 13 12 12 
1669916939 12 12 11 11 
1669916941 11 14 12 13 
1669916943 13 13 12 12 
1669916945 10 11 12 12 
1669916947 11 10 11 11 
1669916949 10 13 11 15 
1669916951 13 9 12 11 
1669916953 11 12 10 13 
1669916955 13 12 13 15 
1669916957 15 11 13 12 
1669916959 10 16 13 13 
1669916961 10 8 8 12 
1669916963 10 10 10 10 
1669916965 10 13 10 11 
1669916967 13 11 12 15 
1669916969 11 13 11 16 
1669916971 13 10 12 10 
1669916973 13 12 13 15 
1669916975 14 11 10 12 
1669916977 14 11 12 12 
1669916979 12 12 13 11 
1669916981 11 12 10 13 
1669916983 13 15 12 13 
1669916985 9 12 13 12 
1669916987 14 11 12 11 
1669916989 13 15 10 14 
1669916991 14 13 11 11 
1669916993 10 13 10 10 
1669916995 8 11 8 10 
1669916997 10 13 12 11 
1669916999 10 12 11 13 
1669917001 12 12 11 10 
1669917003 12 13 11 15 
1669917005 13 12 12 13 
1669917007 15 17 11 10 
1669917009 8 5 8 15 
1669917011 9 8 9 17 
1669917013 11 10 10 15 
1669917015 12 12 10 11 
1669917017 14 13 12 12 
1669917019 13 11 13 13 
1669917021 15 13 13 11 
1669917023 14 12 9 12 
1669917025 12 14 11 13 
1669917027 11 10 13 13 
1669917029 13 12 10 10 
1669917031 10 14 11 11 
1669917033 12 10 11 12 
1669917035 12 12 10 14 
1669917037 12 13 11 12 
1669917039 12 12 12 13 
1669917041 9 12 13 9 
1669917043 13 13 9 14 
1669917045 11 13 11 13 
1669917047 12 12 10 11 
1669917049 12 12 13 12 
1669917051 10 14 13 15 
1669917053 12 11 11 13 
1669917055 12 14 12 10 
1669917057 10 12 10 13 
1669917059 12 12 9 11 
1669917061 12 14 13 12 
1669917063 10 11 11 13 
1669917065 11 12 10 16 
1669917067 13 15 10 15 
1669917069 13 13 12 13 
1669917071 13 14 12 15 
1669917073 12 12 9 14 
1669917075 11 12 11 13 
1669917077 10 11 9 11 
1669917079 12 14 11 10 
1669917081 12 15 13 11 
1669917083 11 13 13 16 
1669917085 13 14 11 12 
1669917087 13 12 11 12 
1669917089 11 12 8 11 
1669917091 10 11 10 12 
1669917093 11 10 11 12 
1669917095 13 11 9 14 
1669917097 14 10 12 14 
1669917099 15 12 10 13 
1669917101 11 12 10 15 
1669917103 13 12 12 12 
1669917105 9 12 12 14 
1669917107 12 10 8 8 
1669917109 9 11 10 13 
1669917111 13 10 16 12 
1669917113 13 11 11 14 
1669917115 11 14 9 14 
1669917117 10 11 9 12 
1669917119 11 12 14 12 
1669917121 11 12 11 10 
1669917123 10 13 12 12 
1669917125 11 14 9 10 
1669917127 10 13 9 12 
1669917129 10 13 11 10 
1669917131 10 15 13 14 
1669917133 15 12 11 14 
1669917135 12 12 13 14 
1669917137 8 11 13 10 
1669917139 11 10 9 11 
1669917141 11 11 12 14 
1669917143 12 13 8 11 
1669917145 13 13 8 13 
1669917147 12 11 10 10 
1669917149 11 10 11 10 
1669917151 11 12 9 13 
1669917153 9 9 12 12 
1669917155 13 10 10 14 
1669917157 12 15 12 9 
1669917159 12 10 9 11 
1669917161 12 14 9 13 
1669917163 16 11 12 11 
1669917165 12 13 12 12 
1669917167 13 15 9 13 
1669917169 11 14 12 13 
1669917171 11 13 9 11 
1669917173 12 11 12 13 
1669917175 11 12 10 12 
1669917177 13 12 12 12 
1669917179 10 14 8 8 
1669917181 12 17 14 14 
1669917183 12 11 13 13 
1669917185 11 12 11 13 
1669917187 13 12 8 10 
1669917189 11 13 10 12 
1669917191 11 12 11 10 
1669917193 14 13 13 12 
1669917195 10 12 11 13 
1669917197 11 12 13 10 
1669917199 12 13 10 12 
1669917201 13 19 10 13 
1669917203 10 10 9 12 
1669917205 15 9 9 13 
1669917207 9 11 10 10 
1669917209 10 14 13 10 
1669917211 11 12 9 13 
1669917213 11 11 9 11 
1669917215 12 10 10 12 
1669917217 10 10 9 9 
1669917219 9 12 9 12 
1669917221 10 11 7 10 
1669917223 9 13 9 12 
1669917225 11 13 12 12 
1669917227 10 11 10 14 
1669917229 12 13 10 10 
1669917231 11 9 12 10 
1669917233 9 10 10 13 
1669917235 11 12 9 12 
1669917237 10 13 11 9 
1669917239 13 12 10 9 
1669917241 9 12 12 10 
1669917243 10 11 8 13 
1669917245 11 12 10 11 
1669917247 11 12 10 12 
1669917249 12 10 10 11 
1669917251 14 12 12 10 
1669917253 11 13 11 10 
1669917255 11 11 10 9 
1669917257 11 13 10 11 
1669917259 10 11 10 11 
1669917261 9 9 10 13 
1669917263 14 14 13 14 
1669917265 9 12 9 10 
1669917267 12 12 11 13 
1669917269 9 13 10 11 
1669917271 12 11 10 14 
1669917273 12 11 11 10 
1669917275 9 12 13 11 
1669917277 13 12 13 11 
1669917279 12 16 13 12 
1669917281 12 12 11 11 
1669917283 10 11 12 9 
1669917285 11 13 12 10 
1669917287 12 14 9 10 
1669917289 11 13 12 14 
1669917291 11 11 12 14 
1669917293 11 10 10 13 
1669917295 10 13 10 13 
1669917297 9 11 11 10 
1669917299 12 10 9 12 
1669917301 11 10 11 11 
1669917303 10 10 10 11 
1669917305 10 12 11 10 
1669917307 9 12 12 12 
1669917309 11 13 8 10 
1669917311 11 10 10 11 
1669917313 12 12 11 11 
1669917315 10 11 11 12 
1669917317 14 11 10 8 
1669917319 11 13 11 9 
1669917321 10 11 11 11 
1669917323 10 13 11 11 
1669917325 11 11 9 13 
1669917327 13 10 11 10 
1669917329 14 13 11 9 
1669917331 10 12 10 13 
1669917333 10 10 10 13 
1669917335 10 12 12 11 
1669917337 10 13 9 14 
1669917339 10 14 11 13 
1669917341 10 11 9 11 
1669917343 12 10 11 9 
1669917345 7 10 10 10 
1669917347 10 11 10 11 
1669917349 13 9 10 12 
1669917351 9 14 10 11 
1669917353 13 12 10 10 
1669917355 10 13 12 11 
1669917357 13 13 11 11 
1669917359 11 9 9 10 
1669917361 14 11 9 11 
1669917363 11 11 13 10 
1669917365 12 11 11 12 
1669917367 13 14 10 13 
1669917369 11 15 10 13 
1669917371 11 11 13 12 
1669917373 14 12 12 12 
1669917375 11 12 10 10 
1669917377 14 12 11 11 
1669917379 11 13 11 12 
1669917381 12 13 14 14 
1669917383 14 13 11 12 
1669917385 10 9 10 9 
1669917387 11 12 10 10 
1669917389 10 11 8 11 
1669917391 11 10 10 11 
1669917393 12 15 11 11 
1669917395 9 11 11 9 
1669917397 8 10 12 9 
1669917399 14 9 9 10 
1669917401 12 14 9 9 
1669917403 10 10 10 13 
1669917405 9 13 12 12 
1669917407 13 13 10 13 
1669917409 9 14 12 10 
1669917411 13 12 11 11 
1669917413 13 12 12 12 
1669917415 13 14 8 11 
1669917417 11 10 10 12 
1669917419 11 11 9 12 
1669917421 10 14 10 12 
1669917423 12 13 10 10 
1669917425 14 12 12 9 
1669917427 10 14 10 12 
1669917429 10 10 10 12 
1669917431 10 15 10 11 
1669917433 9 9 9 11 
1669917435 12 10 10 11 
1669917437 12 14 10 12 
1669917439 12 12 12 10 
1669917441 11 11 9 12 
1669917443 9 13 10 15 
1669917445 13 12 9 12 
1669917447 13 13 10 11 
1669917449 12 9 10 12 
1669917451 11 10 10 12 
1669917453 11 14 12 12 
1669917455 12 12 9 11 
1669917457 13 12 12 9 
1669917459 12 11 12 11 
1669917461 12 11 10 12 
1669917463 13 10 13 12 
1669917465 12 9 11 10 
1669917467 11 8 9 11 
1669917469 11 15 8 13 
1669917471 12 8 11 10 
1669917473 12 10 9 11 
1669917475 12 11 12 11 
1669917477 10 10 9 13 
1669917479 10 12 11 10 
1669917481 13 13 14 14 
1669917483 12 10 8 13 
1669917485 10 10 9 12 
1669917487 13 11 11 10 
1669917489 12 14 11 13 
1669917491 11 12 9 13 
1669917493 12 12 10 14 
1669917495 11 15 12 12 
1669917497 13 10 9 13 
1669917499 14 10 13 9 
1669917501 14 12 11 11 
1669917503 13 13 11 12 
1669917505 10 11 10 11 
1669917507 10 11 9 9 
1669917509 12 13 12 10 
1669917511 12 14 11 8 
1669917513 15 11 10 11 
1669917515 13 12 11 10 
1669917517 11 11 12 12 
1669917519 10 10 12 10 
1669917521 9 11 10 10 
1669917523 13 11 10 9 
1669917525 12 13 13 12 
1669917527 13 12 10 8 
1669917529 9 13 10 10 
1669917531 12 14 9 6 
1669917533 12 10 12 12 
1669917535 11 11 10 12 
1669917537 12 10 7 11 
1669917539 10 12 13 10 
1669917541 10 12 12 13 
1669917543 14 15 12 12 
1669917545 13 16 14 12 
1669917547 12 12 14 11 
1669917549 13 10 9 15 
1669917551 10 12 11 17 
1669917553 11 9 11 14 
1669917555 10 12 12 13 
1669917557 11 8 12 10 
1669917559 12 15 12 11 
1669917561 13 13 10 12 
1669917563 10 43 10 12 
1669917565 8 13 12 10 
1669917567 13 13 11 10 
1669917569 11 11 12 12 
1669917571 10 14 11 10 
1669917573 12 12 9 11 
1669917575 10 13 10 14 
1669917577 14 12 10 10 
1669917579 10 13 11 11 
1669917581 12 13 10 15 
1669917583 11 11 11 12 
1669917585 10 13 9 10 
1669917587 12 14 9 11 
1669917589 11 11 9 10 
1669917591 10 11 12 10 
1669917593 13 14 13 13 
1669917595 12 11 9 13 
1669917597 9 11 12 11 
1669917599 9 11 9 15 
