1669917603 13 16 12 14 
1669917606 10 14 9 11 
1669917608 10 13 11 11 
1669917610 12 11 7 8 
1669917612 8 11 11 13 
1669917614 12 14 12 11 
1669917616 9 13 14 10 
1669917618 11 11 10 12 
1669917620 13 11 10 12 
1669917622 12 13 12 12 
1669917624 10 12 10 12 
1669917626 13 10 11 11 
1669917628 14 11 11 10 
1669917630 11 13 10 12 
1669917632 11 11 14 10 
1669917634 13 11 12 11 
1669917636 10 14 13 10 
1669917638 11 8 10 12 
1669917640 10 12 9 11 
1669917642 9 10 10 7 
1669917644 7 13 11 11 
1669917646 12 12 10 13 
1669917648 12 13 10 11 
1669917650 10 11 10 12 
1669917652 13 8 12 9 
1669917654 11 12 13 13 
1669917656 11 12 11 10 
1669917658 11 12 7 9 
1669917660 12 10 11 11 
1669917662 12 13 12 12 
1669917664 12 11 11 11 
1669917666 11 11 11 10 
1669917668 8 11 11 12 
1669917670 9 13 11 10 
1669917672 11 10 9 14 
1669917674 12 12 10 13 
1669917676 10 13 11 10 
1669917678 12 10 9 12 
1669917680 11 11 9 12 
1669917682 11 13 9 12 
1669917684 12 9 10 12 
1669917686 11 12 7 12 
1669917688 11 11 11 10 
1669917690 13 13 10 11 
1669917692 10 11 11 12 
1669917694 10 11 11 12 
1669917696 11 13 13 11 
1669917698 12 12 13 12 
1669917700 10 10 10 14 
1669917702 11 9 9 10 
1669917704 8 13 13 10 
1669917706 13 10 11 9 
1669917708 11 11 10 11 
1669917710 12 12 10 12 
1669917712 12 9 9 11 
1669917714 10 12 10 10 
1669917716 11 12 12 12 
1669917718 12 12 8 11 
1669917720 9 12 12 9 
1669917722 12 12 11 10 
1669917724 13 12 9 12 
1669917726 11 11 11 12 
1669917728 13 11 10 11 
1669917730 12 15 11 10 
1669917732 11 12 9 11 
1669917734 12 14 11 15 
1669917736 10 13 12 11 
1669917738 12 13 11 9 
1669917740 12 9 10 10 
1669917742 14 11 11 10 
1669917744 12 14 11 11 
1669917746 13 12 12 12 
1669917748 12 13 11 12 
1669917750 11 14 13 11 
1669917752 10 14 10 13 
1669917754 12 11 12 10 
1669917756 10 12 9 9 
1669917758 10 11 10 13 
1669917760 10 13 11 10 
1669917762 11 11 10 13 
1669917764 9 10 13 14 
1669917766 12 11 13 11 
1669917768 12 12 9 11 
1669917770 8 16 10 11 
1669917772 9 11 11 11 
1669917774 12 10 8 15 
1669917776 11 11 11 10 
1669917778 12 10 10 13 
1669917780 15 11 13 11 
1669917782 12 13 11 13 
1669917784 10 14 10 12 
1669917786 9 12 11 11 
1669917788 8 11 10 9 
1669917790 7 7 12 10 
1669917792 9 13 11 10 
1669917794 12 9 12 11 
1669917796 11 12 8 11 
1669917798 11 11 12 10 
1669917800 11 13 12 12 
1669917802 9 12 11 11 
1669917804 10 13 13 14 
1669917806 11 10 9 11 
1669917808 12 10 11 9 
1669917810 11 12 12 11 
1669917812 10 12 8 11 
1669917814 9 13 10 11 
1669917816 10 11 11 9 
1669917818 10 11 13 12 
1669917820 12 14 10 8 
1669917822 11 11 11 12 
1669917824 10 12 11 11 
1669917826 10 14 10 8 
1669917828 11 10 9 11 
1669917830 10 10 11 11 
1669917832 13 13 11 9 
1669917834 12 13 8 9 
1669917836 8 13 12 11 
1669917838 10 10 10 10 
1669917840 10 11 10 11 
1669917842 12 11 11 8 
1669917844 10 11 10 9 
1669917846 10 13 10 11 
1669917848 9 10 10 11 
1669917850 12 12 10 11 
1669917852 13 11 12 11 
1669917854 13 13 10 10 
1669917856 8 11 9 10 
1669917858 12 12 10 13 
1669917860 10 14 12 12 
1669917862 12 12 12 13 
1669917864 12 12 11 13 
1669917866 12 13 10 11 
1669917868 12 13 8 11 
1669917870 11 11 11 12 
1669917872 11 12 12 8 
1669917874 12 12 10 10 
1669917876 12 13 11 12 
1669917878 9 10 10 11 
1669917880 11 11 11 12 
1669917882 10 10 9 12 
1669917884 12 12 11 12 
1669917886 10 10 10 11 
1669917888 12 11 10 12 
1669917890 11 13 10 10 
1669917892 11 14 11 10 
1669917894 9 14 10 12 
1669917896 8 13 9 9 
1669917898 9 12 9 11 
1669917900 12 12 10 14 
1669917902 11 13 10 13 
1669917904 9 13 11 11 
1669917906 11 13 9 9 
1669917908 10 11 11 13 
1669917910 11 12 11 13 
1669917912 9 12 10 12 
1669917914 11 11 11 13 
1669917916 11 12 9 10 
1669917918 11 13 13 11 
1669917920 12 11 8 12 
1669917922 11 10 10 12 
1669917924 11 10 10 12 
1669917926 13 14 13 11 
1669917928 13 11 10 11 
1669917930 10 14 11 9 
1669917932 11 14 11 12 
1669917934 10 12 9 9 
1669917936 11 15 12 12 
1669917938 10 12 8 11 
1669917940 10 11 12 12 
1669917942 11 12 10 12 
1669917944 7 12 10 11 
1669917946 10 13 9 13 
1669917948 10 13 12 11 
1669917950 13 10 12 10 
1669917952 12 14 10 13 
1669917954 11 11 11 13 
1669917956 11 12 10 11 
1669917958 11 11 11 10 
1669917960 11 9 11 12 
1669917962 13 13 10 10 
1669917964 13 12 11 11 
1669917966 11 10 13 12 
1669917968 10 13 11 12 
1669917970 10 13 12 12 
1669917972 11 10 12 13 
1669917974 10 10 12 13 
1669917976 11 12 11 9 
1669917978 11 11 11 10 
1669917980 13 12 13 11 
1669917982 11 11 11 11 
1669917984 13 11 11 12 
1669917986 9 13 11 11 
1669917988 12 14 10 9 
1669917990 9 14 10 10 
1669917992 11 12 11 10 
1669917994 13 12 11 9 
1669917996 9 14 9 11 
1669917998 10 12 10 12 
1669918000 10 11 9 12 
1669918002 9 13 9 12 
1669918004 12 13 11 10 
1669918006 12 12 12 11 
1669918008 9 12 12 12 
1669918010 10 13 12 11 
1669918012 9 10 12 13 
1669918014 10 9 11 9 
1669918016 11 12 11 10 
1669918018 12 15 12 13 
1669918020 12 11 10 10 
1669918022 10 11 12 12 
1669918024 11 14 10 8 
1669918026 11 13 11 11 
1669918028 11 11 11 14 
1669918030 12 12 10 13 
1669918032 11 11 11 10 
1669918034 8 12 9 13 
1669918036 11 14 10 8 
1669918038 12 11 13 11 
1669918040 12 10 11 11 
1669918042 9 11 9 12 
1669918044 11 11 11 12 
1669918046 10 12 10 9 
1669918048 9 15 13 12 
1669918050 12 10 11 11 
1669918052 9 11 10 12 
1669918054 11 11 12 10 
1669918056 10 11 10 12 
1669918058 13 14 11 8 
1669918060 13 11 12 11 
1669918062 8 11 11 9 
1669918064 11 10 11 13 
1669918066 10 10 10 13 
1669918068 11 11 9 14 
1669918070 11 13 12 11 
1669918072 11 10 11 11 
1669918074 10 13 11 12 
1669918076 11 11 10 11 
1669918078 9 11 11 12 
1669918080 11 11 10 14 
1669918082 12 12 11 11 
1669918084 12 12 10 14 
1669918086 10 12 12 12 
1669918088 13 10 11 9 
1669918090 11 14 11 11 
1669918092 13 13 11 10 
1669918094 10 14 10 12 
1669918096 10 11 10 14 
1669918098 11 10 10 9 
1669918100 11 45 11 11 
1669918102 9 10 11 10 
1669918104 11 13 12 11 
1669918106 11 10 10 12 
1669918108 12 9 12 12 
1669918110 12 14 13 13 
1669918112 11 13 10 12 
1669918114 11 11 9 10 
1669918116 11 13 12 10 
1669918118 12 10 10 13 
1669918120 11 12 12 9 
1669918122 10 13 9 10 
1669918124 9 14 11 11 
1669918126 12 11 13 9 
1669918128 11 14 14 10 
1669918130 10 11 9 11 
1669918132 12 10 12 11 
1669918134 10 13 11 12 
1669918136 11 12 10 9 
1669918138 12 13 11 14 
1669918140 10 10 11 13 
1669918142 11 10 13 12 
1669918144 7 12 12 12 
1669918146 14 11 9 13 
1669918148 10 11 10 15 
1669918150 12 11 10 12 
1669918152 9 13 9 11 
1669918154 11 12 10 9 
1669918156 14 12 12 13 
1669918158 10 15 12 12 
1669918160 10 14 11 13 
1669918162 11 11 10 11 
1669918164 12 12 12 11 
1669918166 10 11 13 11 
1669918168 10 11 11 12 
1669918170 12 11 11 13 
1669918172 13 10 12 10 
1669918174 14 11 9 10 
1669918176 11 9 8 13 
1669918178 14 15 8 13 
1669918180 12 12 11 11 
1669918182 12 10 11 15 
1669918184 10 14 12 12 
1669918186 10 10 12 11 
1669918188 11 14 13 10 
1669918190 8 13 11 12 
1669918192 14 14 12 11 
1669918194 12 15 9 11 
1669918196 11 12 10 10 
1669918198 11 11 10 12 
1669918200 12 11 9 13 
1669918202 8 11 10 10 
1669918204 9 12 15 11 
1669918206 9 10 10 14 
1669918208 10 12 9 12 
1669918210 12 10 11 12 
1669918212 11 12 11 11 
1669918214 10 13 10 10 
1669918216 11 7 11 9 
1669918218 12 12 11 11 
1669918220 10 12 10 11 
1669918222 13 11 12 11 
1669918224 11 11 13 11 
1669918226 12 14 10 13 
1669918228 11 7 10 12 
1669918230 13 10 9 13 
1669918232 10 9 9 10 
1669918234 11 11 11 10 
1669918236 12 14 11 11 
1669918238 10 11 9 13 
1669918240 11 13 11 10 
1669918242 10 11 12 9 
1669918244 9 10 9 13 
1669918246 13 11 11 10 
1669918248 9 14 9 10 
1669918250 10 12 12 13 
1669918252 12 11 10 11 
1669918254 11 15 7 10 
1669918256 13 11 11 9 
1669918258 11 12 10 12 
1669918260 11 11 10 10 
1669918262 12 12 11 10 
1669918264 11 12 11 13 
1669918266 11 9 9 11 
1669918268 14 12 12 11 
1669918270 11 15 12 12 
1669918272 10 10 12 12 
1669918274 12 13 10 9 
1669918276 10 12 11 11 
1669918278 10 15 10 13 
1669918280 11 12 11 10 
1669918282 10 9 11 9 
1669918284 9 15 9 12 
1669918286 12 13 11 11 
1669918288 11 15 14 11 
1669918290 11 12 10 10 
1669918292 10 15 13 12 
1669918294 10 14 11 13 
1669918296 11 11 11 14 
1669918298 11 9 7 11 
1669918300 12 13 10 9 
1669918302 9 14 8 10 
1669918304 9 10 10 12 
1669918306 11 13 11 11 
1669918308 11 11 12 10 
1669918310 11 14 9 13 
1669918312 11 12 10 12 
1669918314 10 12 10 11 
1669918316 12 14 12 11 
1669918318 10 13 12 11 
1669918320 8 13 9 11 
1669918322 9 13 12 10 
1669918324 13 13 9 10 
1669918326 11 13 13 11 
1669918328 14 14 10 12 
1669918330 11 11 13 13 
1669918332 12 12 12 12 
1669918334 9 11 9 11 
1669918336 10 12 11 9 
1669918338 12 11 12 10 
1669918340 11 13 14 11 
1669918342 10 12 12 10 
1669918344 12 13 10 11 
1669918346 11 11 9 8 
1669918348 11 13 12 9 
1669918350 11 13 11 11 
1669918352 10 12 11 14 
1669918354 10 15 11 13 
1669918356 9 14 10 13 
1669918358 12 6 11 10 
1669918360 9 6 10 10 
1669918362 14 13 10 14 
1669918364 8 14 9 13 
1669918366 15 13 9 11 
1669918368 10 10 9 11 
1669918370 12 11 10 9 
1669918372 12 12 9 12 
1669918374 11 12 10 12 
1669918376 13 13 12 11 
1669918378 11 13 12 10 
1669918380 12 10 8 10 
1669918382 9 15 12 11 
1669918384 12 12 11 13 
1669918386 10 14 12 10 
1669918388 11 11 10 10 
1669918390 8 13 10 11 
1669918392 12 13 11 12 
1669918394 8 11 11 8 
1669918396 9 12 12 12 
1669918398 8 11 9 11 
1669918400 12 12 10 12 
1669918402 11 13 13 12 
1669918404 10 12 11 12 
1669918406 10 13 11 12 
1669918408 12 10 9 11 
1669918410 9 13 12 11 
1669918412 12 12 9 13 
1669918414 13 12 12 12 
1669918416 13 12 10 8 
1669918418 12 12 8 12 
1669918420 11 9 10 10 
1669918422 13 14 13 11 
1669918424 9 11 11 10 
1669918426 10 14 10 13 
1669918428 11 14 10 11 
1669918430 10 12 9 12 
1669918432 11 9 10 13 
1669918434 11 15 10 14 
1669918436 11 12 14 8 
1669918438 11 12 10 12 
1669918440 12 11 10 14 
1669918442 12 8 12 11 
1669918444 11 11 13 14 
1669918446 11 12 11 13 
1669918448 10 10 9 9 
1669918450 11 9 11 9 
1669918452 9 13 10 13 
1669918454 12 12 11 12 
1669918456 11 8 11 11 
1669918458 10 13 11 10 
1669918460 12 12 10 11 
1669918462 12 14 9 11 
1669918464 12 11 10 8 
1669918466 11 14 9 13 
1669918468 12 10 9 11 
1669918470 11 10 10 11 
1669918472 11 10 10 12 
1669918474 11 14 11 9 
1669918476 11 11 13 11 
1669918478 10 16 11 9 
1669918480 13 13 10 9 
1669918482 12 41 12 12 
1669918484 11 11 11 11 
1669918486 12 12 9 14 
1669918488 14 9 14 13 
1669918490 10 12 13 10 
1669918492 10 11 10 11 
1669918494 11 13 11 12 
1669918496 10 17 7 10 
1669918498 11 10 10 12 
1669918500 13 13 12 11 
1669918502 13 11 10 13 
1669918504 11 15 11 10 
1669918506 10 12 12 11 
1669918508 11 12 12 10 
1669918510 9 14 12 9 
1669918512 13 12 11 10 
1669918514 8 11 9 10 
1669918516 12 12 9 11 
1669918518 14 13 11 12 
1669918520 8 13 10 12 
1669918522 12 13 11 11 
1669918524 13 11 13 12 
1669918526 13 12 10 13 
1669918528 12 11 10 11 
1669918530 10 11 11 12 
1669918532 13 9 11 11 
1669918534 13 13 9 11 
1669918536 12 13 10 11 
1669918538 9 12 9 13 
1669918540 12 13 13 11 
1669918542 11 13 11 11 
1669918544 11 12 9 12 
1669918546 10 13 10 10 
1669918548 12 12 11 11 
1669918550 9 11 9 13 
1669918552 14 11 11 13 
1669918554 10 10 11 10 
1669918556 9 11 12 8 
1669918558 10 10 10 12 
1669918560 13 13 9 13 
1669918562 10 11 8 10 
1669918564 9 10 8 9 
1669918566 12 10 10 11 
1669918568 13 11 10 11 
1669918570 12 10 12 12 
1669918572 10 13 10 12 
1669918574 11 13 12 13 
1669918576 13 13 12 10 
1669918578 13 11 11 13 
1669918580 13 14 11 12 
1669918582 11 11 8 11 
1669918584 11 14 13 8 
1669918586 10 12 11 10 
1669918588 11 10 12 12 
1669918590 10 13 9 11 
1669918592 11 13 10 10 
1669918594 13 12 11 12 
1669918596 10 11 10 10 
1669918598 10 13 12 8 
1669918600 9 10 11 12 
1669918602 10 12 9 13 
1669918604 11 11 9 10 
1669918606 10 12 11 13 
1669918608 11 10 13 10 
1669918610 16 10 10 12 
1669918612 11 13 9 9 
1669918614 12 9 9 11 
1669918616 11 10 12 13 
1669918618 10 9 12 12 
1669918620 11 10 12 11 
1669918622 12 11 9 13 
1669918624 13 13 9 13 
1669918626 10 15 9 13 
1669918628 11 10 11 12 
1669918630 12 13 9 9 
1669918632 9 14 10 13 
1669918634 11 13 11 13 
1669918636 12 13 9 14 
1669918638 10 13 10 11 
1669918640 12 11 9 11 
1669918642 13 14 11 10 
1669918644 10 13 12 11 
1669918646 10 12 11 12 
1669918648 9 11 11 13 
1669918650 12 11 11 11 
1669918652 10 7 10 10 
1669918654 9 12 9 11 
1669918656 12 12 12 12 
1669918658 12 12 10 12 
1669918660 9 9 10 11 
1669918662 9 10 14 12 
1669918664 10 12 12 10 
1669918666 10 12 12 13 
1669918668 13 10 10 12 
1669918670 12 11 10 12 
1669918672 10 10 12 12 
1669918674 10 13 10 11 
1669918676 11 12 9 11 
1669918678 9 10 10 14 
1669918680 10 12 12 12 
1669918682 10 12 10 13 
1669918684 13 11 10 9 
1669918686 12 11 10 13 
1669918688 15 12 10 9 
1669918690 12 12 9 13 
1669918692 10 12 10 14 
1669918694 13 11 9 10 
1669918696 13 13 12 11 
1669918698 10 9 9 10 
1669918700 12 10 11 12 
1669918702 9 12 12 10 
1669918704 14 11 11 11 
1669918706 11 11 11 12 
1669918708 9 12 8 11 
1669918710 11 13 10 9 
1669918712 12 12 10 14 
1669918714 12 12 12 11 
1669918716 10 9 11 13 
1669918718 10 11 12 12 
1669918720 11 13 11 10 
1669918722 12 13 11 12 
1669918724 10 12 9 12 
1669918726 13 15 8 8 
1669918728 10 12 11 8 
1669918730 11 15 11 14 
1669918732 12 11 9 11 
1669918734 11 10 8 12 
1669918736 11 11 11 10 
1669918738 11 14 12 13 
1669918740 11 9 12 10 
1669918742 12 15 12 9 
1669918744 11 11 11 11 
1669918746 12 12 10 11 
1669918748 11 11 9 11 
1669918750 10 15 13 10 
1669918752 12 12 12 11 
1669918754 13 12 11 12 
1669918756 12 10 12 13 
1669918758 12 12 12 11 
1669918760 11 15 12 10 
1669918762 12 12 10 9 
1669918764 12 10 11 12 
1669918766 11 15 13 12 
1669918768 12 11 12 12 
1669918770 11 11 12 10 
1669918772 11 13 13 12 
1669918774 16 13 15 14 
1669918776 13 11 9 12 
1669918778 9 12 11 9 
1669918780 9 13 12 11 
1669918782 11 13 10 14 
1669918784 14 12 10 9 
1669918786 10 12 9 12 
1669918788 15 10 13 10 
1669918790 9 11 10 10 
1669918792 13 12 10 9 
1669918794 11 12 8 13 
1669918796 14 11 12 13 
1669918798 10 12 10 11 
1669918800 8 13 10 11 
1669918802 13 12 10 12 
1669918804 13 11 12 11 
1669918806 10 13 11 12 
1669918808 12 12 12 9 
1669918810 8 10 11 9 
1669918812 13 13 10 10 
1669918814 9 9 9 8 
1669918816 11 12 9 12 
1669918818 11 10 14 13 
1669918820 12 12 8 9 
1669918822 11 14 9 10 
1669918824 13 41 8 10 
1669918826 11 13 9 11 
1669918828 11 11 11 12 
1669918830 10 11 12 11 
1669918832 12 10 10 12 
1669918834 11 11 10 12 
1669918836 9 13 11 10 
1669918838 10 12 8 11 
1669918840 10 49 12 8 
1669918842 12 11 9 11 
1669918844 11 13 13 12 
1669918846 10 12 9 13 
1669918848 9 15 11 13 
1669918850 13 11 11 13 
1669918852 13 11 11 13 
1669918854 11 14 12 11 
1669918856 10 11 10 11 
1669918858 12 16 11 12 
1669918860 10 9 9 9 
1669918862 11 13 9 10 
1669918864 10 8 11 12 
1669918866 10 13 10 11 
1669918868 9 11 13 12 
1669918870 12 13 8 12 
1669918872 10 13 11 11 
1669918874 10 9 11 12 
1669918876 11 12 12 10 
1669918878 11 12 12 12 
1669918880 11 11 11 11 
1669918882 13 9 10 10 
1669918884 11 11 9 9 
1669918886 11 11 10 12 
1669918888 10 11 8 11 
1669918890 12 12 11 13 
1669918892 12 12 11 11 
1669918894 13 14 9 10 
1669918896 10 13 12 10 
1669918898 12 9 9 12 
1669918900 13 11 12 11 
1669918902 9 13 12 15 
1669918904 13 13 10 9 
1669918906 12 10 11 9 
1669918908 11 18 11 13 
1669918910 10 12 12 12 
1669918912 9 11 11 13 
1669918914 13 12 10 11 
1669918916 10 12 10 13 
1669918918 9 11 10 11 
1669918920 12 12 10 12 
1669918922 12 12 13 9 
1669918924 10 13 12 11 
1669918926 10 12 10 11 
1669918928 11 11 11 8 
1669918930 14 14 8 10 
1669918932 11 10 11 12 
1669918934 13 11 10 12 
1669918936 10 13 12 11 
1669918938 13 12 9 11 
1669918940 12 10 11 13 
1669918942 9 10 8 12 
1669918944 12 13 11 8 
1669918946 10 12 12 10 
1669918948 12 11 10 13 
1669918950 9 13 10 14 
1669918952 13 11 11 9 
1669918954 12 14 11 10 
1669918956 11 14 11 11 
1669918958 10 12 11 11 
1669918960 12 14 12 12 
1669918962 10 14 10 14 
1669918964 11 12 11 12 
1669918966 11 13 12 11 
1669918968 13 10 10 12 
1669918970 11 13 13 12 
1669918972 11 10 9 12 
1669918974 11 12 11 12 
1669918976 11 12 13 9 
1669918978 10 9 10 10 
1669918980 12 10 11 11 
1669918982 12 11 10 13 
1669918984 11 13 12 12 
1669918986 11 12 14 10 
1669918988 11 13 9 11 
1669918990 12 12 12 10 
1669918992 12 13 10 12 
1669918994 10 12 13 12 
1669918996 12 12 12 13 
1669918998 11 13 9 12 
1669919000 12 11 12 12 
1669919002 10 14 11 9 
1669919004 14 12 9 10 
1669919006 12 12 13 11 
1669919008 10 11 10 10 
1669919010 11 13 9 8 
1669919012 12 13 13 11 
1669919014 14 10 9 10 
1669919016 9 12 10 13 
1669919018 9 12 9 9 
1669919020 8 10 11 12 
1669919022 12 10 10 11 
1669919024 12 14 9 12 
1669919026 10 12 10 12 
1669919028 11 10 14 11 
1669919030 7 10 12 10 
1669919032 10 10 11 13 
1669919034 12 10 10 10 
1669919036 12 9 12 9 
1669919038 10 12 11 12 
1669919040 12 15 10 11 
1669919042 11 11 11 10 
1669919044 7 13 12 11 
1669919046 12 13 10 12 
1669919048 13 15 10 8 
1669919050 10 13 11 11 
1669919052 12 11 9 11 
1669919054 13 9 12 11 
1669919056 9 12 12 13 
1669919058 9 14 11 13 
1669919060 10 14 13 11 
1669919062 9 11 10 9 
1669919064 11 11 12 11 
1669919066 11 12 10 11 
1669919068 12 15 13 11 
1669919070 12 12 11 13 
1669919072 10 12 11 13 
1669919074 10 10 9 10 
1669919076 11 12 10 9 
1669919078 12 12 13 11 
1669919080 9 12 13 13 
1669919082 11 10 9 13 
1669919084 9 13 12 10 
1669919086 13 11 12 10 
1669919088 11 11 11 11 
1669919090 9 11 10 10 
1669919092 13 9 13 11 
1669919094 13 11 7 12 
1669919096 10 13 11 12 
1669919098 13 14 10 13 
1669919100 12 12 9 12 
1669919102 10 12 11 10 
1669919104 13 12 10 12 
1669919106 10 11 11 10 
1669919108 12 10 12 10 
1669919110 10 12 9 10 
1669919112 12 15 12 11 
1669919114 12 13 10 10 
1669919116 10 14 11 11 
1669919118 11 13 13 13 
1669919120 11 13 10 8 
1669919122 13 11 12 13 
1669919124 11 12 12 13 
1669919126 11 11 9 11 
1669919128 12 10 7 13 
1669919130 11 9 10 12 
1669919132 9 13 12 13 
1669919134 10 11 12 11 
1669919136 11 12 13 12 
1669919138 9 13 8 9 
1669919140 11 11 10 10 
1669919142 10 12 9 14 
1669919144 12 10 11 12 
1669919146 12 11 12 9 
1669919148 9 11 12 12 
1669919150 15 13 11 9 
1669919152 9 11 11 12 
1669919154 10 11 12 13 
1669919156 9 12 10 10 
1669919158 12 13 9 13 
1669919160 10 10 11 13 
1669919162 12 11 12 11 
1669919164 12 13 12 11 
1669919166 10 11 9 13 
1669919168 10 9 11 11 
1669919170 12 14 13 13 
1669919172 11 12 12 15 
1669919174 12 13 14 15 
1669919176 10 13 10 12 
1669919178 11 11 9 11 
1669919180 14 13 10 10 
1669919182 10 11 11 11 
1669919184 8 12 9 12 
1669919186 14 13 9 10 
1669919188 10 10 9 8 
1669919190 8 11 10 8 
1669919192 13 13 9 12 
1669919194 11 11 11 12 
1669919196 9 10 9 11 
1669919198 11 12 10 11 
1669919200 9 7 11 11 
1669919202 10 11 11 8 
1669919204 11 13 6 11 
1669919206 13 12 9 13 
1669919208 14 12 9 12 
1669919210 11 12 11 10 
1669919212 12 10 14 11 
1669919214 11 14 11 11 
1669919216 9 12 11 11 
1669919218 9 13 10 11 
1669919220 12 10 10 13 
1669919222 11 9 12 13 
1669919224 12 11 9 11 
1669919226 10 13 10 14 
1669919228 12 13 11 11 
1669919230 10 11 11 11 
1669919232 12 11 11 10 
1669919234 13 12 10 13 
1669919236 12 13 11 13 
1669919238 13 11 11 10 
1669919240 11 12 8 10 
1669919242 12 13 11 10 
1669919244 9 10 11 8 
1669919246 12 9 11 13 
1669919248 12 13 11 12 
1669919250 11 10 10 13 
1669919252 11 10 12 10 
1669919254 10 15 10 10 
1669919256 12 14 13 9 
1669919258 10 11 11 12 
1669919260 9 12 12 11 
1669919262 10 10 12 11 
1669919264 12 14 11 9 
1669919266 10 12 10 10 
1669919268 11 8 11 9 
1669919270 12 11 11 13 
1669919272 11 13 12 11 
1669919274 9 12 10 11 
1669919276 11 12 12 10 
1669919278 12 10 9 10 
1669919280 12 13 12 12 
1669919282 11 10 12 12 
1669919284 11 15 11 7 
1669919286 11 15 10 9 
1669919288 9 12 11 13 
1669919290 11 14 10 11 
1669919292 12 8 9 12 
1669919294 13 12 12 12 
1669919296 10 13 9 12 
1669919298 13 13 8 12 
1669919300 11 13 12 13 
1669919302 14 12 9 9 
1669919304 10 13 13 11 
1669919306 12 14 9 13 
1669919308 10 9 11 12 
1669919310 11 9 8 12 
1669919312 11 11 12 11 
1669919314 13 10 10 10 
1669919316 10 11 9 17 
1669919318 10 9 10 8 
1669919320 12 11 12 12 
1669919322 10 12 9 11 
1669919324 10 10 11 12 
1669919326 12 13 11 10 
1669919328 10 11 12 14 
1669919330 10 11 11 10 
1669919332 11 11 8 13 
1669919334 10 14 10 9 
1669919336 12 11 13 12 
1669919338 11 14 11 9 
1669919340 11 13 12 10 
1669919342 9 11 12 11 
1669919344 10 12 9 11 
1669919346 10 12 9 11 
1669919348 9 10 12 11 
1669919350 13 12 11 9 
1669919352 12 12 10 10 
1669919354 12 11 9 11 
1669919356 12 10 12 12 
1669919358 12 13 12 10 
1669919360 10 11 11 12 
1669919362 11 11 9 11 
1669919364 10 12 12 13 
1669919366 10 12 10 12 
1669919368 12 12 10 12 
1669919370 11 13 10 12 
1669919372 13 15 13 13 
1669919374 11 10 11 13 
1669919376 12 13 10 15 
1669919378 13 13 10 10 
1669919380 11 13 12 9 
1669919382 10 11 10 11 
1669919384 11 16 8 12 
1669919386 11 12 9 15 
1669919388 11 13 9 11 
1669919390 9 10 10 13 
1669919392 10 11 12 10 
1669919394 12 11 10 11 
1669919396 12 13 13 11 
1669919398 11 13 11 11 
1669919400 8 10 12 12 
1669919402 10 12 13 11 
1669919404 13 11 11 12 
1669919406 11 12 11 10 
1669919408 9 12 11 10 
1669919410 11 10 10 10 
1669919412 12 13 10 9 
1669919414 11 11 13 10 
1669919416 8 10 8 9 
1669919418 10 10 9 12 
1669919420 11 11 9 12 
1669919422 10 12 11 10 
1669919424 13 11 11 12 
1669919426 11 13 11 12 
1669919428 14 11 10 9 
1669919430 11 11 8 10 
1669919432 11 12 11 12 
1669919434 10 12 10 11 
1669919436 12 9 12 12 
1669919438 10 11 11 9 
1669919440 9 13 11 13 
1669919442 13 11 10 11 
1669919444 12 9 11 13 
1669919446 10 11 9 10 
1669919448 13 11 12 9 
1669919450 12 12 11 13 
1669919452 10 11 10 9 
1669919454 12 9 9 8 
1669919456 11 9 11 10 
1669919458 13 12 10 12 
1669919460 13 11 12 10 
1669919462 12 11 12 14 
1669919464 11 11 8 10 
1669919466 11 10 13 11 
1669919468 8 38 10 9 
1669919470 11 12 10 10 
1669919472 12 10 12 8 
1669919474 12 12 12 12 
1669919476 11 10 11 10 
1669919478 12 11 10 12 
1669919480 11 11 9 13 
1669919482 11 13 9 11 
1669919484 12 13 11 12 
1669919486 10 11 10 10 
1669919488 10 10 12 11 
1669919490 11 12 10 11 
1669919492 11 10 9 10 
1669919494 12 12 9 12 
1669919496 11 14 11 12 
1669919498 11 12 10 10 
1669919500 10 11 11 10 
1669919502 10 10 13 11 
1669919504 13 13 10 12 
1669919506 11 11 9 11 
1669919508 13 10 7 14 
1669919510 11 13 10 13 
1669919512 12 13 11 10 
1669919514 12 11 10 10 
1669919516 14 8 11 11 
1669919518 12 13 12 10 
1669919520 12 10 11 13 
1669919522 10 11 11 8 
1669919524 12 12 10 14 
1669919526 9 12 11 12 
1669919528 11 13 6 13 
1669919530 11 13 14 12 
1669919532 11 12 10 13 
1669919534 10 10 9 12 
1669919536 10 10 11 10 
1669919538 13 13 12 9 
1669919540 8 8 10 13 
1669919542 8 11 8 12 
1669919544 11 7 10 13 
1669919546 11 14 10 10 
1669919548 11 11 10 12 
1669919550 10 11 11 12 
1669919552 11 11 8 12 
1669919554 12 12 11 13 
1669919556 9 11 10 9 
1669919558 10 13 8 10 
1669919560 12 12 13 11 
1669919562 11 14 11 9 
1669919564 10 13 12 11 
1669919566 7 13 9 9 
1669919568 12 11 11 11 
1669919570 13 11 11 10 
1669919572 10 15 11 12 
1669919574 12 11 11 10 
1669919576 12 11 9 10 
1669919578 11 14 14 12 
1669919580 12 11 12 10 
1669919582 11 12 9 13 
1669919584 12 12 12 11 
1669919586 12 12 12 13 
1669919588 11 11 12 11 
1669919590 9 13 12 14 
1669919592 13 14 11 11 
1669919594 11 13 11 9 
1669919596 13 11 11 11 
1669919598 12 9 10 11 
1669919600 11 13 11 13 
1669919602 11 12 9 9 
1669919604 11 5 10 10 
1669919606 10 14 11 11 
1669919608 11 11 11 9 
1669919610 5 14 13 10 
1669919612 11 13 9 11 
1669919614 10 10 11 9 
1669919616 11 10 9 11 
1669919618 12 9 10 9 
1669919620 9 13 11 11 
1669919622 11 14 11 11 
1669919624 9 13 14 12 
1669919626 12 10 10 13 
1669919628 13 10 9 10 
1669919630 12 11 10 15 
1669919632 11 12 13 12 
1669919634 12 12 12 12 
1669919636 13 11 12 11 
1669919638 9 11 10 12 
1669919640 9 12 10 10 
1669919642 11 10 11 13 
1669919644 10 11 10 12 
1669919646 12 11 10 12 
1669919648 14 12 10 9 
1669919650 10 13 9 13 
1669919652 11 13 8 12 
1669919654 10 12 12 12 
1669919656 8 10 11 11 
1669919658 12 11 10 11 
1669919660 12 11 11 13 
1669919662 11 13 8 13 
1669919664 9 12 12 13 
1669919666 8 13 9 12 
1669919668 11 13 9 12 
1669919670 11 11 11 11 
1669919672 13 13 12 12 
1669919674 10 11 12 11 
1669919676 10 13 11 12 
1669919678 12 13 10 15 
1669919680 11 12 8 13 
1669919682 12 12 9 13 
1669919684 10 14 12 12 
1669919686 11 11 14 8 
1669919688 10 11 11 11 
1669919690 10 12 11 11 
1669919692 10 11 12 12 
1669919694 12 12 8 11 
1669919696 10 13 13 11 
1669919698 10 13 9 11 
1669919700 8 13 10 11 
1669919702 11 20 11 14 
1669919704 11 12 10 10 
1669919706 11 10 11 13 
1669919708 11 12 10 10 
1669919710 12 13 10 11 
1669919712 12 12 11 10 
1669919714 12 13 9 12 
1669919716 11 11 12 11 
1669919718 8 13 11 10 
1669919720 10 13 10 10 
1669919722 10 11 13 10 
1669919724 12 14 9 12 
1669919726 12 12 9 12 
1669919728 12 11 11 10 
1669919730 13 11 11 11 
1669919732 11 10 10 12 
1669919734 11 12 10 11 
1669919736 14 8 9 8 
1669919738 10 12 11 12 
1669919740 10 10 9 12 
1669919742 13 13 10 7 
1669919744 10 12 8 11 
1669919746 10 11 12 11 
1669919748 10 11 12 10 
1669919750 12 10 10 9 
1669919752 11 15 10 10 
1669919754 10 11 9 10 
1669919756 10 13 8 8 
1669919758 11 11 11 12 
1669919760 13 11 10 15 
1669919762 11 10 10 14 
1669919764 10 12 10 13 
1669919766 12 9 14 10 
1669919768 8 9 11 12 
1669919770 11 12 10 13 
1669919772 11 11 12 11 
1669919774 11 12 9 10 
1669919776 9 11 11 12 
1669919778 11 12 11 12 
1669919780 10 12 11 11 
1669919782 11 13 10 14 
1669919784 12 10 9 11 
1669919786 9 11 10 9 
1669919788 12 11 14 10 
1669919790 11 11 12 9 
1669919792 12 10 10 9 
1669919794 11 12 13 12 
1669919796 10 12 8 10 
1669919798 11 12 11 11 
1669919800 14 10 11 13 
1669919802 11 13 10 11 
1669919804 10 14 10 13 
1669919806 11 10 9 10 
1669919808 11 12 10 9 
1669919810 13 10 11 12 
1669919812 10 12 11 13 
1669919814 14 14 11 11 
1669919816 12 12 11 10 
1669919818 11 11 12 13 
1669919820 8 12 10 13 
1669919822 12 11 12 9 
1669919824 10 11 11 12 
1669919826 12 14 8 15 
1669919828 11 12 10 11 
1669919830 12 11 10 12 
1669919832 13 12 12 9 
1669919834 10 12 9 9 
1669919836 10 12 10 11 
1669919838 13 12 14 12 
1669919840 13 10 11 11 
1669919842 12 12 10 12 
1669919844 13 14 12 12 
1669919846 10 8 10 12 
1669919848 9 14 12 9 
1669919850 14 11 13 13 
1669919852 11 12 9 12 
1669919854 11 13 12 11 
1669919856 13 9 11 11 
1669919858 12 13 11 11 
1669919860 12 11 10 12 
1669919862 13 12 9 9 
1669919864 11 9 10 14 
1669919866 10 9 10 10 
1669919868 13 12 12 12 
1669919870 13 13 10 13 
1669919872 7 12 10 10 
1669919874 13 12 8 11 
1669919876 10 11 11 12 
1669919878 13 11 8 12 
1669919880 12 12 12 14 
1669919882 11 12 12 9 
1669919884 10 12 10 11 
1669919886 10 14 9 10 
1669919888 11 12 10 11 
1669919890 11 13 11 10 
1669919892 11 11 10 10 
1669919894 11 11 10 10 
1669919896 11 14 13 12 
1669919898 12 13 10 11 
1669919900 9 12 10 10 
1669919902 10 9 9 10 
1669919904 10 12 9 12 
1669919906 10 11 10 11 
1669919908 12 14 12 12 
1669919910 13 12 14 11 
1669919912 10 11 11 10 
1669919914 10 11 13 11 
1669919916 13 12 14 10 
1669919918 10 12 10 10 
1669919920 9 9 11 10 
1669919922 12 9 12 12 
1669919924 13 11 11 11 
1669919926 11 14 10 9 
1669919928 12 13 11 12 
1669919930 12 11 10 10 
1669919932 10 12 10 11 
1669919934 13 13 12 11 
1669919936 12 13 8 9 
1669919938 8 10 12 9 
1669919940 10 13 11 12 
1669919942 9 11 9 11 
1669919944 11 10 9 11 
1669919946 15 13 11 10 
1669919948 13 9 11 8 
1669919950 12 11 10 14 
1669919952 9 13 10 13 
1669919954 11 12 10 10 
1669919956 11 13 11 12 
1669919958 12 13 11 9 
1669919960 9 13 11 14 
1669919962 11 11 12 10 
1669919964 10 12 10 11 
1669919966 12 12 11 12 
1669919968 10 12 11 12 
1669919970 10 10 10 11 
1669919972 14 14 11 13 
1669919974 11 12 10 10 
1669919976 11 13 11 13 
1669919978 11 12 10 12 
1669919980 15 10 11 10 
1669919982 11 12 9 10 
1669919984 13 11 11 10 
1669919986 7 12 11 9 
1669919988 14 13 11 11 
1669919990 12 13 11 13 
1669919992 9 11 9 11 
1669919994 10 13 10 11 
1669919996 10 11 9 10 
1669919998 13 11 12 14 
1669920000 12 13 11 10 
1669920002 12 14 9 10 
1669920004 11 14 9 10 
1669920006 9 11 11 14 
1669920008 13 11 8 11 
1669920010 12 12 10 10 
1669920012 10 19 13 12 
1669920014 10 11 11 14 
1669920016 11 11 10 12 
1669920018 15 11 10 14 
1669920020 14 13 10 13 
1669920022 9 11 10 12 
1669920024 14 10 10 12 
1669920026 12 11 11 10 
1669920028 12 9 9 11 
1669920030 14 15 11 11 
1669920032 10 10 13 10 
1669920034 11 15 12 12 
1669920036 11 14 10 13 
1669920038 12 15 12 11 
1669920040 9 12 9 14 
1669920042 11 11 12 12 
1669920044 15 14 12 12 
1669920046 9 9 10 11 
1669920048 13 20 11 9 
1669920050 14 13 12 8 
1669920052 11 11 12 15 
1669920054 13 11 11 12 
1669920056 11 12 9 11 
1669920058 10 12 12 8 
1669920060 12 11 10 10 
1669920062 12 11 11 11 
1669920064 9 12 10 9 
1669920066 10 12 11 13 
1669920068 11 8 11 12 
1669920070 10 11 10 11 
1669920072 9 12 10 14 
1669920074 11 10 12 9 
1669920076 9 13 11 10 
1669920078 13 12 11 12 
1669920080 11 10 10 13 
1669920082 11 10 10 13 
1669920084 10 13 8 11 
1669920086 11 10 10 14 
1669920088 12 10 11 12 
1669920090 9 10 9 13 
1669920092 12 9 10 11 
1669920094 9 13 11 13 
1669920096 12 11 12 9 
1669920098 10 12 8 11 
1669920100 11 9 9 11 
1669920102 13 10 10 10 
1669920104 9 14 10 9 
1669920106 9 11 13 12 
1669920108 12 14 11 10 
1669920110 10 13 11 11 
1669920112 11 10 9 14 
1669920114 11 13 10 13 
1669920116 8 10 9 10 
1669920118 12 12 11 11 
1669920120 10 14 13 10 
1669920122 11 12 13 11 
1669920124 9 15 11 13 
1669920126 13 12 12 13 
1669920128 13 16 10 12 
1669920130 13 9 12 10 
1669920132 11 13 11 10 
1669920134 10 13 10 10 
1669920136 11 13 9 9 
1669920138 13 15 9 13 
1669920140 12 14 8 11 
1669920142 12 11 13 12 
1669920144 13 14 8 11 
1669920146 10 12 10 9 
1669920148 11 12 11 13 
1669920150 13 14 10 13 
1669920152 11 13 9 12 
1669920154 11 11 10 11 
1669920156 10 11 14 14 
1669920158 13 15 12 13 
1669920160 10 13 11 10 
1669920162 9 11 11 11 
1669920164 12 14 10 9 
1669920166 9 13 13 11 
1669920168 13 11 15 11 
1669920170 13 15 11 12 
1669920172 11 18 11 11 
1669920174 13 11 12 13 
1669920176 11 14 8 11 
1669920178 12 12 10 11 
1669920180 12 11 9 10 
1669920182 11 14 9 10 
1669920184 14 12 10 10 
1669920186 10 10 11 13 
1669920188 10 7 9 14 
1669920190 12 13 11 9 
1669920192 12 10 10 13 
1669920194 12 11 8 11 
1669920196 11 14 11 12 
1669920198 10 8 12 13 
1669920200 11 12 10 12 
1669920202 10 10 11 11 
1669920204 7 13 8 10 
1669920206 13 10 11 12 
1669920208 11 13 10 9 
1669920210 11 13 11 11 
1669920212 13 11 11 11 
1669920214 10 13 10 9 
1669920216 10 10 14 10 
1669920218 12 12 11 10 
1669920220 11 11 11 13 
1669920222 11 10 11 11 
1669920224 11 13 11 14 
1669920226 10 14 10 11 
1669920228 12 13 10 13 
1669920230 11 10 10 9 
1669920232 10 10 9 11 
1669920234 14 10 11 13 
1669920236 12 11 13 10 
1669920238 11 9 12 14 
1669920240 10 8 9 11 
1669920242 10 14 7 13 
1669920244 10 11 10 12 
1669920246 12 15 11 13 
1669920248 9 12 10 10 
1669920250 13 10 13 11 
1669920252 11 9 9 11 
1669920254 9 13 10 9 
1669920256 11 10 12 12 
1669920258 10 12 13 11 
1669920260 11 10 9 11 
1669920262 11 11 13 14 
1669920264 11 12 9 10 
1669920266 11 12 10 10 
1669920268 14 22 12 9 
1669920270 3 6 4 15 
1669920272 10 11 13 12 
1669920274 10 11 11 9 
1669920276 11 14 12 11 
1669920278 10 11 11 13 
1669920280 13 10 11 10 
1669920282 9 12 12 11 
1669920284 9 11 11 11 
1669920286 12 11 10 14 
1669920288 12 11 10 14 
1669920290 10 13 8 12 
1669920292 10 13 9 12 
1669920294 10 13 8 14 
1669920296 13 12 12 9 
1669920298 13 11 10 13 
1669920300 10 13 8 12 
1669920302 12 8 12 11 
1669920304 11 14 9 7 
1669920306 11 11 11 12 
1669920308 12 12 8 10 
1669920310 10 15 11 11 
1669920312 14 12 11 12 
1669920314 13 11 11 11 
1669920316 9 12 10 14 
1669920318 10 11 11 10 
1669920320 11 10 10 14 
1669920322 12 12 8 11 
1669920324 9 12 11 9 
1669920326 13 13 12 13 
1669920328 13 12 10 12 
1669920330 10 11 11 12 
1669920332 10 11 10 10 
1669920334 10 13 8 14 
1669920336 10 12 11 10 
1669920338 12 13 9 11 
1669920340 11 14 11 9 
1669920342 11 11 9 10 
1669920344 13 13 10 12 
1669920346 12 14 10 13 
1669920348 11 10 12 12 
1669920350 11 14 10 12 
1669920352 12 12 9 10 
1669920354 10 12 10 10 
1669920356 11 12 11 10 
1669920358 14 12 11 9 
1669920360 11 9 9 12 
1669920362 12 14 11 8 
1669920364 9 11 11 12 
1669920366 12 12 9 10 
1669920368 9 11 10 13 
1669920370 16 12 12 12 
1669920372 9 11 12 10 
1669920374 11 11 10 10 
1669920376 9 14 9 11 
1669920378 12 11 11 11 
1669920380 10 11 11 11 
1669920382 11 12 9 12 
1669920384 9 13 12 10 
1669920386 13 12 12 12 
1669920388 10 12 11 13 
1669920390 11 12 10 12 
1669920392 11 12 12 12 
1669920394 11 11 10 10 
1669920396 11 13 11 14 
1669920398 12 13 9 11 
1669920400 10 10 11 9 
1669920402 10 12 10 10 
1669920404 11 11 10 10 
1669920406 11 10 13 7 
1669920408 9 9 10 12 
1669920410 10 11 7 12 
1669920412 10 12 10 13 
1669920414 11 9 11 10 
1669920416 12 12 11 16 
1669920418 11 9 12 10 
1669920420 10 12 8 5 
1669920422 11 13 12 9 
1669920424 12 14 14 11 
1669920426 12 13 11 11 
1669920428 12 12 10 11 
1669920430 11 10 5 11 
1669920432 9 11 11 11 
1669920434 11 11 11 11 
1669920436 10 15 9 12 
1669920438 11 14 9 10 
1669920440 11 12 13 12 
1669920442 11 13 10 11 
1669920444 14 13 9 10 
1669920446 13 12 13 12 
1669920448 12 11 11 10 
1669920450 10 14 10 13 
1669920452 10 12 10 11 
1669920454 14 14 12 10 
1669920456 10 9 10 13 
1669920458 9 12 9 10 
1669920460 10 13 11 13 
1669920462 12 11 13 14 
1669920464 11 13 11 14 
1669920466 14 14 11 11 
1669920468 11 13 10 9 
1669920470 12 9 12 11 
1669920472 8 12 8 12 
1669920474 9 11 10 12 
1669920476 12 11 11 13 
1669920478 11 12 12 14 
1669920480 11 14 11 9 
1669920482 10 14 10 10 
1669920484 12 10 12 10 
1669920486 11 13 12 10 
1669920488 12 12 13 11 
1669920490 9 10 12 11 
1669920492 10 12 10 11 
1669920494 11 11 11 12 
1669920496 11 12 14 13 
1669920498 13 12 12 11 
1669920500 11 12 9 11 
1669920502 12 9 10 14 
1669920504 9 12 8 8 
1669920506 10 12 11 10 
1669920508 11 10 13 13 
1669920510 13 11 9 12 
1669920512 13 12 12 11 
1669920514 12 14 9 10 
1669920516 9 10 7 10 
1669920518 10 12 12 11 
1669920520 10 14 10 11 
1669920522 11 16 8 11 
1669920524 11 10 11 11 
1669920526 11 11 11 11 
1669920528 11 13 12 10 
1669920530 11 12 9 10 
1669920532 11 13 11 13 
1669920534 10 13 9 10 
1669920536 11 11 10 11 
1669920538 12 13 9 12 
1669920540 10 12 9 10 
1669920542 12 14 10 12 
1669920544 12 14 10 11 
1669920546 9 43 10 9 
1669920548 11 13 10 11 
1669920550 11 11 10 12 
1669920552 9 9 12 13 
1669920554 10 12 13 11 
1669920556 13 10 9 12 
1669920558 12 13 11 10 
1669920560 11 13 11 12 
1669920562 11 8 11 11 
1669920564 12 7 11 12 
1669920566 10 12 11 11 
1669920568 14 16 12 12 
1669920570 14 12 12 13 
1669920572 10 44 10 10 
1669920574 12 14 10 12 
1669920576 12 13 9 10 
1669920578 12 12 8 13 
1669920580 11 12 11 11 
1669920582 9 10 10 10 
1669920584 12 10 10 11 
1669920586 12 10 11 13 
1669920588 10 11 10 11 
1669920590 13 11 11 12 
1669920592 13 10 11 11 
1669920594 10 10 10 9 
1669920596 11 11 11 10 
1669920598 12 13 13 13 
1669920600 10 15 11 9 
1669920602 12 15 11 13 
1669920604 10 12 10 11 
1669920606 12 11 11 10 
1669920608 11 11 8 12 
1669920610 12 14 11 12 
1669920612 12 13 9 11 
1669920614 12 10 7 13 
1669920616 10 13 10 10 
1669920618 10 12 10 11 
1669920620 12 11 8 11 
1669920622 11 10 7 11 
1669920624 11 12 10 12 
1669920626 11 14 11 10 
1669920628 8 12 12 10 
1669920630 12 12 9 12 
1669920632 13 8 10 8 
1669920634 12 12 9 10 
1669920636 12 14 9 11 
1669920638 11 12 10 11 
1669920640 11 14 9 14 
1669920642 9 11 10 13 
1669920644 12 17 9 13 
1669920646 10 14 9 12 
1669920648 11 12 9 14 
1669920650 10 12 9 12 
1669920652 12 14 10 9 
1669920654 13 13 9 11 
1669920656 9 14 9 10 
1669920658 11 11 10 11 
1669920660 10 11 11 10 
1669920662 9 10 10 12 
1669920664 12 10 11 11 
1669920666 8 14 10 11 
1669920668 8 9 11 13 
1669920670 8 13 13 12 
1669920672 11 20 11 12 
1669920674 6 13 11 14 
1669920676 10 10 11 12 
1669920678 11 11 12 11 
1669920680 8 15 11 10 
1669920682 11 11 11 9 
1669920684 14 13 12 9 
1669920686 12 12 11 11 
1669920688 12 12 9 8 
1669920690 10 11 12 11 
1669920692 11 15 8 12 
1669920694 11 12 11 12 
1669920696 8 13 9 11 
1669920698 11 9 10 11 
1669920700 10 12 13 11 
1669920702 13 10 10 10 
1669920704 12 10 9 12 
1669920706 14 12 11 12 
1669920708 12 12 13 12 
1669920710 11 11 13 15 
1669920712 11 14 13 15 
1669920714 11 12 14 13 
1669920716 13 11 10 10 
1669920718 14 15 12 12 
1669920720 12 14 12 12 
1669920722 12 10 11 12 
1669920724 12 12 12 16 
1669920726 15 11 12 13 
1669920728 13 14 14 13 
1669920730 10 12 14 12 
1669920732 11 11 11 11 
1669920734 12 11 10 9 
1669920736 11 11 11 12 
1669920738 10 12 7 11 
1669920740 11 13 12 12 
1669920742 14 11 10 11 
1669920744 15 13 15 13 
1669920746 11 11 10 13 
1669920748 9 9 13 11 
1669920750 12 12 10 11 
1669920752 9 11 12 14 
1669920754 10 10 11 11 
1669920756 11 11 13 14 
1669920758 13 13 11 11 
1669920760 13 14 11 11 
1669920762 12 13 11 13 
1669920764 10 11 13 13 
1669920766 8 11 11 11 
1669920768 12 14 9 12 
1669920770 11 7 11 12 
1669920772 10 13 12 12 
1669920774 14 11 11 11 
1669920776 14 12 11 13 
1669920778 12 13 12 12 
1669920780 11 14 12 11 
1669920782 9 11 10 13 
1669920784 6 13 8 11 
1669920786 12 14 10 12 
1669920788 14 13 11 13 
1669920790 13 12 15 14 
1669920792 12 15 11 12 
1669920794 13 14 13 14 
1669920796 9 10 11 12 
1669920798 13 10 9 12 
1669920800 9 12 11 11 
1669920802 10 11 12 12 
1669920804 14 15 11 15 
1669920806 12 11 13 13 
1669920808 12 13 12 11 
1669920810 13 13 12 12 
1669920812 9 12 10 12 
1669920814 11 14 10 9 
1669920816 11 12 9 14 
1669920818 11 13 12 11 
1669920820 15 13 13 15 
1669920822 12 14 11 14 
1669920824 11 13 12 13 
1669920826 11 12 12 13 
1669920828 9 12 11 13 
1669920830 9 12 11 12 
1669920832 11 10 9 11 
1669920834 12 12 11 8 
1669920836 14 13 11 10 
1669920838 11 13 10 11 
1669920840 10 12 10 12 
1669920842 11 13 11 11 
1669920844 11 11 9 10 
1669920846 9 12 11 13 
1669920848 11 11 11 12 
1669920850 10 11 12 12 
1669920852 13 11 12 13 
1669920854 11 13 11 10 
1669920856 12 14 11 12 
1669920858 13 12 10 15 
1669920860 12 13 11 11 
1669920862 11 11 11 11 
1669920864 9 11 11 11 
1669920866 12 12 9 11 
1669920868 11 43 14 14 
1669920870 11 14 12 12 
1669920872 9 13 10 12 
1669920874 13 12 12 15 
1669920876 10 14 13 9 
1669920878 13 12 12 11 
1669920880 10 14 9 11 
1669920882 10 9 10 12 
1669920884 12 9 8 15 
1669920886 11 11 13 16 
1669920888 13 16 12 14 
1669920890 10 12 12 12 
1669920892 10 11 11 12 
1669920894 11 13 12 10 
1669920896 11 13 12 11 
1669920898 12 10 10 11 
1669920900 14 16 13 14 
1669920902 14 14 13 13 
1669920904 12 13 10 16 
1669920906 9 12 11 14 
1669920908 11 12 10 13 
1669920910 10 11 10 14 
1669920912 9 14 13 12 
1669920914 10 11 12 13 
1669920916 13 12 12 13 
1669920918 10 9 11 10 
1669920920 12 13 11 11 
1669920922 13 13 12 12 
1669920924 11 11 10 11 
1669920926 11 14 12 13 
1669920928 11 11 11 12 
1669920930 11 10 12 12 
1669920932 12 12 11 8 
1669920934 14 14 10 12 
1669920936 12 12 12 13 
1669920938 15 13 10 12 
1669920940 9 10 10 12 
1669920942 10 13 10 11 
1669920944 12 10 14 12 
1669920946 9 12 12 12 
1669920948 12 13 10 11 
1669920950 13 12 13 12 
1669920952 11 11 12 10 
1669920954 11 9 10 11 
1669920956 10 12 14 11 
1669920958 12 13 11 11 
1669920960 10 10 13 12 
1669920962 9 14 7 14 
1669920964 13 11 12 13 
1669920966 11 10 10 9 
1669920968 10 14 11 13 
1669920970 12 13 14 14 
1669920972 13 15 9 12 
1669920974 11 12 13 12 
1669920976 12 12 9 12 
1669920978 9 10 11 11 
1669920980 11 12 12 13 
1669920982 13 12 9 12 
1669920984 15 12 13 12 
1669920986 13 12 13 13 
1669920988 12 13 11 11 
1669920990 13 13 11 12 
1669920992 11 13 10 15 
1669920994 12 15 11 12 
1669920996 13 20 10 13 
1669920998 11 13 11 14 
1669921000 11 8 11 12 
1669921002 11 12 10 10 
1669921004 11 13 12 11 
1669921006 10 14 10 12 
1669921008 14 13 10 12 
1669921010 11 13 10 10 
1669921012 10 12 13 11 
1669921014 11 9 11 13 
1669921016 13 11 12 10 
1669921018 11 14 13 12 
1669921020 11 15 11 12 
1669921022 11 11 9 10 
1669921024 12 12 11 11 
1669921026 10 12 10 10 
1669921028 11 13 8 11 
1669921030 11 12 9 11 
1669921032 13 13 11 10 
1669921034 12 13 10 11 
1669921036 12 13 10 10 
1669921038 9 13 13 12 
1669921040 10 13 12 12 
1669921042 12 17 10 12 
1669921044 14 13 11 9 
1669921046 11 11 8 11 
1669921048 12 14 10 9 
1669921050 11 13 11 10 
1669921052 13 12 11 12 
1669921054 12 12 12 10 
1669921056 12 14 12 11 
1669921058 9 12 11 9 
1669921060 14 12 12 10 
1669921062 13 14 10 11 
1669921064 12 10 12 12 
1669921066 11 12 12 11 
1669921068 14 13 12 8 
1669921070 13 13 8 12 
1669921072 10 13 11 10 
1669921074 12 12 13 13 
1669921076 15 12 8 13 
1669921078 12 13 9 10 
1669921080 8 12 9 11 
1669921082 11 10 10 12 
1669921084 11 12 9 14 
1669921086 10 12 12 13 
1669921088 12 11 11 11 
1669921090 10 12 11 9 
1669921092 8 13 9 12 
1669921094 15 11 15 13 
1669921096 14 14 11 12 
1669921098 14 13 11 14 
1669921100 13 12 10 12 
1669921102 14 15 8 12 
1669921104 10 11 12 11 
1669921106 14 11 8 15 
1669921108 10 12 13 14 
1669921110 15 13 8 15 
1669921112 14 12 9 11 
1669921114 14 11 13 13 
1669921116 14 13 13 10 
1669921118 15 12 12 13 
1669921120 10 14 11 12 
1669921122 11 12 9 10 
1669921124 13 10 10 12 
1669921126 11 16 11 11 
1669921128 11 14 12 10 
1669921130 10 12 14 14 
1669921132 12 12 12 13 
1669921134 14 11 8 12 
1669921136 13 13 10 11 
1669921138 13 15 11 10 
1669921140 9 12 10 12 
1669921142 13 11 10 11 
1669921144 11 12 9 16 
1669921146 13 13 13 16 
1669921148 11 12 9 11 
1669921150 10 13 12 11 
1669921152 12 13 11 11 
1669921154 10 14 10 13 
1669921156 12 13 12 12 
1669921158 12 11 10 10 
1669921160 10 12 13 12 
1669921162 12 9 11 13 
1669921164 14 10 11 14 
1669921166 13 11 10 10 
1669921168 11 12 10 12 
1669921170 14 11 14 12 
1669921172 11 14 14 14 
1669921174 13 9 12 14 
1669921176 11 11 13 11 
1669921178 9 11 12 11 
1669921180 12 11 10 12 
1669921182 7 13 12 13 
1669921184 12 13 11 9 
1669921186 11 12 10 12 
1669921188 12 11 11 12 
1669921190 14 12 10 11 
1669921192 12 11 13 11 
1669921194 10 11 10 8 
1669921196 14 13 11 12 
1669921198 12 17 15 13 
