1669921202 12 12 13 13 
1669921205 11 10 12 12 
1669921207 12 12 13 12 
1669921209 12 13 11 13 
1669921211 14 9 12 10 
1669921213 13 9 11 14 
1669921215 12 13 9 15 
1669921217 13 13 14 11 
1669921219 14 10 11 13 
1669921221 11 12 10 12 
1669921223 11 14 10 11 
1669921225 14 10 14 13 
1669921227 12 10 11 11 
1669921229 12 12 11 14 
1669921231 13 12 10 14 
1669921233 11 12 11 11 
1669921235 12 12 12 6 
1669921237 12 14 10 12 
1669921239 13 11 11 15 
1669921241 11 12 10 15 
1669921243 12 11 11 11 
1669921245 15 12 13 13 
1669921247 13 14 11 13 
1669921249 12 13 11 12 
1669921251 13 15 12 13 
1669921253 13 12 10 11 
1669921255 11 13 10 12 
1669921257 10 16 11 12 
1669921259 9 14 9 14 
1669921261 11 15 10 14 
1669921263 10 10 10 11 
1669921265 13 12 10 12 
1669921267 14 4 13 11 
1669921269 12 14 10 11 
1669921271 14 8 12 10 
1669921273 10 12 10 12 
1669921275 13 12 13 13 
1669921277 9 10 12 11 
1669921279 10 12 11 14 
1669921281 12 12 11 13 
1669921283 9 15 13 12 
1669921285 11 12 12 12 
1669921287 13 14 12 12 
1669921289 9 12 12 12 
1669921291 10 11 9 12 
1669921293 11 12 11 12 
1669921295 11 12 11 12 
1669921297 11 13 13 12 
1669921299 13 11 14 12 
1669921301 9 15 13 13 
1669921303 14 12 10 13 
1669921305 12 12 9 12 
1669921307 10 12 13 11 
1669921309 12 10 11 12 
1669921311 11 12 10 11 
1669921313 11 13 10 12 
1669921315 8 14 12 12 
1669921317 10 12 11 11 
1669921319 10 11 12 15 
1669921321 13 13 12 15 
1669921323 13 12 12 13 
1669921325 10 12 9 11 
1669921327 9 13 14 13 
1669921329 12 13 11 12 
1669921331 13 13 10 14 
1669921333 12 10 10 13 
1669921335 11 10 12 9 
1669921337 11 13 14 12 
1669921339 14 13 10 12 
1669921341 9 9 10 9 
1669921343 13 11 11 12 
1669921345 13 10 10 9 
1669921347 10 9 11 13 
1669921349 9 10 13 13 
1669921351 12 11 12 12 
1669921353 12 10 11 12 
1669921355 11 11 10 13 
1669921357 12 11 12 10 
1669921359 12 12 10 12 
1669921361 13 8 11 11 
1669921363 11 14 13 12 
1669921365 12 14 9 13 
1669921367 13 16 12 10 
1669921369 14 14 11 13 
1669921371 14 14 9 11 
1669921373 12 15 10 12 
1669921375 13 12 8 10 
1669921377 10 13 10 12 
1669921379 11 12 10 11 
1669921381 11 13 9 11 
1669921383 9 11 10 10 
1669921385 9 10 14 12 
1669921387 13 14 8 10 
1669921389 12 44 13 11 
1669921391 13 11 11 14 
1669921393 10 11 9 10 
1669921395 10 13 13 15 
1669921397 12 12 12 12 
1669921399 9 13 10 12 
1669921401 12 12 13 11 
1669921403 11 11 10 13 
1669921405 9 11 11 12 
1669921407 9 15 12 11 
1669921409 11 11 12 13 
1669921411 8 13 13 12 
1669921413 12 13 13 16 
1669921415 9 13 11 12 
1669921417 9 11 10 14 
1669921419 11 12 11 14 
1669921421 10 14 9 8 
1669921423 10 13 14 13 
1669921425 11 14 11 11 
1669921427 12 13 10 11 
1669921429 10 11 9 12 
1669921431 13 12 12 11 
1669921433 14 10 11 13 
1669921435 15 13 12 13 
1669921437 10 10 9 15 
1669921439 13 15 10 12 
1669921441 10 11 9 13 
1669921443 12 14 10 13 
1669921445 13 14 10 11 
1669921447 14 11 11 12 
1669921449 11 10 9 16 
1669921451 11 13 9 17 
1669921453 11 11 10 12 
1669921455 13 13 11 14 
1669921457 12 13 11 11 
1669921459 10 10 11 9 
1669921461 14 12 13 13 
1669921463 9 12 10 12 
1669921465 11 11 12 11 
1669921467 10 12 11 10 
1669921469 12 10 14 11 
1669921471 12 13 11 14 
1669921473 13 13 12 11 
1669921475 13 13 12 11 
1669921477 7 16 12 8 
1669921479 13 10 10 11 
1669921481 12 14 11 13 
1669921483 11 15 11 10 
1669921485 15 12 12 12 
1669921487 9 13 10 8 
1669921489 10 15 12 12 
1669921491 11 13 11 10 
1669921493 13 15 14 10 
1669921495 9 13 10 10 
1669921497 11 14 9 13 
1669921499 12 9 11 12 
1669921501 12 11 11 9 
1669921503 10 11 10 13 
1669921505 12 15 10 10 
1669921507 12 13 11 10 
1669921509 12 12 12 13 
1669921511 12 11 12 11 
1669921513 13 13 11 12 
1669921515 12 10 7 10 
1669921517 11 12 14 12 
1669921519 11 12 13 12 
1669921521 11 13 11 10 
1669921523 12 11 12 13 
1669921525 11 9 13 11 
1669921527 9 10 13 12 
1669921529 10 14 13 12 
1669921531 12 13 12 11 
1669921533 10 9 16 13 
1669921535 12 13 12 12 
1669921537 12 13 9 11 
1669921539 9 10 10 12 
1669921541 10 11 10 11 
1669921543 11 13 9 10 
1669921545 10 12 8 13 
1669921547 10 10 9 12 
1669921549 10 11 10 13 
1669921551 9 11 8 11 
1669921553 11 15 13 13 
1669921555 9 8 11 13 
1669921557 9 13 14 14 
1669921559 14 12 13 11 
1669921561 11 12 12 11 
1669921563 13 14 12 12 
1669921565 12 11 12 13 
1669921567 12 9 11 13 
1669921569 12 14 15 13 
1669921571 13 9 12 12 
1669921573 15 13 11 12 
1669921575 13 41 11 13 
1669921577 12 11 11 13 
1669921579 11 11 12 10 
1669921581 12 11 13 10 
1669921583 14 10 13 15 
1669921585 14 12 13 10 
1669921587 11 8 10 14 
1669921589 10 9 9 10 
1669921591 11 10 11 13 
1669921593 15 12 11 10 
1669921595 10 12 12 14 
1669921597 10 12 9 13 
1669921599 9 16 9 15 
1669921601 12 11 11 11 
1669921603 12 12 11 15 
1669921605 8 15 14 11 
1669921607 14 10 11 12 
1669921609 12 14 12 12 
1669921611 12 14 12 11 
1669921613 11 13 10 12 
1669921615 10 11 11 9 
1669921617 12 13 11 12 
1669921619 12 12 12 11 
1669921621 12 13 12 11 
1669921623 13 12 8 9 
1669921625 11 12 10 8 
1669921627 13 14 8 13 
1669921629 11 16 11 9 
1669921631 11 12 10 13 
1669921633 11 13 11 14 
1669921635 11 13 10 10 
1669921637 14 11 10 10 
1669921639 15 12 12 12 
1669921641 10 11 10 14 
1669921643 12 12 11 11 
1669921645 12 14 12 10 
1669921647 12 14 13 12 
1669921649 9 14 12 13 
1669921651 14 11 11 12 
1669921653 14 14 12 13 
1669921655 13 10 12 14 
1669921657 9 13 10 11 
1669921659 11 13 12 13 
1669921661 14 11 14 12 
1669921663 10 13 11 12 
1669921665 13 50 13 11 
1669921667 12 14 12 11 
1669921669 14 13 10 13 
1669921671 12 9 12 12 
1669921673 9 11 13 11 
1669921675 12 12 10 9 
1669921677 9 13 11 12 
1669921679 11 14 11 12 
1669921681 12 9 10 11 
1669921683 13 13 9 11 
1669921685 12 10 10 14 
1669921687 8 12 13 15 
1669921689 8 15 10 15 
1669921691 12 12 12 12 
1669921693 11 13 12 12 
1669921695 11 12 9 12 
1669921697 11 14 8 13 
1669921699 11 13 9 14 
1669921701 12 11 12 14 
1669921703 13 11 11 14 
1669921705 13 12 9 13 
1669921707 14 13 11 14 
1669921709 12 12 12 11 
1669921711 10 13 12 12 
1669921713 9 11 10 10 
1669921715 13 11 10 9 
1669921717 12 11 13 12 
1669921719 13 13 12 10 
1669921721 12 13 9 11 
1669921723 10 11 11 12 
1669921725 12 12 11 12 
1669921727 11 9 9 15 
1669921729 13 15 12 12 
1669921731 12 14 12 11 
1669921733 11 13 8 12 
1669921735 13 12 12 12 
1669921737 14 13 12 10 
1669921739 15 12 12 9 
1669921741 10 9 12 11 
1669921743 13 15 12 11 
1669921745 13 13 12 10 
1669921747 10 14 9 9 
1669921749 11 11 11 11 
1669921751 13 11 11 13 
1669921753 10 9 10 13 
1669921755 11 14 12 11 
1669921757 12 13 10 12 
1669921759 10 16 11 13 
1669921761 14 14 13 10 
1669921763 13 11 11 11 
1669921765 13 15 12 12 
1669921767 12 13 11 13 
1669921769 14 12 6 11 
1669921771 11 13 11 14 
1669921773 12 13 13 11 
1669921775 10 11 11 12 
1669921777 10 14 14 14 
1669921779 12 13 14 10 
1669921781 13 12 11 13 
1669921783 12 11 13 11 
1669921785 11 13 13 13 
1669921787 12 12 12 14 
1669921789 9 11 15 11 
1669921791 11 10 13 14 
1669921793 12 13 12 10 
1669921795 11 11 12 10 
1669921797 9 13 11 13 
1669921799 10 10 14 12 
1669921801 12 13 13 11 
1669921803 11 12 11 12 
1669921805 10 12 8 11 
1669921807 13 10 11 9 
1669921809 11 12 10 9 
1669921811 11 9 9 10 
1669921813 8 11 8 11 
1669921815 14 12 12 13 
1669921817 12 12 12 13 
1669921819 11 12 12 11 
1669921821 11 12 10 12 
1669921823 11 11 10 12 
1669921825 12 9 11 14 
1669921827 9 11 12 13 
1669921829 10 10 10 13 
1669921831 14 10 13 12 
1669921833 11 13 14 10 
1669921835 11 12 11 13 
1669921837 12 13 8 12 
1669921839 14 12 10 16 
1669921841 13 10 10 14 
1669921843 14 14 9 12 
1669921845 10 12 9 14 
1669921847 12 13 13 18 
1669921849 11 15 9 13 
1669921851 12 10 12 12 
1669921853 14 13 14 9 
1669921855 12 12 11 15 
1669921857 12 11 13 10 
1669921859 12 13 11 11 
1669921861 13 11 11 12 
1669921863 12 14 10 12 
1669921865 11 12 9 11 
1669921867 12 12 11 12 
1669921869 12 13 11 10 
1669921871 10 12 11 12 
1669921873 12 11 12 13 
1669921875 13 11 10 11 
1669921877 12 15 12 13 
1669921879 10 13 7 14 
1669921881 8 11 11 12 
1669921883 10 14 9 12 
1669921885 12 14 8 14 
1669921887 13 13 9 11 
1669921889 12 14 11 11 
1669921891 11 11 10 12 
1669921893 11 13 8 11 
1669921895 11 12 12 11 
1669921897 12 14 11 9 
1669921899 11 10 11 14 
1669921901 11 12 12 10 
1669921903 12 13 12 9 
1669921905 12 10 10 11 
1669921907 13 15 12 12 
1669921909 11 10 9 14 
1669921911 11 13 12 11 
1669921913 11 10 13 13 
1669921915 12 10 11 12 
1669921917 13 10 9 12 
1669921919 12 13 9 12 
1669921921 13 14 12 12 
1669921923 12 9 15 12 
1669921925 15 13 9 12 
1669921927 14 12 13 11 
1669921929 11 13 12 12 
1669921931 12 11 10 12 
1669921933 13 16 11 13 
1669921935 11 12 10 14 
1669921937 13 12 9 12 
1669921939 13 11 13 11 
1669921941 10 11 14 11 
1669921943 10 14 10 11 
1669921945 10 13 12 12 
1669921947 11 12 13 12 
1669921949 11 13 12 12 
1669921951 13 11 15 9 
1669921953 9 13 10 11 
1669921955 12 10 11 12 
1669921957 13 11 10 12 
1669921959 12 11 11 9 
1669921961 11 13 10 8 
1669921963 12 10 12 13 
1669921965 12 12 12 11 
1669921967 10 13 8 13 
1669921969 11 9 10 13 
1669921971 11 13 7 12 
1669921973 10 11 11 12 
1669921975 14 15 8 11 
1669921977 15 14 10 12 
1669921979 9 13 11 13 
1669921981 13 12 13 12 
1669921983 12 11 11 12 
1669921985 12 12 12 13 
1669921987 10 13 11 14 
1669921989 12 14 12 13 
1669921991 15 11 12 12 
1669921993 10 16 10 14 
1669921995 12 12 11 11 
1669921997 13 12 10 13 
1669921999 12 13 10 13 
1669922001 10 12 12 14 
1669922003 15 12 11 14 
1669922005 10 12 11 14 
1669922007 11 9 8 11 
1669922009 13 13 12 13 
1669922011 11 12 12 13 
1669922013 12 14 8 10 
1669922015 13 9 11 11 
1669922017 12 12 10 14 
1669922019 13 14 10 10 
1669922021 13 12 12 12 
1669922023 12 11 11 12 
1669922025 10 11 11 12 
1669922027 12 12 9 11 
1669922029 10 14 13 13 
1669922031 12 13 12 11 
1669922033 11 13 13 13 
1669922035 12 10 10 13 
1669922037 12 11 11 13 
1669922039 14 15 11 13 
1669922041 14 15 10 11 
1669922043 11 12 12 13 
1669922045 14 12 11 11 
1669922047 10 13 9 10 
1669922049 9 14 10 9 
1669922051 8 11 9 10 
1669922053 13 11 11 12 
1669922055 13 16 9 14 
1669922057 11 12 11 12 
1669922059 11 16 12 12 
1669922061 12 13 12 14 
1669922063 13 13 11 10 
1669922065 11 14 12 12 
1669922067 12 10 11 11 
1669922069 10 11 12 14 
1669922071 12 13 12 10 
1669922073 11 12 12 12 
1669922075 9 11 10 12 
1669922077 10 11 13 11 
1669922079 12 11 13 13 
1669922081 11 13 12 12 
1669922083 12 10 9 9 
1669922085 10 10 11 9 
1669922087 11 11 8 10 
1669922089 14 13 10 13 
1669922091 11 11 13 12 
1669922093 12 12 12 10 
1669922095 11 13 11 11 
1669922097 10 10 11 9 
1669922099 12 11 11 12 
1669922101 12 40 12 10 
1669922103 11 10 12 13 
1669922105 12 15 12 13 
1669922107 13 13 13 12 
1669922109 13 12 12 11 
1669922111 12 13 17 12 
1669922113 9 12 11 12 
1669922115 11 12 13 11 
1669922117 9 13 14 12 
1669922119 11 11 9 9 
1669922121 12 10 13 10 
1669922123 11 11 12 12 
1669922125 12 10 9 8 
1669922127 9 46 9 12 
1669922129 11 12 13 14 
1669922131 12 13 11 12 
1669922133 12 11 10 11 
1669922135 13 13 10 11 
1669922137 11 12 12 11 
1669922139 11 13 11 12 
1669922141 9 9 13 13 
1669922143 11 9 11 13 
1669922145 15 12 12 11 
1669922147 14 10 12 14 
1669922149 12 11 12 12 
1669922151 11 12 12 12 
1669922153 12 10 11 12 
1669922155 15 11 11 13 
1669922157 13 16 11 12 
1669922159 14 9 9 16 
1669922161 10 13 10 13 
1669922163 13 12 11 7 
1669922165 15 10 11 14 
1669922167 11 12 12 10 
1669922169 13 11 11 12 
1669922171 14 6 11 14 
1669922173 13 11 10 11 
1669922175 12 10 12 11 
1669922177 11 9 11 11 
1669922179 12 10 8 11 
1669922181 11 14 11 10 
1669922183 10 10 13 12 
1669922185 8 9 12 12 
1669922187 13 13 12 11 
1669922189 11 11 10 13 
1669922191 11 11 13 13 
1669922193 9 14 11 13 
1669922195 11 14 12 13 
1669922197 13 12 11 10 
1669922199 9 15 12 11 
1669922201 10 11 10 11 
1669922203 13 12 13 13 
1669922205 11 12 10 14 
1669922207 9 11 10 13 
1669922209 11 13 10 12 
1669922211 11 16 11 13 
1669922213 13 11 12 9 
1669922215 12 12 10 12 
1669922217 12 13 13 11 
1669922219 9 11 8 11 
1669922221 10 12 9 13 
1669922223 11 12 10 9 
1669922225 13 39 11 12 
1669922227 12 13 10 12 
1669922229 9 14 11 11 
1669922231 12 13 8 14 
1669922233 11 14 11 13 
1669922235 9 13 10 14 
1669922237 12 13 14 14 
1669922239 10 12 11 9 
1669922241 13 10 11 11 
1669922243 10 9 10 10 
1669922245 10 13 14 9 
1669922247 10 15 9 12 
1669922249 11 12 13 11 
1669922251 11 12 12 9 
1669922253 13 13 10 9 
1669922255 12 10 11 12 
1669922257 11 13 12 9 
1669922259 9 15 10 13 
1669922261 13 13 12 13 
1669922263 13 11 12 10 
1669922265 12 11 13 12 
1669922267 11 10 15 11 
1669922269 10 12 14 12 
1669922271 12 12 11 9 
1669922273 12 8 12 14 
1669922275 11 12 10 14 
1669922277 10 12 10 11 
1669922279 12 10 11 13 
1669922281 10 11 12 12 
1669922283 11 13 11 8 
1669922285 11 13 12 9 
1669922287 10 14 11 12 
1669922289 11 10 9 15 
1669922291 10 14 9 12 
1669922293 9 19 10 12 
1669922295 11 13 11 13 
1669922297 8 11 9 13 
1669922299 11 12 11 12 
1669922301 8 13 12 14 
1669922303 11 14 9 13 
1669922305 15 12 12 12 
1669922307 14 13 10 11 
1669922309 11 9 11 11 
1669922311 13 10 10 12 
1669922313 12 11 9 11 
1669922315 15 11 9 15 
1669922317 12 10 9 13 
1669922319 11 15 9 11 
1669922321 12 11 11 14 
1669922323 13 12 10 12 
1669922325 9 14 11 9 
1669922327 10 11 10 11 
1669922329 13 12 9 15 
1669922331 14 12 10 13 
1669922333 13 9 11 11 
1669922335 13 8 8 14 
1669922337 11 12 10 12 
1669922339 11 13 9 10 
1669922341 12 12 13 10 
1669922343 13 13 10 9 
1669922345 12 11 10 14 
1669922347 14 14 9 10 
1669922349 11 11 11 14 
1669922351 14 13 9 13 
1669922353 11 13 13 11 
1669922355 12 12 9 11 
1669922357 11 10 10 10 
1669922359 14 10 11 12 
1669922361 11 13 11 9 
1669922363 14 11 12 9 
1669922365 15 12 12 13 
1669922367 10 12 11 9 
1669922369 10 14 10 10 
1669922371 13 10 11 11 
1669922373 11 15 8 13 
1669922375 12 12 10 15 
1669922377 9 12 10 11 
1669922379 13 11 8 13 
1669922381 11 13 9 13 
1669922383 11 16 12 11 
1669922385 12 13 11 13 
1669922387 10 13 11 14 
1669922389 12 11 12 11 
1669922391 11 10 11 12 
1669922393 13 6 9 9 
1669922395 14 14 9 12 
1669922397 9 12 11 13 
1669922399 11 10 9 12 
1669922401 12 14 12 10 
1669922403 10 13 9 12 
1669922405 10 10 9 12 
1669922407 11 14 12 13 
1669922409 11 12 12 12 
1669922411 13 11 8 11 
1669922413 15 10 11 9 
1669922415 10 14 12 10 
1669922417 14 13 10 10 
1669922419 11 10 12 11 
1669922421 11 10 11 13 
1669922423 10 13 12 11 
1669922425 12 15 13 13 
1669922427 12 13 13 13 
1669922429 12 12 12 13 
1669922431 13 13 11 13 
1669922433 12 13 8 11 
1669922435 10 14 12 12 
1669922437 11 11 9 10 
1669922439 11 12 11 10 
1669922441 11 11 13 10 
1669922443 10 12 13 12 
1669922445 10 14 12 12 
1669922447 10 13 12 13 
1669922449 10 13 10 11 
1669922451 10 12 11 11 
1669922453 17 9 11 15 
1669922455 10 14 12 11 
1669922457 10 12 9 10 
1669922459 12 9 11 13 
1669922461 11 12 11 11 
1669922463 10 11 11 10 
1669922465 10 12 11 10 
1669922467 10 12 11 11 
1669922469 11 10 11 10 
1669922471 11 13 10 11 
1669922473 12 10 9 11 
1669922475 12 13 10 12 
1669922477 10 10 10 12 
1669922479 11 14 8 11 
1669922481 10 12 10 10 
1669922483 14 14 12 13 
1669922485 11 10 13 10 
1669922487 12 13 10 10 
1669922489 10 10 13 10 
1669922491 10 11 10 15 
1669922493 13 12 11 11 
1669922495 9 11 9 12 
1669922497 13 10 13 13 
1669922499 13 10 10 11 
1669922501 13 11 11 12 
1669922503 10 11 8 12 
1669922505 11 10 12 10 
1669922507 10 13 11 12 
1669922509 11 11 8 10 
1669922511 10 12 8 9 
1669922513 11 13 10 12 
1669922515 9 13 10 11 
1669922517 13 11 10 13 
1669922519 13 11 11 11 
1669922521 11 11 11 11 
1669922523 11 14 9 10 
1669922525 12 13 9 11 
1669922527 8 11 11 9 
1669922529 10 11 11 12 
1669922531 10 10 10 15 
1669922533 11 8 11 13 
1669922535 10 11 10 11 
1669922537 10 11 11 11 
1669922539 12 11 9 11 
1669922541 9 9 12 10 
1669922543 12 10 13 10 
1669922545 12 14 11 13 
1669922547 11 11 12 12 
1669922549 10 9 12 11 
1669922551 10 13 11 11 
1669922553 11 12 9 11 
1669922555 9 11 11 10 
1669922557 12 12 9 12 
1669922559 14 12 13 13 
1669922561 12 16 11 11 
1669922563 10 9 9 12 
1669922565 8 12 11 12 
1669922567 11 11 12 12 
1669922569 13 12 8 10 
1669922571 12 15 13 9 
1669922573 10 9 9 12 
1669922575 8 11 11 13 
1669922577 12 10 10 11 
1669922579 13 12 12 10 
1669922581 15 10 12 12 
1669922583 11 12 11 10 
1669922585 8 12 10 14 
1669922587 12 12 12 10 
1669922589 11 13 10 11 
1669922591 13 12 10 8 
1669922593 13 9 12 12 
1669922595 11 12 14 10 
1669922597 10 14 10 12 
1669922599 10 9 10 14 
1669922601 13 10 10 11 
1669922603 10 11 6 11 
1669922605 11 13 11 13 
1669922607 11 11 10 12 
1669922609 11 11 10 12 
1669922611 12 15 9 9 
1669922613 10 10 11 11 
1669922615 11 14 11 12 
1669922617 11 12 10 10 
1669922619 8 12 8 9 
1669922621 9 12 12 12 
1669922623 11 10 8 9 
1669922625 12 12 10 8 
1669922627 13 12 12 10 
1669922629 10 15 13 11 
1669922631 10 11 15 13 
1669922633 13 13 10 10 
1669922635 11 12 10 12 
1669922637 8 11 11 9 
1669922639 10 11 10 12 
1669922641 11 14 13 12 
1669922643 10 12 10 12 
1669922645 13 13 11 8 
1669922647 12 12 10 10 
1669922649 11 10 10 10 
1669922651 10 13 9 10 
1669922653 12 11 11 14 
1669922655 11 13 10 11 
1669922657 9 9 12 11 
1669922659 12 17 10 9 
1669922661 12 13 11 9 
1669922663 9 10 11 11 
1669922665 15 13 9 11 
1669922667 10 10 10 11 
1669922669 10 11 10 10 
1669922671 13 12 10 12 
1669922673 10 11 11 10 
1669922675 9 12 11 12 
1669922677 13 11 9 11 
1669922679 10 10 12 12 
1669922681 10 10 11 12 
1669922683 10 10 8 11 
1669922685 12 12 11 10 
1669922687 9 12 11 10 
1669922689 12 11 9 12 
1669922691 13 11 13 9 
1669922693 11 12 10 14 
1669922695 9 10 8 10 
1669922697 13 13 12 11 
1669922699 12 10 11 10 
1669922701 10 12 10 10 
1669922703 9 10 12 10 
1669922705 12 12 11 9 
1669922707 10 12 13 13 
1669922709 8 14 9 10 
1669922711 11 9 10 10 
1669922713 9 15 9 12 
1669922715 9 11 10 10 
1669922717 11 10 9 9 
1669922719 9 11 9 11 
1669922721 11 11 12 10 
1669922723 9 11 11 9 
1669922725 12 12 10 12 
1669922727 9 11 9 13 
1669922729 10 13 10 11 
1669922731 13 10 9 12 
1669922733 9 16 10 11 
1669922735 12 10 10 7 
1669922737 9 12 10 12 
1669922739 9 10 11 11 
1669922741 11 9 8 8 
1669922743 11 12 10 13 
1669922745 10 12 12 12 
1669922747 14 14 8 10 
1669922749 8 13 10 10 
1669922751 12 13 12 12 
1669922753 11 10 12 9 
1669922755 9 10 13 13 
1669922757 11 10 11 12 
1669922759 13 13 11 13 
1669922761 10 10 9 10 
1669922763 10 14 7 10 
1669922765 10 11 11 12 
1669922767 9 12 12 10 
1669922769 12 13 10 11 
1669922771 11 11 12 10 
1669922773 10 13 13 12 
1669922775 10 13 10 12 
1669922777 13 11 10 12 
1669922779 13 12 12 15 
1669922781 10 10 9 11 
1669922783 9 11 10 12 
1669922785 11 13 10 9 
1669922787 10 12 10 10 
1669922789 12 13 9 12 
1669922791 10 10 10 14 
1669922793 9 12 11 12 
1669922795 9 45 10 10 
1669922797 11 12 9 11 
1669922799 11 11 11 12 
1669922801 11 9 8 9 
1669922803 10 11 14 10 
1669922805 10 11 10 10 
1669922807 10 10 12 13 
1669922809 9 13 9 13 
1669922811 11 7 9 10 
1669922813 13 11 9 7 
1669922815 9 12 9 7 
1669922817 12 11 7 13 
1669922819 12 11 8 11 
1669922821 13 9 13 11 
1669922823 12 13 10 10 
1669922825 12 9 11 11 
1669922827 8 11 10 10 
1669922829 13 10 9 12 
1669922831 11 11 11 9 
1669922833 11 10 10 12 
1669922835 12 12 11 12 
1669922837 11 10 10 11 
1669922839 11 12 12 7 
1669922841 11 12 9 9 
1669922843 9 13 7 11 
1669922845 10 8 9 11 
1669922847 13 10 7 11 
1669922849 13 12 13 9 
1669922851 12 10 13 11 
1669922853 11 12 11 10 
1669922855 12 12 11 11 
1669922857 14 13 11 12 
1669922859 10 14 6 9 
1669922861 11 12 9 11 
1669922863 10 14 8 8 
1669922865 10 12 10 9 
1669922867 12 13 11 12 
1669922869 11 12 9 11 
1669922871 12 11 12 9 
1669922873 12 12 9 12 
1669922875 8 10 10 10 
1669922877 12 11 11 9 
1669922879 10 11 13 11 
1669922881 8 11 10 12 
1669922883 12 11 13 13 
1669922885 13 10 8 12 
1669922887 9 15 11 13 
1669922889 9 13 11 10 
1669922891 10 13 9 11 
1669922893 12 12 10 12 
1669922895 12 13 11 10 
1669922897 10 11 13 12 
1669922899 11 12 12 10 
1669922901 14 13 13 12 
1669922903 8 10 11 13 
1669922905 13 13 11 9 
1669922907 10 14 12 10 
1669922909 12 13 13 10 
1669922911 11 11 11 12 
1669922913 11 13 8 11 
1669922915 8 10 10 11 
1669922917 12 11 10 13 
1669922919 10 11 10 8 
1669922921 12 12 11 11 
1669922923 9 13 10 11 
1669922925 12 8 13 12 
1669922927 13 10 11 8 
1669922929 8 12 11 13 
1669922931 12 13 13 9 
1669922933 10 17 8 11 
1669922935 13 13 9 10 
1669922937 12 11 12 12 
1669922939 12 12 12 12 
1669922941 8 12 10 11 
1669922943 9 11 10 13 
1669922945 11 13 13 11 
1669922947 11 13 9 8 
1669922949 8 14 11 8 
1669922951 11 11 10 12 
1669922953 12 13 11 9 
1669922955 9 9 8 10 
1669922957 12 11 12 15 
1669922959 13 12 11 13 
1669922961 9 13 12 11 
1669922963 11 17 12 12 
1669922965 11 12 13 11 
1669922967 11 11 8 10 
1669922969 10 10 14 8 
1669922971 11 10 11 10 
1669922973 11 12 9 9 
1669922975 11 14 11 11 
1669922977 7 14 10 10 
1669922979 13 11 11 10 
1669922981 9 10 11 13 
1669922983 12 15 10 11 
1669922985 13 12 11 9 
1669922987 12 11 9 10 
1669922989 13 15 10 10 
1669922991 9 12 10 10 
1669922993 11 14 10 11 
1669922995 7 16 16 11 
1669922997 10 9 13 7 
1669922999 15 9 7 15 
1669923001 11 11 9 11 
1669923003 12 11 9 12 
1669923005 12 13 10 10 
1669923007 9 11 10 11 
1669923009 11 13 11 12 
1669923011 10 11 9 13 
1669923013 13 10 10 12 
1669923015 12 14 10 12 
1669923017 10 11 12 10 
1669923019 10 14 12 10 
1669923021 11 12 10 12 
1669923023 10 11 11 12 
1669923025 12 13 10 12 
1669923027 12 10 11 8 
1669923029 10 11 12 11 
1669923031 11 13 12 13 
1669923033 10 10 12 12 
1669923035 10 13 10 12 
1669923037 12 10 12 9 
1669923039 10 12 8 12 
1669923041 12 12 7 10 
1669923043 11 14 11 10 
1669923045 11 12 10 12 
1669923047 11 11 8 10 
1669923049 11 11 10 11 
1669923051 10 11 11 10 
1669923053 11 11 9 12 
1669923055 11 14 13 13 
1669923057 12 15 11 12 
1669923059 11 12 10 12 
1669923061 12 11 12 11 
1669923063 9 12 10 12 
1669923065 11 11 10 10 
1669923067 11 11 12 10 
1669923069 11 13 10 12 
1669923071 8 12 9 8 
1669923073 12 11 8 11 
1669923075 11 13 8 10 
1669923077 12 11 11 11 
1669923079 10 10 12 11 
1669923081 11 12 13 12 
1669923083 11 12 8 11 
1669923085 11 9 10 9 
1669923087 11 11 10 13 
1669923089 11 14 11 10 
1669923091 12 9 9 9 
1669923093 10 12 10 11 
1669923095 11 12 11 13 
1669923097 13 12 14 11 
1669923099 11 10 9 11 
1669923101 10 12 12 9 
1669923103 11 13 12 10 
1669923105 13 15 12 11 
1669923107 12 13 12 12 
1669923109 10 13 12 9 
1669923111 12 11 9 13 
1669923113 10 12 11 11 
1669923115 11 13 10 13 
1669923117 11 10 11 13 
1669923119 10 14 9 13 
1669923121 9 14 10 8 
1669923123 11 11 12 10 
1669923125 12 11 11 13 
1669923127 12 11 10 10 
1669923129 9 13 7 13 
1669923131 12 13 11 12 
1669923133 10 11 13 11 
1669923135 16 12 10 10 
1669923137 11 11 11 11 
1669923139 12 11 9 11 
1669923141 12 10 10 12 
1669923143 11 11 12 12 
1669923145 11 11 10 11 
1669923147 14 12 10 11 
1669923149 10 13 11 12 
1669923151 13 12 10 10 
1669923153 11 12 11 12 
1669923155 10 12 12 14 
1669923157 15 13 10 13 
1669923159 13 11 12 9 
1669923161 11 14 10 11 
1669923163 13 12 11 10 
1669923165 15 12 12 9 
1669923167 11 11 9 8 
1669923169 12 12 11 10 
1669923171 11 10 8 9 
1669923173 13 11 10 8 
1669923175 14 9 12 15 
1669923177 17 12 12 15 
1669923179 11 11 11 12 
1669923181 9 9 14 9 
1669923183 13 13 10 10 
1669923185 12 12 12 11 
1669923187 13 10 8 10 
1669923189 11 11 11 9 
1669923191 12 13 8 10 
1669923193 10 11 11 10 
1669923195 9 12 9 13 
1669923197 12 13 8 11 
1669923199 12 10 11 11 
1669923201 11 11 10 11 
1669923203 9 12 11 12 
1669923205 11 13 9 13 
1669923207 12 14 11 12 
1669923209 12 11 11 12 
1669923211 13 13 10 13 
1669923213 12 13 9 10 
1669923215 14 13 11 11 
1669923217 9 12 11 13 
1669923219 9 11 9 12 
1669923221 11 9 11 13 
1669923223 9 12 9 13 
1669923225 10 14 11 11 
1669923227 14 13 10 9 
1669923229 10 12 9 11 
1669923231 11 11 10 11 
1669923233 11 11 9 9 
1669923235 9 12 12 11 
1669923237 10 9 9 10 
1669923239 13 10 11 12 
1669923241 12 10 15 12 
1669923243 13 10 11 9 
1669923245 12 12 11 10 
1669923247 11 10 9 12 
1669923249 13 15 11 10 
1669923251 10 13 10 10 
1669923253 13 13 10 12 
1669923255 10 13 10 11 
1669923257 11 13 11 11 
1669923259 13 12 11 12 
1669923261 10 13 12 9 
1669923263 11 12 10 11 
1669923265 11 10 10 10 
1669923267 11 11 12 11 
1669923269 11 11 11 11 
1669923271 13 14 13 12 
1669923273 11 15 11 12 
1669923275 8 13 10 10 
1669923277 10 9 9 11 
1669923279 11 12 12 11 
1669923281 13 13 11 12 
1669923283 9 8 9 10 
1669923285 12 13 8 11 
1669923287 11 11 13 10 
1669923289 10 14 10 11 
1669923291 9 9 10 12 
1669923293 11 13 11 13 
1669923295 9 13 10 8 
1669923297 10 19 12 11 
1669923299 12 12 7 11 
1669923301 10 9 10 12 
1669923303 9 11 11 10 
1669923305 10 12 9 9 
1669923307 9 12 11 11 
1669923309 11 14 8 10 
1669923311 14 13 12 9 
1669923313 13 11 11 9 
1669923315 13 11 9 14 
1669923317 13 13 9 10 
1669923319 11 13 11 10 
1669923321 11 14 12 10 
1669923323 13 10 11 15 
1669923325 11 10 10 13 
1669923327 11 10 11 9 
1669923329 10 10 9 10 
1669923331 13 11 11 12 
1669923333 13 11 11 10 
1669923335 13 12 9 9 
1669923337 14 12 10 10 
1669923339 12 13 8 11 
1669923341 11 9 9 14 
1669923343 11 14 12 10 
1669923345 11 12 9 11 
1669923347 11 12 10 10 
1669923349 10 13 9 13 
1669923351 13 12 10 10 
1669923353 10 11 11 12 
1669923355 13 12 12 10 
1669923357 12 10 11 13 
1669923359 13 12 9 10 
1669923361 10 12 9 12 
1669923363 11 10 10 13 
1669923365 10 11 12 9 
1669923367 11 9 9 11 
1669923369 11 10 11 9 
1669923371 12 12 12 8 
1669923373 12 12 9 10 
1669923375 9 11 10 11 
1669923377 11 12 11 13 
1669923379 10 11 11 9 
1669923381 11 11 11 10 
1669923383 11 12 10 13 
1669923385 11 12 12 14 
1669923387 10 11 11 15 
1669923389 9 13 10 9 
1669923391 12 12 8 10 
1669923393 11 11 9 10 
1669923395 11 12 10 15 
1669923397 8 12 10 11 
1669923399 10 12 9 10 
1669923401 12 11 9 11 
1669923403 9 13 11 11 
1669923405 12 15 10 12 
1669923407 13 13 9 10 
1669923409 9 11 10 10 
1669923411 12 13 11 11 
1669923413 12 14 10 11 
1669923415 10 13 10 13 
1669923417 10 11 9 12 
1669923419 10 10 11 10 
1669923421 10 11 10 14 
1669923423 10 12 9 12 
1669923425 10 12 11 11 
1669923427 12 12 13 8 
1669923429 10 10 11 13 
1669923431 12 12 12 10 
1669923433 11 13 10 11 
1669923435 10 14 10 12 
1669923437 12 12 13 11 
1669923439 11 12 8 9 
1669923441 14 11 11 10 
1669923443 12 13 12 11 
1669923445 15 11 9 10 
1669923447 12 13 12 9 
1669923449 11 10 13 11 
1669923451 12 11 10 10 
1669923453 9 13 12 12 
1669923455 12 9 12 12 
1669923457 12 13 11 13 
1669923459 9 11 11 11 
1669923461 11 11 11 11 
1669923463 12 11 10 11 
1669923465 13 11 13 12 
1669923467 8 7 13 9 
1669923469 12 6 11 11 
1669923471 13 14 8 11 
1669923473 11 9 12 10 
1669923475 10 10 11 11 
1669923477 10 12 11 11 
1669923479 13 15 11 9 
1669923481 10 11 11 10 
1669923483 10 12 11 9 
1669923485 12 13 9 11 
1669923487 13 11 11 10 
1669923489 9 13 11 13 
1669923491 10 12 12 12 
1669923493 10 11 12 12 
1669923495 13 9 12 11 
1669923497 12 14 13 11 
1669923499 12 13 9 14 
1669923501 9 11 9 10 
1669923503 14 11 8 12 
1669923505 10 11 14 13 
1669923507 10 12 8 10 
1669923509 10 9 8 12 
1669923511 11 10 9 12 
1669923513 10 15 10 11 
1669923515 10 13 11 11 
1669923517 12 14 9 12 
1669923519 10 13 11 12 
1669923521 10 10 13 10 
1669923523 12 14 9 12 
1669923525 10 12 8 12 
1669923527 13 13 9 10 
1669923529 11 12 12 11 
1669923531 13 11 12 12 
1669923533 10 11 11 9 
1669923535 12 13 10 9 
1669923537 11 12 10 13 
1669923539 11 12 12 10 
1669923541 11 11 10 8 
1669923543 12 13 11 11 
1669923545 12 11 11 10 
1669923547 13 13 11 10 
1669923549 10 12 10 11 
1669923551 14 12 11 10 
1669923553 7 14 8 11 
1669923555 9 11 10 11 
1669923557 13 14 11 12 
1669923559 11 12 9 12 
1669923561 9 12 9 12 
1669923563 11 11 11 10 
1669923565 11 11 10 11 
1669923567 10 12 12 12 
1669923569 12 14 9 11 
1669923571 12 10 10 12 
1669923573 12 12 11 13 
1669923575 11 13 8 11 
1669923577 13 11 10 10 
1669923579 13 11 9 12 
1669923581 13 11 11 11 
1669923583 13 13 11 13 
1669923585 10 12 8 13 
1669923587 9 13 11 7 
1669923589 9 12 11 9 
1669923591 12 12 10 10 
1669923593 11 11 8 11 
1669923595 10 11 12 10 
1669923597 13 12 10 14 
1669923599 10 11 9 9 
1669923601 7 12 11 8 
1669923603 10 12 10 13 
1669923605 11 11 14 15 
1669923607 13 21 11 13 
1669923609 10 13 10 11 
1669923611 9 37 12 8 
1669923613 10 11 11 12 
1669923615 13 14 10 12 
1669923617 11 12 11 12 
1669923619 10 15 11 14 
1669923621 13 10 12 11 
1669923623 12 11 11 9 
1669923625 9 11 10 12 
1669923627 9 10 11 9 
1669923629 10 14 9 10 
1669923631 9 10 9 12 
1669923633 9 11 9 11 
1669923635 12 11 14 10 
1669923637 12 8 9 13 
1669923639 10 9 11 10 
1669923641 11 13 11 12 
1669923643 13 12 11 9 
1669923645 11 12 10 11 
1669923647 13 12 11 11 
1669923649 11 14 9 11 
1669923651 11 14 9 12 
1669923653 9 12 12 12 
1669923655 13 14 8 14 
1669923657 9 12 10 8 
1669923659 11 11 10 11 
1669923661 13 11 11 11 
1669923663 10 11 11 11 
1669923665 9 11 12 12 
1669923667 10 14 9 10 
1669923669 11 10 10 10 
1669923671 11 11 11 11 
1669923673 12 10 10 12 
1669923675 9 22 12 11 
1669923677 12 14 10 10 
1669923679 11 11 11 9 
1669923681 12 12 11 11 
1669923683 12 10 10 8 
1669923685 7 15 7 12 
1669923687 10 8 9 10 
1669923689 11 12 10 10 
1669923691 9 10 13 11 
1669923693 10 10 12 10 
1669923695 12 11 8 9 
1669923697 11 11 9 11 
1669923699 10 10 12 11 
1669923701 11 11 10 12 
1669923703 9 14 13 14 
1669923705 13 7 8 11 
1669923707 8 11 13 8 
1669923709 11 12 10 12 
1669923711 11 10 9 10 
1669923713 12 9 11 9 
1669923715 12 13 10 9 
1669923717 12 11 11 9 
1669923719 12 14 8 12 
1669923721 9 12 11 10 
1669923723 11 11 11 12 
1669923725 13 13 11 12 
1669923727 12 12 12 12 
1669923729 10 13 13 13 
1669923731 10 11 10 9 
1669923733 11 14 8 13 
1669923735 10 14 10 10 
1669923737 11 46 9 11 
1669923739 14 12 10 10 
1669923741 11 11 11 12 
1669923743 10 11 13 9 
1669923745 10 11 12 13 
1669923747 10 11 14 13 
1669923749 11 10 11 12 
1669923751 13 8 9 10 
1669923753 10 13 9 13 
1669923755 12 13 13 13 
1669923757 10 12 10 11 
1669923759 10 14 12 10 
1669923761 9 13 9 12 
1669923763 12 12 11 13 
1669923765 12 11 13 12 
1669923767 12 13 12 11 
1669923769 10 11 10 11 
1669923771 10 12 14 9 
1669923773 9 12 12 11 
1669923775 12 14 11 10 
1669923777 10 12 10 12 
1669923779 11 11 8 10 
1669923781 11 11 12 11 
1669923783 8 11 13 11 
1669923785 10 8 11 10 
1669923787 12 13 10 12 
1669923789 10 13 11 12 
1669923791 9 11 12 9 
1669923793 13 13 13 10 
1669923795 11 10 9 11 
1669923797 12 13 10 9 
1669923799 9 9 12 10 
1669923801 10 14 11 12 
1669923803 11 12 10 13 
1669923805 8 13 9 11 
1669923807 14 12 9 13 
1669923809 13 11 10 12 
1669923811 10 13 13 10 
1669923813 12 13 9 11 
1669923815 12 10 13 11 
1669923817 9 22 10 14 
1669923819 12 12 12 10 
1669923821 10 11 13 15 
1669923823 11 10 10 11 
1669923825 12 11 9 11 
1669923827 13 10 12 12 
1669923829 10 11 11 11 
1669923831 13 12 9 14 
1669923833 12 9 11 12 
1669923835 12 11 9 11 
1669923837 11 14 9 10 
1669923839 11 11 8 10 
1669923841 13 13 12 13 
1669923843 13 10 9 12 
1669923845 11 9 13 12 
1669923847 10 12 11 13 
1669923849 11 14 11 12 
1669923851 10 13 11 11 
1669923853 10 11 11 11 
1669923855 12 9 7 10 
1669923857 12 10 10 8 
1669923859 9 11 10 11 
1669923861 12 12 8 13 
1669923863 9 12 10 11 
1669923865 10 9 12 12 
1669923867 10 11 10 11 
1669923869 10 10 12 11 
1669923871 10 12 8 8 
1669923873 10 12 11 12 
1669923875 11 14 11 11 
1669923877 12 14 12 10 
1669923879 10 12 12 12 
1669923881 9 10 11 10 
1669923883 11 13 9 10 
1669923885 9 13 7 12 
1669923887 10 11 11 11 
1669923889 10 10 10 11 
1669923891 12 13 9 10 
1669923893 11 12 10 11 
1669923895 12 11 10 14 
1669923897 8 13 11 9 
1669923899 10 11 9 11 
1669923901 8 13 11 10 
1669923903 11 12 9 12 
1669923905 10 10 10 8 
1669923907 12 10 11 10 
1669923909 10 13 9 8 
1669923911 12 12 9 10 
1669923913 13 11 11 10 
1669923915 10 12 9 11 
1669923917 11 48 11 9 
1669923919 10 13 9 13 
1669923921 10 12 10 9 
1669923923 12 10 11 9 
1669923925 10 11 11 10 
1669923927 14 12 10 12 
1669923929 11 11 10 11 
1669923931 12 14 11 11 
1669923933 11 9 11 8 
1669923935 10 14 10 12 
1669923937 9 14 10 10 
1669923939 10 11 9 11 
1669923941 13 11 11 10 
1669923943 12 11 10 12 
1669923945 11 12 9 11 
1669923947 13 12 11 11 
1669923949 11 9 8 10 
1669923951 13 13 15 13 
1669923953 11 11 8 12 
1669923955 12 12 11 12 
1669923957 11 12 10 12 
1669923959 12 9 7 12 
1669923961 9 8 10 9 
1669923963 10 12 11 13 
1669923965 12 12 13 13 
1669923967 12 14 9 12 
1669923969 11 12 12 12 
1669923971 8 11 12 10 
1669923973 9 10 11 9 
1669923975 12 14 11 10 
1669923977 13 9 10 10 
1669923979 11 11 10 10 
1669923981 12 14 11 11 
1669923983 11 12 9 11 
1669923985 12 11 13 9 
1669923987 11 11 10 13 
1669923989 9 13 11 10 
1669923991 11 14 11 13 
1669923993 10 13 11 8 
1669923995 11 12 10 9 
1669923997 9 12 14 13 
1669923999 9 10 10 11 
1669924001 11 12 12 14 
1669924003 10 14 12 11 
1669924005 10 11 11 10 
1669924007 11 13 11 12 
1669924009 10 10 11 10 
1669924011 10 12 11 11 
1669924013 11 10 10 12 
1669924015 12 13 13 10 
1669924017 10 14 10 8 
1669924019 11 11 12 11 
1669924021 13 12 11 14 
1669924023 13 13 12 13 
1669924025 12 10 9 12 
1669924027 8 13 12 10 
1669924029 9 11 14 11 
1669924031 11 13 11 11 
1669924033 11 13 10 12 
1669924035 11 11 11 10 
1669924037 9 13 10 12 
1669924039 9 11 10 11 
1669924041 10 9 10 9 
1669924043 12 22 11 10 
1669924045 11 13 11 13 
1669924047 10 10 12 13 
1669924049 12 10 9 13 
1669924051 8 12 12 11 
1669924053 15 12 9 10 
1669924055 11 8 11 9 
1669924057 14 10 12 12 
1669924059 11 12 9 9 
1669924061 9 12 10 11 
1669924063 12 13 10 14 
1669924065 11 12 10 11 
1669924067 14 22 11 12 
1669924069 10 49 10 11 
1669924071 10 11 9 12 
1669924073 13 11 13 9 
1669924075 10 12 9 12 
1669924077 10 10 10 13 
1669924079 11 11 11 13 
1669924081 11 12 13 11 
1669924083 10 12 9 11 
1669924085 14 11 11 11 
1669924087 13 13 9 10 
1669924089 12 10 11 10 
1669924091 9 11 10 12 
1669924093 13 14 10 12 
1669924095 14 14 13 12 
1669924097 8 12 10 11 
1669924099 11 15 13 12 
1669924101 10 14 9 11 
1669924103 12 12 11 11 
1669924105 12 13 12 11 
1669924107 10 10 9 12 
1669924109 10 11 8 14 
1669924111 11 13 9 10 
1669924113 13 12 10 10 
1669924115 11 12 14 12 
1669924117 11 19 11 13 
1669924119 11 12 8 10 
1669924121 12 14 8 11 
1669924123 11 12 10 11 
1669924125 11 12 10 12 
1669924127 9 9 10 9 
1669924129 11 9 8 14 
1669924131 13 13 10 12 
1669924133 14 10 10 10 
1669924135 11 11 11 11 
1669924137 11 12 11 13 
1669924139 12 11 9 11 
1669924141 10 13 9 11 
1669924143 10 11 10 9 
1669924145 9 15 10 13 
1669924147 12 10 8 10 
1669924149 9 12 12 10 
1669924151 12 16 10 14 
1669924153 12 10 14 9 
1669924155 13 12 11 11 
1669924157 13 10 11 13 
1669924159 13 11 9 12 
1669924161 9 12 10 8 
1669924163 10 10 10 12 
1669924165 12 13 9 11 
1669924167 12 11 12 12 
1669924169 11 11 7 11 
1669924171 10 12 8 14 
1669924173 13 13 10 12 
1669924175 13 11 9 14 
1669924177 7 13 11 10 
1669924179 11 11 10 12 
1669924181 9 11 12 10 
1669924183 10 11 10 11 
1669924185 12 14 10 10 
1669924187 9 14 11 14 
1669924189 11 12 12 13 
1669924191 11 11 9 10 
1669924193 12 13 14 9 
1669924195 12 11 12 11 
1669924197 10 11 12 12 
1669924199 13 11 12 12 
1669924201 11 13 12 11 
1669924203 13 11 10 12 
1669924205 11 13 11 10 
1669924207 9 12 10 10 
1669924209 11 10 10 12 
1669924211 9 9 12 10 
1669924213 11 11 13 12 
1669924215 13 12 12 11 
1669924217 15 14 13 11 
1669924219 11 12 13 10 
1669924221 9 11 13 11 
1669924223 11 12 11 10 
1669924225 11 13 12 14 
1669924227 12 14 12 10 
1669924229 9 13 14 12 
1669924231 11 13 11 11 
1669924233 11 12 10 10 
1669924235 12 9 12 10 
1669924237 10 11 11 12 
1669924239 11 11 11 10 
1669924241 10 11 10 11 
1669924243 11 11 9 9 
1669924245 10 12 11 9 
1669924247 11 10 13 10 
1669924249 12 13 10 13 
1669924251 12 11 11 13 
1669924253 7 11 10 11 
1669924255 11 9 12 10 
1669924257 9 11 13 10 
1669924259 10 10 11 12 
1669924261 9 13 11 10 
1669924263 13 12 9 10 
1669924265 10 10 10 12 
1669924267 10 12 13 8 
1669924269 9 8 11 9 
1669924271 10 10 10 12 
1669924273 13 12 12 13 
1669924275 10 11 10 12 
1669924277 11 11 11 11 
1669924279 11 12 13 9 
1669924281 11 12 8 10 
1669924283 9 10 9 13 
1669924285 12 10 10 12 
1669924287 11 10 12 12 
1669924289 13 12 10 11 
1669924291 10 10 14 10 
1669924293 10 11 11 11 
1669924295 12 11 9 11 
1669924297 11 7 9 10 
1669924299 10 11 11 11 
1669924301 13 12 8 11 
1669924303 12 13 9 11 
1669924305 13 12 8 12 
1669924307 9 12 10 11 
1669924309 12 10 11 11 
1669924311 9 13 9 11 
1669924313 12 12 11 12 
1669924315 9 11 9 10 
1669924317 12 10 7 11 
1669924319 11 11 9 10 
1669924321 10 14 12 14 
1669924323 12 14 10 10 
1669924325 13 9 10 13 
1669924327 13 14 12 11 
1669924329 12 11 10 9 
1669924331 13 11 12 11 
1669924333 11 13 8 10 
1669924335 12 9 11 11 
1669924337 13 9 10 12 
1669924339 11 11 11 11 
1669924341 11 11 11 15 
1669924343 11 13 10 9 
1669924345 9 8 11 13 
1669924347 10 14 11 12 
1669924349 14 12 11 14 
1669924351 10 12 9 10 
1669924353 14 10 12 12 
1669924355 12 12 11 10 
1669924357 12 14 12 11 
1669924359 11 10 14 9 
1669924361 9 11 10 11 
1669924363 13 12 9 13 
1669924365 12 12 10 10 
1669924367 9 12 11 10 
1669924369 12 13 12 14 
1669924371 10 12 11 11 
1669924373 13 13 10 11 
1669924375 12 14 7 12 
1669924377 12 11 10 10 
1669924379 11 11 11 11 
1669924381 11 12 11 11 
1669924383 11 12 9 11 
1669924385 10 10 12 8 
1669924387 9 10 9 8 
1669924389 12 13 9 12 
1669924391 12 12 8 11 
1669924393 10 12 10 12 
1669924395 13 11 8 11 
1669924397 11 9 10 9 
1669924399 12 12 8 9 
1669924401 12 15 9 11 
1669924403 11 13 10 10 
1669924405 11 11 14 10 
1669924407 11 12 10 11 
1669924409 10 11 11 11 
1669924411 10 12 15 14 
1669924413 12 12 10 14 
1669924415 13 40 10 9 
1669924417 12 12 10 10 
1669924419 11 12 12 12 
1669924421 11 11 10 10 
1669924423 9 11 10 10 
1669924425 9 11 11 12 
1669924427 10 17 10 9 
1669924429 11 11 12 10 
1669924431 13 11 7 11 
1669924433 12 12 10 11 
1669924435 10 10 10 11 
1669924437 8 13 12 9 
1669924439 9 11 11 9 
1669924441 9 11 9 11 
1669924443 11 7 12 9 
1669924445 11 14 13 12 
1669924447 8 10 10 10 
1669924449 12 10 8 13 
1669924451 13 13 12 12 
1669924453 12 11 14 10 
1669924455 11 11 10 12 
1669924457 9 11 11 12 
1669924459 11 13 10 12 
1669924461 11 12 11 9 
1669924463 12 11 9 11 
1669924465 12 11 7 10 
1669924467 10 11 11 13 
1669924469 11 13 10 11 
1669924471 14 11 9 11 
1669924473 13 12 11 10 
1669924475 11 10 13 12 
1669924477 9 12 12 12 
1669924479 11 11 11 11 
1669924481 11 15 11 10 
1669924483 11 11 12 11 
1669924485 12 14 9 13 
1669924487 10 11 8 10 
1669924489 11 13 15 11 
1669924491 11 11 10 11 
1669924493 14 11 9 12 
1669924495 12 14 14 14 
1669924497 11 11 11 10 
1669924499 11 12 10 12 
1669924501 12 10 11 12 
1669924503 12 13 8 13 
1669924505 12 11 8 9 
1669924507 13 13 11 11 
1669924509 11 10 13 9 
1669924511 9 14 12 11 
1669924513 9 12 13 10 
1669924515 12 13 10 10 
1669924517 11 10 10 10 
1669924519 12 10 13 10 
1669924521 13 11 9 9 
1669924523 11 13 9 9 
1669924525 12 13 10 11 
1669924527 9 11 10 10 
1669924529 10 13 14 10 
1669924531 11 9 10 9 
1669924533 10 14 11 13 
1669924535 13 13 11 11 
1669924537 10 12 12 13 
1669924539 10 39 8 8 
1669924541 11 12 9 12 
1669924543 12 13 11 8 
1669924545 14 16 11 13 
1669924547 14 10 14 12 
1669924549 10 11 11 11 
1669924551 10 9 12 11 
1669924553 10 13 11 13 
1669924555 9 14 12 12 
1669924557 11 11 12 12 
1669924559 8 11 9 11 
1669924561 12 11 10 11 
1669924563 10 13 10 12 
1669924565 10 12 9 12 
1669924567 11 9 13 10 
1669924569 10 13 10 11 
1669924571 12 11 9 11 
1669924573 9 12 7 7 
1669924575 9 13 9 12 
1669924577 13 8 9 13 
1669924579 11 10 11 11 
1669924581 9 12 10 11 
1669924583 14 11 11 11 
1669924585 8 12 11 9 
1669924587 13 11 10 11 
1669924589 11 11 11 10 
1669924591 10 11 9 13 
1669924593 8 11 9 9 
1669924595 10 12 10 14 
1669924597 12 12 11 11 
1669924599 12 11 11 10 
1669924601 12 13 12 12 
1669924603 11 10 10 11 
1669924605 13 12 11 12 
1669924607 11 12 12 13 
1669924609 11 11 13 11 
1669924611 9 11 11 12 
1669924613 10 11 12 12 
1669924615 12 11 11 13 
1669924617 10 11 10 11 
1669924619 9 10 11 15 
1669924621 11 12 11 9 
1669924623 11 13 10 9 
1669924625 12 10 10 10 
1669924627 13 13 11 9 
1669924629 11 14 10 11 
1669924631 9 11 12 11 
1669924633 11 12 9 10 
1669924635 12 11 11 11 
1669924637 12 16 12 9 
1669924639 11 12 9 9 
1669924641 13 9 11 11 
1669924643 9 12 11 13 
1669924645 9 8 10 11 
1669924647 10 11 13 12 
1669924649 9 12 12 14 
1669924651 12 11 10 12 
1669924653 14 12 10 13 
1669924655 11 11 11 8 
1669924657 10 10 11 8 
1669924659 11 8 9 10 
1669924661 11 13 11 11 
1669924663 12 12 6 8 
1669924665 11 9 9 12 
1669924667 9 11 10 11 
1669924669 10 15 12 10 
1669924671 15 10 12 10 
1669924673 10 14 11 13 
1669924675 9 13 12 10 
1669924677 12 15 8 10 
1669924679 14 10 9 11 
1669924681 13 13 12 9 
1669924683 13 12 11 10 
1669924685 11 12 10 10 
1669924687 11 14 12 12 
1669924689 13 12 11 11 
1669924691 11 13 9 12 
1669924693 12 13 11 11 
1669924695 11 12 10 11 
1669924697 11 19 11 10 
1669924699 12 11 8 9 
1669924701 10 11 12 13 
1669924703 11 13 9 11 
1669924705 10 14 9 12 
1669924707 9 11 11 9 
1669924709 9 14 15 8 
1669924711 13 12 9 9 
1669924713 10 11 13 10 
1669924715 10 14 10 11 
1669924717 11 13 9 13 
1669924719 10 10 11 15 
1669924721 11 10 12 10 
1669924723 13 11 10 12 
1669924725 12 12 9 9 
1669924727 13 11 7 10 
1669924729 12 11 9 12 
1669924731 11 12 12 11 
1669924733 11 7 11 10 
1669924735 9 13 10 9 
1669924737 11 14 9 10 
1669924739 12 12 8 9 
1669924741 9 13 12 8 
1669924743 11 9 13 13 
1669924745 10 12 12 11 
1669924747 11 11 13 12 
1669924749 10 11 8 11 
1669924751 9 14 10 11 
1669924753 12 11 12 13 
1669924755 10 11 9 12 
1669924757 10 13 11 12 
1669924759 11 13 11 13 
1669924761 13 12 9 10 
1669924763 11 13 10 13 
1669924765 10 13 8 12 
1669924767 11 42 11 10 
1669924769 12 11 10 10 
1669924771 12 12 12 11 
1669924773 12 13 12 9 
1669924775 10 15 11 11 
1669924777 11 15 13 11 
1669924779 12 11 9 12 
1669924781 13 15 9 12 
1669924783 11 13 11 9 
1669924785 11 11 8 10 
1669924787 10 10 9 11 
1669924789 12 12 10 10 
1669924791 13 40 8 11 
1669924793 11 12 9 12 
1669924795 9 10 9 10 
1669924797 8 39 11 13 
1669924799 10 12 8 11 
