1669924803 7 10 10 9 
1669924806 9 13 10 9 
1669924808 9 13 10 12 
1669924810 10 11 8 10 
1669924812 12 19 8 11 
1669924814 12 12 8 12 
1669924816 12 10 13 10 
1669924818 10 12 11 9 
1669924820 8 10 10 12 
1669924822 12 13 13 9 
1669924824 10 14 10 13 
1669924826 10 17 12 12 
1669924828 12 16 10 11 
1669924830 12 10 12 11 
1669924832 11 11 9 13 
1669924834 10 13 12 11 
1669924836 11 11 11 12 
1669924838 11 12 12 11 
1669924840 11 13 11 11 
1669924842 12 12 11 11 
1669924844 12 12 10 13 
1669924846 11 10 10 8 
1669924848 10 14 9 11 
1669924850 14 9 10 12 
1669924852 10 12 13 15 
1669924854 11 12 9 10 
1669924856 10 10 12 12 
1669924858 11 11 9 10 
1669924860 11 14 10 9 
1669924862 10 11 12 10 
1669924864 9 12 9 11 
1669924866 9 10 11 9 
1669924868 10 11 8 10 
1669924870 12 10 13 11 
1669924872 12 12 9 13 
1669924874 11 12 10 13 
1669924876 11 11 12 9 
1669924878 10 11 11 11 
1669924880 12 11 9 13 
1669924882 12 10 11 11 
1669924884 11 12 12 13 
1669924886 11 13 9 12 
1669924888 11 14 12 10 
1669924890 12 13 12 13 
1669924892 9 13 9 11 
1669924894 10 11 9 13 
1669924896 12 12 11 11 
1669924898 11 12 10 8 
1669924900 11 12 10 11 
1669924902 14 13 11 11 
1669924904 11 12 10 10 
1669924906 11 12 11 11 
1669924908 11 12 10 11 
1669924910 11 12 10 12 
1669924912 12 13 8 10 
1669924914 10 13 11 12 
1669924916 12 11 11 10 
1669924918 13 11 10 10 
1669924920 14 13 12 12 
1669924922 10 12 9 11 
1669924924 9 9 7 13 
1669924926 11 11 9 10 
1669924928 11 41 10 10 
1669924930 10 11 11 11 
1669924932 11 40 12 9 
1669924934 9 13 11 10 
1669924936 11 13 8 9 
1669924938 9 10 10 13 
1669924940 11 13 11 10 
1669924942 13 13 11 11 
1669924944 11 9 11 11 
1669924946 11 12 11 11 
1669924948 11 14 12 13 
1669924950 9 15 11 10 
1669924952 14 15 11 12 
1669924954 13 12 11 10 
1669924956 11 13 10 11 
1669924958 11 13 10 11 
1669924960 9 11 10 11 
1669924962 10 10 14 14 
1669924964 12 8 14 11 
1669924966 10 10 10 10 
1669924968 10 12 10 11 
1669924970 12 12 12 11 
1669924972 11 12 8 11 
1669924974 10 13 8 10 
1669924976 10 12 11 10 
1669924978 9 13 9 11 
1669924980 14 14 11 11 
1669924982 12 12 13 13 
1669924984 10 12 10 13 
1669924986 11 10 10 13 
1669924988 12 13 9 11 
1669924990 12 11 11 9 
1669924992 10 10 10 11 
1669924994 12 13 12 13 
1669924996 13 10 9 12 
1669924998 10 12 10 9 
1669925000 9 11 10 10 
1669925002 11 11 11 9 
1669925004 10 13 13 11 
1669925006 13 12 10 11 
1669925008 12 12 10 9 
1669925010 11 7 12 12 
1669925012 10 13 10 10 
1669925014 12 14 10 11 
1669925016 11 14 11 11 
1669925018 12 12 10 9 
1669925020 10 13 10 10 
1669925022 10 12 9 10 
1669925024 11 13 13 12 
1669925026 11 12 11 11 
1669925028 11 8 9 11 
1669925030 11 12 11 13 
1669925032 11 13 11 10 
1669925034 12 13 12 11 
1669925036 12 14 10 11 
1669925038 11 11 9 10 
1669925040 8 12 12 13 
1669925042 10 11 13 11 
1669925044 11 10 9 10 
1669925046 10 11 10 10 
1669925048 10 13 9 10 
1669925050 12 11 7 8 
1669925052 12 10 11 11 
1669925054 13 18 11 9 
1669925056 12 11 10 10 
1669925058 11 12 11 10 
1669925060 11 12 8 10 
1669925062 10 8 9 11 
1669925064 11 12 11 10 
1669925066 14 9 11 10 
1669925068 10 9 10 12 
1669925070 11 10 9 12 
1669925072 13 13 12 11 
1669925074 12 11 10 14 
1669925076 12 10 11 9 
1669925078 11 12 9 14 
1669925080 11 9 11 11 
1669925082 11 10 9 12 
1669925084 9 12 12 10 
1669925086 12 12 10 11 
1669925088 11 12 12 9 
1669925090 13 10 12 11 
1669925092 9 13 11 10 
1669925094 11 45 11 12 
1669925096 8 11 9 9 
1669925098 11 13 11 10 
1669925100 10 13 13 12 
1669925102 12 9 10 11 
1669925104 11 10 9 11 
1669925106 12 12 8 13 
1669925108 10 11 11 13 
1669925110 10 13 11 10 
1669925112 9 10 10 11 
1669925114 10 12 12 12 
1669925116 13 12 11 11 
1669925118 10 14 11 11 
1669925120 9 10 12 9 
1669925122 15 13 9 11 
1669925124 12 12 12 12 
1669925126 13 13 11 11 
1669925128 11 10 12 10 
1669925130 10 12 12 9 
1669925132 11 11 11 11 
1669925134 12 11 9 14 
1669925136 13 7 12 12 
1669925138 11 12 12 9 
1669925140 11 13 10 14 
1669925142 12 12 10 10 
1669925144 12 13 11 13 
1669925146 11 11 11 9 
1669925148 10 12 8 9 
1669925150 12 13 11 13 
1669925152 12 12 12 12 
1669925154 11 11 8 11 
1669925156 9 8 13 12 
1669925158 14 11 11 13 
1669925160 12 12 9 10 
1669925162 7 12 11 11 
1669925164 13 12 8 12 
1669925166 10 13 11 12 
1669925168 10 12 12 10 
1669925170 9 10 11 12 
1669925172 9 14 11 11 
1669925174 12 6 12 10 
1669925176 12 10 10 11 
1669925178 10 9 9 11 
1669925180 12 9 11 13 
1669925182 9 12 9 13 
1669925184 10 11 6 12 
1669925186 10 11 8 13 
1669925188 11 14 10 11 
1669925190 11 10 12 12 
1669925192 11 10 11 9 
1669925194 12 13 10 12 
1669925196 11 12 12 12 
1669925198 9 13 9 12 
1669925200 12 12 11 11 
1669925202 10 11 13 8 
1669925204 11 10 11 12 
1669925206 11 12 13 10 
1669925208 11 13 11 11 
1669925210 10 10 12 10 
1669925212 12 9 12 10 
1669925214 14 13 10 12 
1669925216 12 13 11 11 
1669925218 9 11 14 12 
1669925220 11 11 11 14 
1669925222 13 13 10 10 
1669925224 12 10 15 11 
1669925226 11 10 11 12 
1669925228 11 13 11 10 
1669925230 11 16 11 12 
1669925232 11 14 10 10 
1669925234 11 10 8 13 
1669925236 15 11 10 11 
1669925238 11 10 10 11 
1669925240 10 10 10 10 
1669925242 10 14 13 11 
1669925244 9 10 10 12 
1669925246 10 10 11 12 
1669925248 12 11 7 10 
1669925250 12 13 12 8 
1669925252 11 12 10 11 
1669925254 11 10 11 12 
1669925256 10 11 11 14 
1669925258 12 14 10 14 
1669925260 11 15 12 10 
1669925262 8 14 9 12 
1669925264 11 11 10 11 
1669925266 14 11 11 12 
1669925268 10 13 8 12 
1669925270 11 12 12 13 
1669925272 10 12 9 11 
1669925274 11 12 11 10 
1669925276 13 11 11 11 
1669925278 11 10 10 9 
1669925280 11 12 13 11 
1669925282 12 12 12 11 
1669925284 11 12 10 11 
1669925286 10 12 10 12 
1669925288 10 14 9 10 
1669925290 14 12 12 13 
1669925292 10 12 10 9 
1669925294 9 47 11 9 
1669925296 10 12 12 8 
1669925298 9 11 11 11 
1669925300 12 13 10 12 
1669925302 12 10 11 13 
1669925304 11 13 10 12 
1669925306 11 12 13 10 
1669925308 11 13 9 9 
1669925310 9 12 11 10 
1669925312 11 9 11 10 
1669925314 13 10 10 12 
1669925316 9 12 11 10 
1669925318 13 11 15 11 
1669925320 12 13 9 13 
1669925322 12 10 13 9 
1669925324 10 10 10 11 
1669925326 11 13 13 10 
1669925328 11 9 9 10 
1669925330 10 8 11 9 
1669925332 12 13 12 10 
1669925334 12 13 12 11 
1669925336 10 10 11 10 
1669925338 13 13 10 10 
1669925340 11 13 9 8 
1669925342 11 12 11 12 
1669925344 9 11 8 14 
1669925346 10 11 11 7 
1669925348 9 13 11 11 
1669925350 11 12 11 12 
1669925352 14 12 14 11 
1669925354 10 11 12 10 
1669925356 12 13 11 13 
1669925358 10 13 10 9 
1669925360 13 11 12 12 
1669925362 10 12 11 12 
1669925364 10 12 10 11 
1669925366 10 10 9 8 
1669925368 10 11 11 12 
1669925370 13 9 10 10 
1669925372 10 10 10 9 
1669925374 10 14 11 11 
1669925376 9 11 10 10 
1669925378 12 13 12 10 
1669925380 10 15 10 10 
1669925382 12 12 9 9 
1669925384 10 11 11 15 
1669925386 12 10 11 11 
1669925388 11 12 8 12 
1669925390 14 13 10 11 
1669925392 10 10 9 13 
1669925394 11 14 10 10 
1669925396 9 11 10 11 
1669925398 10 11 10 13 
1669925400 13 10 8 11 
1669925402 11 12 9 11 
1669925404 11 14 8 16 
1669925406 12 11 12 9 
1669925408 11 12 10 13 
1669925410 13 12 11 10 
1669925412 11 12 10 14 
1669925414 10 12 13 11 
1669925416 11 12 8 11 
1669925418 11 11 10 11 
1669925420 14 11 11 12 
1669925422 14 11 8 11 
1669925424 12 15 11 11 
1669925426 12 11 9 13 
1669925428 9 11 8 11 
1669925430 10 12 11 11 
1669925432 9 11 12 11 
1669925434 12 12 11 10 
1669925436 11 9 9 9 
1669925438 10 12 11 11 
1669925440 9 13 8 11 
1669925442 11 10 10 12 
1669925444 12 14 11 14 
1669925446 12 12 11 13 
1669925448 9 13 11 11 
1669925450 11 11 12 10 
1669925452 9 12 13 11 
1669925454 13 10 10 12 
1669925456 9 13 10 12 
1669925458 11 14 10 11 
1669925460 13 11 7 12 
1669925462 10 10 12 13 
1669925464 13 8 10 9 
1669925466 13 14 13 10 
1669925468 12 13 12 13 
1669925470 9 13 8 12 
1669925472 11 11 12 11 
1669925474 13 14 12 10 
1669925476 10 15 10 11 
1669925478 11 12 9 9 
1669925480 12 9 10 12 
1669925482 11 13 11 13 
1669925484 11 12 11 12 
1669925486 10 12 11 10 
1669925488 14 12 10 10 
1669925490 14 11 10 12 
1669925492 12 13 13 11 
1669925494 11 13 12 11 
1669925496 10 11 9 10 
1669925498 11 11 7 11 
1669925500 10 10 10 14 
1669925502 11 10 9 9 
1669925504 10 11 11 12 
1669925506 13 13 9 12 
1669925508 11 11 14 11 
1669925510 12 11 10 10 
1669925512 9 12 8 10 
1669925514 13 14 10 10 
1669925516 11 11 9 13 
1669925518 14 13 11 12 
1669925520 11 11 11 13 
1669925522 13 13 10 11 
1669925524 13 12 9 12 
1669925526 10 19 12 11 
1669925528 9 12 11 13 
1669925530 9 10 10 13 
1669925532 10 12 11 11 
1669925534 10 11 9 12 
1669925536 9 11 9 12 
1669925538 11 13 13 11 
1669925540 9 11 12 12 
1669925542 12 11 11 9 
1669925544 11 12 9 14 
1669925546 12 11 11 9 
1669925548 11 10 9 13 
1669925550 9 12 10 11 
1669925552 12 11 9 11 
1669925554 9 13 10 13 
1669925556 11 12 10 10 
1669925558 10 14 13 12 
1669925560 9 10 10 12 
1669925562 11 11 10 10 
1669925564 11 11 10 12 
1669925566 12 11 12 10 
1669925568 14 10 10 9 
1669925570 10 8 9 9 
1669925572 8 12 12 11 
1669925574 10 13 10 10 
1669925576 10 11 10 10 
1669925578 11 12 9 10 
1669925580 10 11 9 10 
1669925582 9 12 10 12 
1669925584 14 11 12 13 
1669925586 11 11 9 12 
1669925588 8 13 8 8 
1669925590 13 11 10 10 
1669925592 13 12 9 12 
1669925594 12 15 11 11 
1669925596 13 44 12 11 
1669925598 10 11 12 11 
1669925600 9 12 11 9 
1669925602 12 10 12 10 
1669925604 12 14 8 8 
1669925606 10 13 11 10 
1669925608 10 11 12 10 
1669925610 11 12 10 11 
1669925612 13 11 11 12 
1669925614 8 11 10 11 
1669925616 13 10 12 13 
1669925618 11 9 10 12 
1669925620 10 12 11 11 
1669925622 11 10 10 11 
1669925624 13 12 12 11 
1669925626 11 12 11 13 
1669925628 12 14 11 13 
1669925630 11 13 11 10 
1669925632 11 12 10 13 
1669925634 12 12 10 12 
1669925636 10 13 11 11 
1669925638 12 12 10 10 
1669925640 14 12 9 10 
1669925642 11 14 11 13 
1669925644 12 11 9 9 
1669925646 11 8 9 10 
1669925648 10 10 10 14 
1669925650 11 11 13 12 
1669925652 10 11 10 11 
1669925654 10 13 12 10 
1669925656 13 12 10 11 
1669925658 11 12 11 9 
1669925660 12 11 11 9 
1669925662 14 12 8 11 
1669925664 11 12 9 11 
1669925666 10 12 11 12 
1669925668 11 12 12 10 
1669925670 13 10 9 9 
1669925672 10 13 11 11 
1669925674 12 10 12 11 
1669925676 12 11 11 10 
1669925678 10 12 8 9 
1669925680 12 11 10 11 
1669925682 10 10 14 12 
1669925684 9 9 7 10 
1669925686 10 12 11 11 
1669925688 16 10 8 11 
1669925690 13 10 7 10 
1669925692 10 13 10 10 
1669925694 12 12 12 9 
1669925696 11 11 13 11 
1669925698 10 15 14 13 
1669925700 10 10 10 12 
1669925702 8 10 11 9 
1669925704 10 13 10 10 
1669925706 11 11 11 10 
1669925708 11 10 11 13 
1669925710 10 11 11 13 
1669925712 11 11 7 8 
1669925714 12 10 10 10 
1669925716 12 12 10 13 
1669925718 10 11 11 11 
1669925720 13 10 10 10 
1669925722 12 11 11 12 
1669925724 11 15 12 10 
1669925726 11 14 9 11 
1669925728 11 10 10 11 
1669925730 11 13 10 12 
1669925732 10 13 11 10 
1669925734 9 10 12 12 
1669925736 12 11 8 11 
1669925738 8 16 10 12 
1669925740 11 14 12 13 
1669925742 11 19 10 9 
1669925744 11 13 10 12 
1669925746 12 11 7 11 
1669925748 10 9 9 11 
1669925750 13 13 9 14 
1669925752 12 11 15 11 
1669925754 11 10 10 9 
1669925756 12 9 10 13 
1669925758 14 11 11 12 
1669925760 10 10 11 9 
1669925762 9 14 8 11 
1669925764 12 11 11 10 
1669925766 12 12 10 11 
1669925768 12 11 10 11 
1669925770 12 13 11 11 
1669925772 11 10 11 12 
1669925774 12 11 7 12 
1669925776 12 14 12 10 
1669925778 11 10 10 12 
1669925780 10 13 8 11 
1669925782 12 13 11 10 
1669925784 11 10 11 10 
1669925786 8 14 12 11 
1669925788 10 10 11 9 
1669925790 13 10 10 11 
1669925792 11 10 10 12 
1669925794 9 13 8 12 
1669925796 9 13 11 11 
1669925798 14 9 11 9 
1669925800 9 11 10 11 
1669925802 12 13 12 10 
1669925804 8 12 10 8 
1669925806 11 8 8 9 
1669925808 10 12 9 9 
1669925810 11 11 9 13 
1669925812 12 11 12 13 
1669925814 13 13 11 13 
1669925816 11 11 9 10 
1669925818 10 13 10 10 
1669925820 9 11 13 13 
1669925822 12 11 10 15 
1669925824 10 11 9 13 
1669925826 11 14 13 10 
1669925828 12 11 10 11 
1669925830 13 14 9 10 
1669925832 11 11 10 11 
1669925834 11 14 11 12 
1669925836 12 12 8 11 
1669925838 12 11 11 12 
1669925840 9 9 8 10 
1669925842 11 14 12 12 
1669925844 11 12 10 12 
1669925846 10 13 12 10 
1669925848 10 10 9 11 
1669925850 13 10 10 12 
1669925852 11 12 10 11 
1669925854 11 14 10 11 
1669925856 10 13 11 12 
1669925858 9 13 13 12 
1669925860 11 13 8 12 
1669925862 11 14 11 9 
1669925864 12 12 9 8 
1669925866 13 11 11 10 
1669925868 10 13 11 9 
1669925870 11 15 10 11 
1669925872 11 11 7 7 
1669925874 9 11 10 9 
1669925876 9 14 9 9 
1669925878 9 10 10 12 
1669925880 12 13 11 13 
1669925882 11 11 11 12 
1669925884 11 11 10 13 
1669925886 11 11 10 9 
1669925888 13 13 8 13 
1669925890 11 15 11 12 
1669925892 13 10 10 8 
1669925894 11 10 12 10 
1669925896 11 11 9 12 
1669925898 14 11 9 9 
1669925900 10 9 10 11 
1669925902 11 13 10 13 
1669925904 13 11 10 10 
1669925906 9 14 11 9 
1669925908 12 11 11 12 
1669925910 8 12 13 10 
1669925912 12 10 11 8 
1669925914 8 8 11 8 
1669925916 11 13 11 12 
1669925918 12 11 9 11 
1669925920 14 8 11 14 
1669925922 13 13 10 9 
1669925924 10 13 10 10 
1669925926 10 11 10 11 
1669925928 10 11 12 12 
1669925930 9 11 11 12 
1669925932 11 40 12 12 
1669925934 10 8 10 11 
1669925936 10 10 11 11 
1669925938 13 14 10 10 
1669925940 10 12 12 13 
1669925942 12 9 9 10 
1669925944 13 11 12 9 
1669925946 9 12 10 11 
1669925948 11 11 12 11 
1669925950 14 15 14 13 
1669925952 11 10 8 11 
1669925954 10 13 10 11 
1669925956 12 12 11 11 
1669925958 10 13 12 10 
1669925960 10 12 8 12 
1669925962 11 12 10 8 
1669925964 8 11 11 12 
1669925966 11 12 9 12 
1669925968 11 9 10 11 
1669925970 9 12 13 10 
1669925972 10 14 13 13 
1669925974 10 11 13 11 
1669925976 12 11 11 10 
1669925978 9 12 13 13 
1669925980 10 42 11 12 
1669925982 9 40 12 12 
1669925984 7 13 10 13 
1669925986 11 10 10 12 
1669925988 13 11 10 10 
1669925990 11 11 13 11 
1669925992 8 12 11 10 
1669925994 10 12 11 10 
1669925996 12 12 11 10 
1669925998 12 10 10 11 
1669926000 9 11 12 10 
1669926002 13 13 13 11 
1669926004 11 14 10 9 
1669926006 11 12 13 11 
1669926008 13 11 10 10 
1669926010 11 11 7 12 
1669926012 12 12 10 13 
1669926014 8 13 12 13 
1669926016 13 12 12 9 
1669926018 10 8 9 11 
1669926020 9 10 10 12 
1669926022 11 11 10 12 
1669926024 10 13 10 10 
1669926026 12 13 12 14 
1669926028 10 11 12 10 
1669926030 13 9 12 10 
1669926032 11 11 11 10 
1669926034 11 12 12 11 
1669926036 10 13 9 13 
1669926038 13 7 10 9 
1669926040 12 10 11 10 
1669926042 9 14 11 10 
1669926044 14 13 10 9 
1669926046 12 14 9 14 
1669926048 9 13 10 13 
1669926050 12 12 11 9 
1669926052 10 9 10 10 
1669926054 10 11 10 10 
1669926056 10 12 13 14 
1669926058 11 9 10 13 
1669926060 10 12 11 11 
1669926062 11 13 8 14 
1669926064 9 11 8 9 
1669926066 12 11 11 7 
1669926068 9 12 6 13 
1669926070 11 8 10 13 
1669926072 9 13 10 13 
1669926074 8 10 12 10 
1669926076 10 10 9 9 
1669926078 12 13 13 10 
1669926080 9 13 10 13 
1669926082 10 12 10 12 
1669926084 11 12 11 12 
1669926086 9 11 10 9 
1669926088 10 11 8 9 
1669926090 12 11 10 12 
1669926092 13 13 12 10 
1669926094 12 13 14 12 
1669926096 10 11 12 10 
1669926098 11 12 11 10 
1669926100 12 12 8 12 
1669926102 11 11 13 10 
1669926104 12 12 10 12 
1669926106 11 11 13 12 
1669926108 12 23 10 12 
1669926110 13 9 8 13 
1669926112 10 12 11 10 
1669926114 13 45 11 9 
1669926116 12 11 11 12 
1669926118 12 13 13 13 
1669926120 10 12 9 12 
1669926122 13 9 12 10 
1669926124 10 9 12 10 
1669926126 11 12 7 11 
1669926128 12 13 10 8 
1669926130 11 11 11 11 
1669926132 8 14 11 13 
1669926134 12 13 12 12 
1669926136 9 11 8 11 
1669926138 11 13 11 11 
1669926140 10 11 10 12 
1669926142 10 12 9 11 
1669926144 13 9 11 8 
1669926146 9 14 10 12 
1669926148 10 12 10 13 
1669926150 11 9 10 11 
1669926152 10 9 12 10 
1669926154 11 11 12 10 
1669926156 12 14 12 12 
1669926158 12 13 12 12 
1669926160 12 12 8 9 
1669926162 10 11 12 13 
1669926164 11 11 11 11 
1669926166 11 12 10 13 
1669926168 10 45 12 9 
1669926170 12 12 12 13 
1669926172 11 12 11 10 
1669926174 10 10 11 11 
1669926176 11 10 10 13 
1669926178 12 11 12 11 
1669926180 10 10 10 10 
1669926182 11 11 10 10 
1669926184 10 11 10 12 
1669926186 14 11 10 11 
1669926188 10 13 9 12 
1669926190 11 12 12 15 
1669926192 10 12 10 14 
1669926194 10 10 11 11 
1669926196 9 43 12 12 
1669926198 11 11 10 8 
1669926200 13 12 10 13 
1669926202 10 9 10 12 
1669926204 10 11 9 9 
1669926206 10 10 12 12 
1669926208 10 11 10 14 
1669926210 9 10 11 11 
1669926212 9 11 12 13 
1669926214 10 11 10 15 
1669926216 11 12 11 12 
1669926218 13 14 10 11 
1669926220 11 11 9 11 
1669926222 10 14 11 13 
1669926224 8 12 14 10 
1669926226 8 11 11 13 
1669926228 9 10 11 12 
1669926230 11 11 12 10 
1669926232 13 14 9 10 
1669926234 11 12 11 10 
1669926236 10 11 13 9 
1669926238 11 11 9 11 
1669926240 9 11 12 11 
1669926242 9 11 10 9 
1669926244 11 14 11 10 
1669926246 10 12 12 10 
1669926248 8 10 10 11 
1669926250 11 13 11 9 
1669926252 8 11 13 12 
1669926254 13 10 11 11 
1669926256 13 11 8 13 
1669926258 10 12 9 13 
1669926260 8 13 11 14 
1669926262 10 13 10 10 
1669926264 10 13 11 11 
1669926266 9 12 11 12 
1669926268 11 12 10 11 
1669926270 12 9 10 10 
1669926272 11 11 10 12 
1669926274 9 11 8 9 
1669926276 12 16 11 12 
1669926278 13 14 11 10 
1669926280 10 10 10 14 
1669926282 11 10 12 13 
1669926284 11 12 12 11 
1669926286 10 14 9 9 
1669926288 13 13 8 13 
1669926290 13 14 11 11 
1669926292 12 11 10 14 
1669926294 10 13 13 11 
1669926296 12 15 9 12 
1669926298 11 13 10 15 
1669926300 12 9 11 9 
1669926302 12 12 13 12 
1669926304 10 10 12 11 
1669926306 10 14 11 11 
1669926308 6 12 11 12 
1669926310 11 12 11 10 
1669926312 10 12 10 15 
1669926314 9 12 11 14 
1669926316 9 10 8 11 
1669926318 11 12 11 14 
1669926320 14 13 9 11 
1669926322 10 12 10 10 
1669926324 13 11 9 12 
1669926326 13 13 9 13 
1669926328 11 11 9 12 
1669926330 11 12 11 11 
1669926332 11 9 9 10 
1669926334 12 12 12 8 
1669926336 10 8 11 10 
1669926338 12 11 10 11 
1669926340 11 14 11 12 
1669926342 13 11 10 10 
1669926344 11 10 10 9 
1669926346 13 12 10 8 
1669926348 11 13 10 12 
1669926350 12 12 13 11 
1669926352 13 11 8 11 
1669926354 11 12 9 10 
1669926356 11 15 11 11 
1669926358 11 12 10 10 
1669926360 12 9 10 13 
1669926362 10 10 9 10 
1669926364 11 11 13 12 
1669926366 10 12 12 10 
1669926368 11 9 10 11 
1669926370 13 10 10 13 
1669926372 11 13 10 10 
1669926374 9 13 10 8 
1669926376 12 12 10 10 
1669926378 11 11 7 10 
1669926380 10 19 9 15 
1669926382 11 10 12 10 
1669926384 11 13 12 10 
1669926386 10 14 8 12 
1669926388 12 11 11 11 
1669926390 11 12 11 11 
1669926392 10 10 12 11 
1669926394 9 14 12 12 
1669926396 10 12 11 10 
1669926398 12 12 11 11 
1669926400 12 12 7 11 
1669926402 10 12 9 10 
1669926404 12 10 11 9 
1669926406 10 11 10 9 
1669926408 10 14 12 11 
1669926410 11 12 11 10 
1669926412 11 11 10 10 
1669926414 12 9 12 10 
1669926416 12 12 11 11 
1669926418 13 12 10 13 
1669926420 12 10 10 10 
1669926422 10 13 12 12 
1669926424 12 11 13 10 
1669926426 12 11 10 14 
1669926428 9 9 13 10 
1669926430 10 9 12 13 
1669926432 13 12 12 12 
1669926434 12 15 11 11 
1669926436 11 11 13 11 
1669926438 11 12 12 13 
1669926440 13 12 11 11 
1669926442 9 12 10 13 
1669926444 10 13 10 12 
1669926446 12 12 10 11 
1669926448 12 13 14 11 
1669926450 10 14 9 12 
1669926452 11 14 11 12 
1669926454 10 14 10 9 
1669926456 10 12 10 12 
1669926458 11 7 11 10 
1669926460 9 13 10 12 
1669926462 11 12 11 11 
1669926464 13 11 10 12 
1669926466 10 14 10 10 
1669926468 10 10 10 12 
1669926470 12 10 9 10 
1669926472 9 12 12 13 
1669926474 13 13 11 12 
1669926476 10 14 11 9 
1669926478 11 10 10 11 
1669926480 10 8 12 11 
1669926482 13 13 12 13 
1669926484 12 12 9 10 
1669926486 13 11 10 10 
1669926488 10 12 9 13 
1669926490 14 14 9 12 
1669926492 11 9 12 11 
1669926494 10 9 12 10 
1669926496 12 11 9 14 
1669926498 10 12 10 9 
1669926500 12 10 11 9 
1669926502 9 13 11 11 
1669926504 10 11 11 11 
1669926506 13 12 11 11 
1669926508 13 13 12 12 
1669926510 12 11 10 13 
1669926512 11 10 10 10 
1669926514 9 11 9 10 
1669926516 11 12 9 12 
1669926518 9 12 12 10 
1669926520 12 13 10 13 
1669926522 12 9 8 9 
1669926524 12 11 12 12 
1669926526 10 13 11 8 
1669926528 11 12 12 9 
1669926530 10 13 10 12 
1669926532 9 12 12 10 
1669926534 10 11 12 12 
1669926536 10 9 12 12 
1669926538 9 12 11 13 
1669926540 11 11 10 10 
1669926542 11 9 13 10 
1669926544 11 11 9 11 
1669926546 11 9 12 11 
1669926548 11 9 10 16 
1669926550 10 10 11 11 
1669926552 11 11 10 8 
1669926554 11 14 11 11 
1669926556 10 13 9 14 
1669926558 10 10 12 10 
1669926560 13 10 10 13 
1669926562 7 11 10 10 
1669926564 9 12 10 11 
1669926566 11 11 11 10 
1669926568 13 14 12 13 
1669926570 13 12 11 10 
1669926572 11 11 9 10 
1669926574 12 13 11 10 
1669926576 14 12 12 12 
1669926578 11 11 10 11 
1669926580 12 13 11 10 
1669926582 10 11 10 13 
1669926584 12 14 11 11 
1669926586 10 14 9 11 
1669926588 11 13 12 8 
1669926590 10 11 10 11 
1669926592 12 10 8 11 
1669926594 10 13 10 13 
1669926596 11 11 9 11 
1669926598 11 10 11 12 
1669926600 12 12 8 10 
1669926602 11 12 12 11 
1669926604 14 12 10 11 
1669926606 10 12 9 12 
1669926608 11 12 9 12 
1669926610 9 13 11 12 
1669926612 13 13 8 10 
1669926614 9 13 9 10 
1669926616 12 10 11 10 
1669926618 11 11 8 12 
1669926620 11 11 11 12 
1669926622 11 12 9 15 
1669926624 13 11 12 10 
1669926626 11 13 7 11 
1669926628 11 13 9 9 
1669926630 12 11 11 10 
1669926632 9 10 12 13 
1669926634 10 9 12 11 
1669926636 11 13 12 12 
1669926638 10 11 12 11 
1669926640 12 11 10 11 
1669926642 12 12 10 14 
1669926644 12 8 10 12 
1669926646 12 12 10 12 
1669926648 12 13 10 10 
1669926650 12 10 10 10 
1669926652 12 10 15 10 
1669926654 12 11 9 13 
1669926656 8 10 11 10 
1669926658 10 13 13 9 
1669926660 10 11 11 12 
1669926662 12 12 13 13 
1669926664 11 13 10 11 
1669926666 11 13 12 11 
1669926668 12 11 12 13 
1669926670 13 12 9 12 
1669926672 10 11 10 12 
1669926674 10 8 12 13 
1669926676 12 13 11 8 
1669926678 11 14 8 10 
1669926680 10 14 9 13 
1669926682 10 13 9 12 
1669926684 13 12 11 10 
1669926686 10 10 10 10 
1669926688 12 13 9 11 
1669926690 11 14 9 13 
1669926692 12 11 10 11 
1669926694 10 11 13 9 
1669926696 11 10 9 13 
1669926698 11 9 12 14 
1669926700 12 10 9 11 
1669926702 10 13 10 8 
1669926704 12 11 12 13 
1669926706 13 10 9 11 
1669926708 11 11 11 13 
1669926710 14 10 11 8 
1669926712 11 13 10 11 
1669926714 12 13 11 11 
1669926716 12 21 10 11 
1669926718 8 10 13 12 
1669926720 12 11 9 11 
1669926722 13 11 9 13 
1669926724 10 11 10 10 
1669926726 10 12 11 11 
1669926728 9 13 11 8 
1669926730 10 12 13 14 
1669926732 12 9 8 8 
1669926734 11 11 10 13 
1669926736 10 13 11 13 
1669926738 12 13 10 11 
1669926740 11 10 11 9 
1669926742 9 11 9 11 
1669926744 12 11 10 10 
1669926746 10 13 12 12 
1669926748 14 13 13 10 
1669926750 11 9 12 10 
1669926752 11 13 9 11 
1669926754 10 11 11 10 
1669926756 12 12 12 10 
1669926758 12 12 11 11 
1669926760 14 46 9 13 
1669926762 11 14 11 8 
1669926764 9 14 11 10 
1669926766 10 11 13 14 
1669926768 11 13 11 11 
1669926770 11 12 11 9 
1669926772 8 13 11 14 
1669926774 9 12 10 13 
1669926776 12 9 8 11 
1669926778 11 14 12 12 
1669926780 12 11 11 12 
1669926782 13 12 9 11 
1669926784 11 12 11 12 
1669926786 11 13 10 10 
1669926788 13 14 8 12 
1669926790 9 11 9 11 
1669926792 12 14 12 10 
1669926794 11 11 10 13 
1669926796 10 12 9 10 
1669926798 11 12 13 9 
1669926800 11 13 13 11 
1669926802 10 10 12 13 
1669926804 12 10 10 11 
1669926806 12 13 11 11 
1669926808 8 9 11 11 
1669926810 12 11 12 10 
1669926812 10 10 13 10 
1669926814 12 13 13 11 
1669926816 11 12 10 11 
1669926818 11 11 11 11 
1669926820 11 11 13 13 
1669926822 10 11 9 11 
1669926824 10 12 11 10 
1669926826 10 12 9 9 
1669926828 12 11 10 12 
1669926830 10 10 10 11 
1669926832 12 13 9 11 
1669926834 10 12 10 11 
1669926836 10 8 9 10 
1669926838 8 9 8 10 
1669926840 10 9 10 14 
1669926842 12 10 10 9 
1669926844 12 11 10 13 
1669926846 8 10 10 9 
1669926848 12 11 10 13 
1669926850 9 12 14 9 
1669926852 12 12 12 12 
1669926854 9 11 9 12 
1669926856 14 11 12 13 
1669926858 12 12 10 11 
1669926860 10 11 9 11 
1669926862 12 13 11 11 
1669926864 10 15 13 9 
1669926866 11 12 8 9 
1669926868 12 14 10 10 
1669926870 13 10 12 11 
1669926872 9 13 10 9 
1669926874 11 12 11 12 
1669926876 9 12 12 12 
1669926878 11 13 12 10 
1669926880 12 8 8 10 
1669926882 9 10 8 11 
1669926884 10 11 8 9 
1669926886 13 12 10 10 
1669926888 10 13 12 11 
1669926890 11 12 11 11 
1669926892 10 10 9 14 
1669926894 10 10 12 11 
1669926896 10 12 12 11 
1669926898 8 10 10 8 
1669926900 10 11 10 12 
1669926902 11 12 8 11 
1669926904 11 10 12 11 
1669926906 10 12 13 11 
1669926908 13 11 10 9 
1669926910 10 14 11 8 
1669926912 12 11 10 12 
1669926914 13 11 12 10 
1669926916 11 10 10 13 
1669926918 14 16 9 9 
1669926920 9 11 8 11 
1669926922 9 12 11 12 
1669926924 9 12 11 12 
1669926926 12 12 11 11 
1669926928 13 10 11 13 
1669926930 8 11 10 12 
1669926932 10 10 9 12 
1669926934 12 12 8 13 
1669926936 8 12 10 13 
1669926938 11 12 7 12 
1669926940 9 8 11 13 
1669926942 13 11 12 12 
1669926944 11 12 9 10 
1669926946 16 13 13 14 
1669926948 13 14 11 9 
1669926950 9 20 10 11 
1669926952 11 11 10 13 
1669926954 14 14 10 11 
1669926956 13 8 10 11 
1669926958 12 10 12 15 
1669926960 9 14 12 9 
1669926962 11 11 11 10 
1669926964 13 10 9 13 
1669926966 11 11 11 14 
1669926968 12 15 10 10 
1669926970 12 13 10 11 
1669926972 10 13 8 12 
1669926974 12 14 9 13 
1669926976 10 10 10 9 
1669926978 12 12 12 12 
1669926980 12 12 10 10 
1669926982 10 13 9 10 
1669926984 14 12 12 11 
1669926986 10 11 9 10 
1669926988 12 14 9 12 
1669926990 9 11 9 12 
1669926992 11 9 8 12 
1669926994 11 11 10 12 
1669926996 11 11 11 10 
1669926998 13 10 8 12 
1669927000 11 11 11 10 
1669927002 8 12 8 9 
1669927004 10 9 9 10 
1669927006 13 10 12 12 
1669927008 12 12 9 11 
1669927010 11 11 11 12 
1669927012 10 12 11 11 
1669927014 11 9 10 11 
1669927016 12 12 10 11 
1669927018 10 12 11 11 
1669927020 11 11 12 9 
1669927022 11 12 10 11 
1669927024 13 11 9 10 
1669927026 11 11 11 10 
1669927028 10 13 12 12 
1669927030 10 12 8 10 
1669927032 8 11 11 11 
1669927034 12 10 12 9 
1669927036 10 13 10 10 
1669927038 10 11 11 12 
1669927040 10 12 13 12 
1669927042 10 14 7 9 
1669927044 13 13 8 11 
1669927046 11 10 11 9 
1669927048 10 14 12 11 
1669927050 10 12 10 13 
1669927052 13 11 12 10 
1669927054 7 11 11 12 
1669927056 10 14 10 10 
1669927058 15 13 8 13 
1669927060 10 11 11 13 
1669927062 12 12 11 9 
1669927064 11 10 11 13 
1669927066 12 11 9 11 
1669927068 12 16 11 11 
1669927070 11 11 13 12 
1669927072 13 15 9 10 
1669927074 13 15 10 10 
1669927076 12 11 10 10 
1669927078 10 9 9 11 
1669927080 10 13 8 11 
1669927082 12 11 13 12 
1669927084 11 13 10 10 
1669927086 11 10 11 10 
1669927088 11 12 10 11 
1669927090 11 12 9 13 
1669927092 10 14 12 11 
1669927094 12 11 10 13 
1669927096 12 10 14 10 
1669927098 9 12 10 10 
1669927100 9 12 9 13 
1669927102 11 13 10 11 
1669927104 11 10 10 9 
1669927106 11 10 10 12 
1669927108 12 11 9 10 
1669927110 11 12 12 12 
1669927112 10 12 12 13 
1669927114 11 11 9 12 
1669927116 11 13 11 12 
1669927118 11 7 11 12 
1669927120 11 11 10 9 
1669927122 13 14 8 12 
1669927124 10 12 9 11 
1669927126 11 14 11 10 
1669927128 11 11 11 11 
1669927130 14 10 13 9 
1669927132 9 12 11 13 
1669927134 10 10 9 13 
1669927136 9 11 11 11 
1669927138 10 13 12 13 
1669927140 13 12 11 12 
1669927142 10 12 12 8 
1669927144 10 13 10 11 
1669927146 12 10 13 12 
1669927148 10 12 13 12 
1669927150 10 10 11 12 
1669927152 11 13 11 11 
1669927154 12 10 10 12 
1669927156 11 12 10 9 
1669927158 14 13 9 13 
1669927160 10 10 8 12 
1669927162 10 9 12 13 
1669927164 12 12 10 10 
1669927166 12 11 13 11 
1669927168 11 11 13 7 
1669927170 10 13 10 9 
1669927172 10 12 9 11 
1669927174 12 12 11 13 
1669927176 13 8 8 13 
1669927178 10 14 9 12 
1669927180 11 13 9 11 
1669927182 12 12 9 12 
1669927184 11 19 9 12 
1669927186 10 13 12 12 
1669927188 11 13 13 9 
1669927190 11 10 9 12 
1669927192 14 12 8 11 
1669927194 12 11 13 11 
1669927196 12 9 11 12 
1669927198 12 12 14 10 
1669927200 9 11 11 12 
1669927202 12 13 12 11 
1669927204 11 14 7 9 
1669927206 13 13 11 11 
1669927208 14 12 12 11 
1669927210 13 15 11 12 
1669927212 10 12 10 12 
1669927214 12 11 12 10 
1669927216 11 11 10 11 
1669927218 13 15 11 13 
1669927220 11 11 14 13 
1669927222 10 14 11 12 
1669927224 14 16 10 13 
1669927226 10 12 14 10 
1669927228 11 12 9 11 
1669927230 13 14 13 12 
1669927232 12 9 11 11 
1669927234 10 12 10 10 
1669927236 12 12 9 12 
1669927238 10 11 8 8 
1669927240 12 12 13 12 
1669927242 9 14 10 12 
1669927244 10 13 12 11 
1669927246 10 11 11 10 
1669927248 12 12 8 14 
1669927250 9 10 11 12 
1669927252 11 12 11 10 
1669927254 12 11 9 13 
1669927256 11 11 12 10 
1669927258 9 12 12 12 
1669927260 9 13 11 12 
1669927262 12 11 11 9 
1669927264 11 9 12 11 
1669927266 10 11 11 12 
1669927268 9 12 10 9 
1669927270 12 15 12 11 
1669927272 8 11 10 10 
1669927274 11 12 11 11 
1669927276 10 10 10 14 
1669927278 10 11 11 8 
1669927280 10 10 10 10 
1669927282 12 11 10 13 
1669927284 14 13 12 11 
1669927286 11 9 7 13 
1669927288 11 9 12 10 
1669927290 12 8 9 12 
1669927292 12 9 13 10 
1669927294 12 11 9 11 
1669927296 15 13 11 12 
1669927298 9 11 10 10 
1669927300 10 13 10 10 
1669927302 10 12 8 10 
1669927304 10 14 11 12 
1669927306 12 13 9 11 
1669927308 8 13 12 11 
1669927310 9 12 12 11 
1669927312 10 10 11 12 
1669927314 10 14 7 11 
1669927316 11 11 10 12 
1669927318 12 12 11 7 
1669927320 9 12 13 11 
1669927322 10 13 13 13 
1669927324 9 13 8 11 
1669927326 11 11 12 10 
1669927328 13 11 15 10 
1669927330 11 12 9 10 
1669927332 11 12 8 13 
1669927334 13 10 12 12 
1669927336 12 12 11 12 
1669927338 10 13 10 11 
1669927340 9 12 9 10 
1669927342 14 17 12 9 
1669927344 12 15 11 14 
1669927346 12 12 10 13 
1669927348 10 13 11 12 
1669927350 14 11 11 13 
1669927352 12 10 11 15 
1669927354 9 11 14 11 
1669927356 11 11 10 13 
1669927358 10 13 13 13 
1669927360 11 14 11 11 
1669927362 13 13 12 13 
1669927364 11 12 11 11 
1669927366 10 9 10 11 
1669927368 13 8 10 9 
1669927370 11 13 10 13 
1669927372 10 9 10 11 
1669927374 12 15 10 13 
1669927376 13 11 9 12 
1669927378 10 11 9 13 
1669927380 9 11 8 10 
1669927382 12 10 11 10 
1669927384 10 12 12 11 
1669927386 13 12 10 11 
1669927388 11 10 11 12 
1669927390 9 12 10 11 
1669927392 11 11 10 13 
1669927394 12 11 11 11 
1669927396 10 12 9 11 
1669927398 13 11 10 11 
1669927400 15 14 11 12 
1669927402 10 11 11 12 
1669927404 12 12 12 11 
1669927406 10 10 10 11 
1669927408 13 10 12 10 
1669927410 12 10 10 9 
1669927412 9 11 13 12 
1669927414 10 12 10 13 
1669927416 11 13 11 11 
1669927418 11 13 10 11 
1669927420 11 13 10 11 
1669927422 12 10 10 13 
1669927424 10 13 11 10 
1669927426 10 14 10 11 
1669927428 10 13 12 11 
1669927430 11 14 9 10 
1669927432 13 10 12 12 
1669927434 12 12 11 11 
1669927436 9 11 10 11 
1669927438 11 11 13 12 
1669927440 13 11 11 11 
1669927442 11 13 11 11 
1669927444 11 11 11 13 
1669927446 12 11 12 9 
1669927448 14 11 13 13 
1669927450 11 14 9 11 
1669927452 12 10 10 11 
1669927454 10 14 11 11 
1669927456 10 10 10 11 
1669927458 11 11 10 8 
1669927460 9 12 11 9 
1669927462 8 12 9 12 
1669927464 12 12 11 12 
1669927466 12 14 13 13 
1669927468 10 19 8 13 
1669927470 9 13 12 13 
1669927472 9 12 9 12 
1669927474 9 12 10 11 
1669927476 12 13 10 12 
1669927478 11 13 10 9 
1669927480 13 12 12 10 
1669927482 9 11 9 8 
1669927484 8 11 9 12 
1669927486 13 12 12 13 
1669927488 14 11 9 9 
1669927490 9 14 12 10 
1669927492 11 12 12 12 
1669927494 11 14 9 12 
1669927496 10 11 7 12 
1669927498 10 11 11 10 
1669927500 10 11 11 10 
1669927502 13 13 9 13 
1669927504 9 12 10 11 
1669927506 9 8 9 8 
1669927508 10 11 12 10 
1669927510 12 10 9 12 
1669927512 10 13 9 10 
1669927514 13 13 9 11 
1669927516 11 14 11 11 
1669927518 11 10 8 11 
1669927520 11 14 9 10 
1669927522 13 13 12 11 
1669927524 10 11 13 10 
1669927526 11 10 12 14 
1669927528 11 11 12 11 
1669927530 11 11 10 11 
1669927532 12 11 10 11 
1669927534 9 12 10 10 
1669927536 10 12 9 11 
1669927538 13 12 11 11 
1669927540 12 12 12 11 
1669927542 14 12 9 12 
1669927544 12 12 14 11 
1669927546 12 11 11 11 
1669927548 10 15 7 12 
1669927550 11 11 12 12 
1669927552 9 12 12 12 
1669927554 11 14 9 10 
1669927556 11 13 10 9 
1669927558 12 12 11 15 
1669927560 11 15 10 9 
1669927562 13 11 10 11 
1669927564 12 14 13 13 
1669927566 12 12 10 9 
1669927568 10 12 8 9 
1669927570 15 10 11 11 
1669927572 12 9 12 12 
1669927574 11 11 11 10 
1669927576 10 13 11 13 
1669927578 12 11 11 12 
1669927580 13 13 10 11 
1669927582 8 13 11 10 
1669927584 11 12 10 10 
1669927586 11 12 11 10 
1669927588 10 12 13 11 
1669927590 12 14 11 13 
1669927592 10 15 10 9 
1669927594 12 11 11 9 
1669927596 9 10 11 10 
1669927598 11 9 13 10 
1669927600 13 13 12 11 
1669927602 12 11 11 11 
1669927604 13 14 9 12 
1669927606 11 11 10 9 
1669927608 11 11 10 11 
1669927610 11 13 11 13 
1669927612 11 14 9 11 
1669927614 10 9 10 10 
1669927616 11 11 9 10 
1669927618 10 12 8 12 
1669927620 12 13 9 10 
1669927622 7 10 9 12 
1669927624 13 11 10 11 
1669927626 10 13 12 12 
1669927628 10 13 10 12 
1669927630 10 10 12 11 
1669927632 10 14 12 10 
1669927634 12 11 10 10 
1669927636 6 13 13 9 
1669927638 10 14 11 9 
1669927640 10 13 12 12 
1669927642 10 12 12 10 
1669927644 8 10 8 10 
1669927646 12 14 11 10 
1669927648 9 13 11 11 
1669927650 13 10 10 10 
1669927652 11 11 8 12 
1669927654 12 10 10 9 
1669927656 12 10 13 11 
1669927658 11 11 9 10 
1669927660 12 15 12 13 
1669927662 12 11 7 10 
1669927664 11 9 14 11 
1669927666 11 13 9 12 
1669927668 11 13 9 12 
1669927670 10 10 11 13 
1669927672 11 10 10 13 
1669927674 9 12 10 11 
1669927676 10 9 12 12 
1669927678 12 12 10 11 
1669927680 12 12 10 11 
1669927682 12 14 8 12 
1669927684 12 12 9 9 
1669927686 13 12 12 11 
1669927688 10 13 11 8 
1669927690 10 13 9 11 
1669927692 11 14 13 12 
1669927694 12 12 10 9 
1669927696 12 13 12 11 
1669927698 9 13 12 11 
1669927700 9 10 8 12 
1669927702 9 12 9 11 
1669927704 11 11 9 8 
1669927706 10 10 10 10 
1669927708 9 10 10 14 
1669927710 9 12 10 13 
1669927712 12 12 12 10 
1669927714 7 13 10 9 
1669927716 9 11 12 11 
1669927718 12 10 10 9 
1669927720 14 15 8 12 
1669927722 9 13 9 10 
1669927724 12 13 9 9 
1669927726 13 12 9 12 
1669927728 12 12 11 11 
1669927730 11 10 9 12 
1669927732 12 11 8 12 
1669927734 12 11 9 12 
1669927736 10 10 11 10 
1669927738 10 10 11 9 
1669927740 11 12 10 9 
1669927742 8 12 9 12 
1669927744 12 11 8 12 
1669927746 13 12 10 14 
1669927748 11 9 9 11 
1669927750 11 13 8 11 
1669927752 14 12 11 13 
1669927754 13 12 10 11 
1669927756 13 10 10 10 
1669927758 11 12 12 9 
1669927760 13 14 10 12 
1669927762 12 9 9 12 
1669927764 10 12 11 10 
1669927766 14 12 11 11 
1669927768 13 11 13 12 
1669927770 13 13 11 13 
1669927772 14 12 11 11 
1669927774 12 14 11 14 
1669927776 12 13 13 13 
1669927778 12 9 13 11 
1669927780 11 12 9 12 
1669927782 12 13 12 12 
1669927784 12 12 13 12 
1669927786 12 14 11 10 
1669927788 10 11 13 11 
1669927790 12 12 10 10 
1669927792 10 12 10 9 
1669927794 11 12 10 10 
1669927796 10 11 15 13 
1669927798 13 13 10 12 
1669927800 9 12 11 12 
1669927802 12 11 9 15 
1669927804 8 14 13 13 
1669927806 11 13 9 14 
1669927808 12 12 11 12 
1669927810 14 13 10 10 
1669927812 11 12 11 9 
1669927814 10 10 10 11 
1669927816 11 13 11 12 
1669927818 12 12 15 14 
1669927820 12 14 12 9 
1669927822 11 15 14 13 
1669927824 10 9 13 12 
1669927826 9 11 14 11 
1669927828 11 10 13 11 
1669927830 11 16 11 11 
1669927832 11 13 15 11 
1669927834 12 15 13 11 
1669927836 11 12 12 11 
1669927838 10 9 8 10 
1669927840 11 12 10 12 
1669927842 11 12 12 11 
1669927844 11 11 11 14 
1669927846 12 12 10 9 
1669927848 11 11 13 11 
1669927850 9 14 10 10 
1669927852 13 14 12 10 
1669927854 11 13 12 10 
1669927856 11 17 10 13 
1669927858 13 12 14 14 
1669927860 13 14 12 14 
1669927862 12 15 14 12 
1669927864 13 13 11 11 
1669927866 10 13 14 15 
1669927868 13 11 12 12 
1669927870 9 10 8 12 
1669927872 9 13 10 11 
1669927874 12 13 13 11 
1669927876 12 13 11 13 
1669927878 8 14 13 13 
1669927880 10 11 11 10 
1669927882 13 13 9 13 
1669927884 11 10 11 10 
1669927886 10 10 12 10 
1669927888 10 6 10 10 
1669927890 10 11 11 12 
1669927892 13 11 11 12 
1669927894 11 9 11 13 
1669927896 11 14 11 12 
1669927898 11 11 11 11 
1669927900 11 11 11 12 
1669927902 12 13 11 9 
1669927904 12 12 11 12 
1669927906 12 11 11 9 
1669927908 12 10 9 11 
1669927910 10 12 10 12 
1669927912 13 11 13 10 
1669927914 9 14 10 14 
1669927916 10 12 12 9 
1669927918 10 10 13 13 
1669927920 11 10 11 10 
1669927922 12 11 11 10 
1669927924 12 11 13 9 
1669927926 13 12 11 14 
1669927928 9 11 11 11 
1669927930 9 12 9 11 
1669927932 10 12 13 13 
1669927934 11 11 9 15 
1669927936 11 11 11 9 
1669927938 10 10 10 14 
1669927940 14 13 13 11 
1669927942 9 10 13 11 
1669927944 12 12 11 13 
1669927946 10 10 10 12 
1669927948 10 11 12 12 
1669927950 12 12 11 11 
1669927952 13 14 13 11 
1669927954 12 10 11 11 
1669927956 9 10 12 12 
1669927958 9 11 10 8 
1669927960 10 11 13 12 
1669927962 10 12 11 13 
1669927964 9 15 10 13 
1669927966 10 14 9 12 
1669927968 13 11 11 11 
1669927970 11 12 12 13 
1669927972 11 11 8 12 
1669927974 10 15 11 8 
1669927976 10 12 10 11 
1669927978 9 12 13 11 
1669927980 12 10 12 9 
1669927982 12 12 13 10 
1669927984 10 12 12 11 
1669927986 11 12 11 12 
1669927988 11 13 11 10 
1669927990 9 13 10 11 
1669927992 10 12 11 10 
1669927994 10 12 11 10 
1669927996 13 11 10 13 
1669927998 14 11 10 12 
1669928000 13 11 12 11 
1669928002 11 12 9 13 
1669928004 10 9 10 12 
1669928006 13 12 10 9 
1669928008 11 15 10 12 
1669928010 11 14 11 11 
1669928012 12 7 12 13 
1669928014 9 11 10 12 
1669928016 9 11 15 11 
1669928018 13 11 10 9 
1669928020 13 10 15 13 
1669928022 11 12 10 10 
1669928024 8 11 12 11 
1669928026 9 13 8 9 
1669928028 12 13 9 10 
1669928030 13 12 8 11 
1669928032 11 14 10 11 
1669928034 11 12 10 8 
1669928036 13 11 10 12 
1669928038 11 11 11 10 
1669928040 11 11 8 11 
1669928042 13 12 8 12 
1669928044 11 13 12 10 
1669928046 10 13 14 9 
1669928048 10 10 12 9 
1669928050 9 11 8 10 
1669928052 12 10 12 12 
1669928054 9 10 10 12 
1669928056 12 9 11 12 
1669928058 9 9 10 9 
1669928060 11 12 13 13 
1669928062 10 12 12 13 
1669928064 10 9 10 14 
1669928066 11 10 13 12 
1669928068 14 12 12 10 
1669928070 11 11 12 9 
1669928072 9 15 10 13 
1669928074 11 11 11 11 
1669928076 11 10 9 11 
1669928078 10 11 9 9 
1669928080 13 9 9 11 
1669928082 12 11 12 11 
1669928084 10 14 12 9 
1669928086 10 11 12 10 
1669928088 14 9 12 9 
1669928090 11 11 10 11 
1669928092 8 10 10 12 
1669928094 12 12 8 12 
1669928096 13 11 10 9 
1669928098 9 10 10 15 
1669928100 12 13 11 15 
1669928102 9 11 11 13 
1669928104 9 15 12 10 
1669928106 8 13 10 14 
1669928108 9 12 11 10 
1669928110 8 12 10 11 
1669928112 11 16 10 11 
1669928114 13 11 10 12 
1669928116 12 10 12 11 
1669928118 9 11 12 12 
1669928120 12 10 9 11 
1669928122 12 14 9 12 
1669928124 10 9 11 12 
1669928126 13 15 11 12 
1669928128 12 10 10 10 
1669928130 8 11 13 11 
1669928132 12 12 11 12 
1669928134 9 11 14 10 
1669928136 10 13 14 10 
1669928138 11 11 11 10 
1669928140 13 12 12 12 
1669928142 10 10 11 10 
1669928144 12 13 12 10 
1669928146 13 12 11 9 
1669928148 9 12 10 9 
1669928150 11 10 10 12 
1669928152 13 11 12 11 
1669928154 11 10 9 10 
1669928156 13 10 12 10 
1669928158 9 12 12 10 
1669928160 10 12 11 12 
1669928162 9 11 12 14 
1669928164 12 9 10 9 
1669928166 8 13 10 13 
1669928168 10 10 9 11 
1669928170 10 15 12 11 
1669928172 12 13 11 11 
1669928174 9 13 12 11 
1669928176 12 11 10 12 
1669928178 11 12 9 13 
1669928180 10 10 13 13 
1669928182 12 11 12 13 
1669928184 11 14 13 10 
1669928186 12 10 12 10 
1669928188 14 12 10 11 
1669928190 10 12 13 11 
1669928192 15 12 11 14 
1669928194 8 11 13 9 
1669928196 10 10 14 15 
1669928198 10 9 12 10 
1669928200 12 12 12 11 
1669928202 11 10 13 12 
1669928204 11 11 12 13 
1669928206 10 12 15 11 
1669928208 9 13 9 11 
1669928210 9 13 15 12 
1669928212 12 11 11 10 
1669928214 8 12 9 12 
1669928216 11 11 11 11 
1669928218 11 11 10 12 
1669928220 13 12 11 12 
1669928222 10 11 11 12 
1669928224 11 13 12 10 
1669928226 11 11 9 12 
1669928228 10 11 10 11 
1669928230 13 9 9 10 
1669928232 11 9 11 13 
1669928234 13 12 10 13 
1669928236 12 11 13 11 
1669928238 13 12 12 11 
1669928240 11 12 9 9 
1669928242 11 11 12 9 
1669928244 14 11 12 9 
1669928246 11 13 11 12 
1669928248 12 12 10 11 
1669928250 10 10 10 10 
1669928252 12 12 10 11 
1669928254 11 14 11 11 
1669928256 9 10 10 11 
1669928258 10 11 5 12 
1669928260 11 10 8 10 
1669928262 11 13 12 10 
1669928264 10 11 12 11 
1669928266 11 12 10 10 
1669928268 12 13 9 11 
1669928270 13 14 9 15 
1669928272 12 44 8 11 
1669928274 10 13 11 10 
1669928276 11 10 13 14 
1669928278 13 9 12 10 
1669928280 13 12 11 10 
1669928282 12 11 10 11 
1669928284 11 13 9 14 
1669928286 12 15 9 12 
1669928288 10 13 12 11 
1669928290 12 12 11 10 
1669928292 10 12 13 10 
1669928294 12 12 11 11 
1669928296 11 12 8 12 
1669928298 11 11 12 11 
1669928300 12 9 8 12 
1669928302 13 10 10 10 
1669928304 13 13 13 9 
1669928306 11 13 10 11 
1669928308 10 12 9 13 
1669928310 11 9 11 10 
1669928312 12 12 12 10 
1669928314 10 13 11 11 
1669928316 12 11 9 12 
1669928318 9 11 10 11 
1669928320 13 12 9 12 
1669928322 10 13 12 11 
1669928324 11 11 7 12 
1669928326 13 10 10 13 
1669928328 10 10 12 13 
1669928330 11 13 13 11 
1669928332 12 11 10 12 
1669928334 10 12 14 9 
1669928336 11 14 8 9 
1669928338 11 11 9 10 
1669928340 9 13 12 13 
1669928342 10 14 12 11 
1669928344 10 11 11 12 
1669928346 10 10 8 9 
1669928348 11 10 10 11 
1669928350 11 10 12 12 
1669928352 12 12 10 11 
1669928354 15 8 10 10 
1669928356 12 10 11 11 
1669928358 11 13 12 12 
1669928360 9 11 12 13 
1669928362 14 14 10 11 
1669928364 12 14 12 12 
1669928366 11 11 9 9 
1669928368 9 12 11 12 
1669928370 10 13 12 9 
1669928372 13 7 10 9 
1669928374 13 11 9 14 
1669928376 15 11 11 9 
1669928378 7 13 10 13 
1669928380 10 10 10 9 
1669928382 13 11 11 13 
1669928384 10 10 10 11 
1669928386 11 12 9 13 
1669928388 12 10 12 11 
1669928390 7 13 10 10 
1669928392 10 10 11 7 
1669928394 12 10 10 10 
1669928396 12 10 10 12 
1669928398 9 14 12 11 
