1669928402 10 13 10 12 
1669928405 11 40 12 10 
1669928407 12 10 11 12 
1669928409 9 13 12 9 
1669928411 10 8 11 11 
1669928413 13 12 11 12 
1669928415 12 9 12 10 
1669928417 12 13 12 9 
1669928419 11 14 10 8 
1669928421 9 12 10 11 
1669928423 10 12 12 10 
1669928425 11 10 11 12 
1669928427 8 10 12 11 
1669928429 10 13 11 10 
1669928431 9 13 9 13 
1669928433 14 11 11 10 
1669928435 11 11 12 12 
1669928437 11 10 11 12 
1669928439 9 12 12 17 
1669928441 11 11 12 10 
1669928443 13 12 11 10 
1669928445 10 12 9 11 
1669928447 10 10 9 13 
1669928449 10 9 11 11 
1669928451 12 10 12 11 
1669928453 9 9 10 14 
1669928455 12 11 10 12 
1669928457 10 14 11 11 
1669928459 11 15 9 12 
1669928461 13 13 10 11 
1669928463 12 12 9 13 
1669928465 11 10 10 13 
1669928467 9 12 10 14 
1669928469 10 11 11 11 
1669928471 11 13 10 12 
1669928473 12 12 10 12 
1669928475 12 12 8 8 
1669928477 9 14 9 12 
1669928479 13 11 12 12 
1669928481 14 11 11 9 
1669928483 11 11 13 11 
1669928485 9 11 15 12 
1669928487 12 12 10 10 
1669928489 10 13 10 11 
1669928491 12 12 11 12 
1669928493 10 12 11 9 
1669928495 12 10 12 12 
1669928497 12 8 10 11 
1669928499 12 10 12 10 
1669928501 10 10 11 14 
1669928503 11 12 10 12 
1669928505 10 9 13 13 
1669928507 9 12 11 13 
1669928509 10 8 8 11 
1669928511 11 9 10 12 
1669928513 12 11 11 11 
1669928515 11 12 13 11 
1669928517 11 10 12 8 
1669928519 12 8 12 11 
1669928521 10 12 12 10 
1669928523 10 9 13 12 
1669928525 10 12 10 8 
1669928527 8 12 11 12 
1669928529 12 12 12 10 
1669928531 10 11 11 13 
1669928533 12 12 11 9 
1669928535 9 11 11 12 
1669928537 12 11 12 9 
1669928539 12 12 9 10 
1669928541 11 12 10 12 
1669928543 9 8 12 11 
1669928545 10 14 8 12 
1669928547 12 14 10 8 
1669928549 12 11 11 11 
1669928551 11 13 13 8 
1669928553 10 13 11 12 
1669928555 13 13 10 7 
1669928557 9 13 12 11 
1669928559 11 11 11 12 
1669928561 11 12 13 13 
1669928563 11 13 9 11 
1669928565 11 9 9 13 
1669928567 14 12 12 10 
1669928569 10 12 10 10 
1669928571 10 10 14 10 
1669928573 11 14 10 12 
1669928575 11 12 9 11 
1669928577 10 12 9 11 
1669928579 11 13 10 13 
1669928581 12 11 9 10 
1669928583 13 13 11 15 
1669928585 9 13 9 11 
1669928587 12 11 8 10 
1669928589 10 12 8 14 
1669928591 11 14 12 13 
1669928593 10 13 9 12 
1669928595 8 11 11 13 
1669928597 12 10 10 10 
1669928599 11 10 10 10 
1669928601 10 10 10 13 
1669928603 9 11 12 9 
1669928605 8 13 10 13 
1669928607 13 9 11 12 
1669928609 12 11 8 10 
1669928611 11 13 11 11 
1669928613 10 11 9 11 
1669928615 12 12 10 10 
1669928617 10 10 10 12 
1669928619 11 13 10 12 
1669928621 11 11 11 13 
1669928623 13 13 11 12 
1669928625 11 10 12 13 
1669928627 13 10 11 12 
1669928629 12 13 10 9 
1669928631 11 11 10 9 
1669928633 10 11 11 13 
1669928635 14 13 11 11 
1669928637 13 11 11 12 
1669928639 9 11 12 7 
1669928641 10 11 10 13 
1669928643 11 13 12 11 
1669928645 9 11 11 9 
1669928647 10 12 10 12 
1669928649 13 11 11 13 
1669928651 10 13 10 10 
1669928653 11 12 10 11 
1669928655 12 21 12 12 
1669928657 12 9 10 11 
1669928659 11 9 13 12 
1669928661 11 10 11 11 
1669928663 10 11 8 11 
1669928665 13 14 12 12 
1669928667 11 12 8 10 
1669928669 10 12 8 11 
1669928671 10 11 13 12 
1669928673 9 11 11 13 
1669928675 13 11 11 13 
1669928677 11 12 10 11 
1669928679 10 10 10 13 
1669928681 11 11 10 13 
1669928683 11 12 12 12 
1669928685 10 10 10 11 
1669928687 11 12 9 11 
1669928689 13 13 12 12 
1669928691 8 10 11 13 
1669928693 12 11 11 13 
1669928695 10 9 9 11 
1669928697 11 12 13 10 
1669928699 12 14 10 9 
1669928701 12 13 8 11 
1669928703 14 11 13 11 
1669928705 10 13 10 15 
1669928707 11 13 11 13 
1669928709 11 12 11 13 
1669928711 9 12 10 9 
1669928713 11 13 9 11 
1669928715 11 13 13 9 
1669928717 11 8 12 12 
1669928719 11 12 11 8 
1669928721 12 11 11 14 
1669928723 12 11 10 10 
1669928725 9 11 12 12 
1669928727 11 12 11 11 
1669928729 12 11 12 9 
1669928731 12 13 12 11 
1669928733 13 10 15 11 
1669928735 12 11 9 12 
1669928737 13 11 12 11 
1669928739 12 9 11 8 
1669928741 13 11 9 12 
1669928743 12 12 10 13 
1669928745 11 12 10 11 
1669928747 10 11 9 10 
1669928749 11 13 9 12 
1669928751 12 8 12 11 
1669928753 11 10 9 13 
1669928755 12 10 9 12 
1669928757 12 11 10 11 
1669928759 11 12 10 10 
1669928761 10 11 12 10 
1669928763 8 11 10 12 
1669928765 11 9 12 11 
1669928767 9 15 12 11 
1669928769 11 11 13 13 
1669928771 10 10 11 11 
1669928773 9 14 14 11 
1669928775 10 12 12 10 
1669928777 11 12 10 11 
1669928779 11 11 8 11 
1669928781 7 11 10 12 
1669928783 9 9 9 13 
1669928785 12 10 13 11 
1669928787 12 12 11 10 
1669928789 12 11 11 10 
1669928791 12 10 10 10 
1669928793 10 11 7 12 
1669928795 14 16 10 12 
1669928797 11 13 10 11 
1669928799 11 12 9 11 
1669928801 11 12 10 10 
1669928803 9 11 10 10 
1669928805 13 12 12 7 
1669928807 11 13 10 10 
1669928809 14 9 11 15 
1669928811 11 13 13 13 
1669928813 10 13 14 12 
1669928815 12 13 12 11 
1669928817 12 11 10 14 
1669928819 13 10 11 10 
1669928821 11 11 14 9 
1669928823 11 11 14 11 
1669928825 12 13 10 11 
1669928827 11 13 10 11 
1669928829 10 12 13 10 
1669928831 12 9 12 11 
1669928833 10 9 11 11 
1669928835 10 12 11 11 
1669928837 13 12 12 10 
1669928839 11 12 10 9 
1669928841 9 14 10 14 
1669928843 11 12 10 10 
1669928845 11 12 12 9 
1669928847 11 11 10 13 
1669928849 14 10 9 10 
1669928851 9 12 14 12 
1669928853 9 9 12 10 
1669928855 12 10 11 11 
1669928857 9 11 13 9 
1669928859 13 11 12 10 
1669928861 12 13 11 13 
1669928863 10 11 12 13 
1669928865 13 13 10 10 
1669928867 10 11 13 12 
1669928869 12 14 11 13 
1669928871 12 12 9 13 
1669928873 12 15 11 8 
1669928875 11 10 12 13 
1669928877 12 9 13 13 
1669928879 13 13 11 13 
1669928881 10 11 12 13 
1669928883 10 11 10 13 
1669928885 13 11 11 9 
1669928887 11 12 11 11 
1669928889 11 12 11 11 
1669928891 12 12 12 9 
1669928893 13 13 13 11 
1669928895 8 11 13 12 
1669928897 11 13 12 11 
1669928899 11 11 10 9 
1669928901 11 14 11 12 
1669928903 9 13 10 12 
1669928905 11 10 8 11 
1669928907 11 10 10 13 
1669928909 13 12 11 9 
1669928911 13 9 10 12 
1669928913 11 13 14 9 
1669928915 12 12 11 11 
1669928917 12 11 9 13 
1669928919 14 9 9 10 
1669928921 12 11 11 13 
1669928923 12 10 14 11 
1669928925 10 12 11 11 
1669928927 13 12 11 14 
1669928929 11 11 9 9 
1669928931 12 15 10 9 
1669928933 11 10 11 12 
1669928935 9 13 14 13 
1669928937 11 12 11 12 
1669928939 11 10 13 11 
1669928941 8 13 13 10 
1669928943 12 11 13 10 
1669928945 14 13 14 10 
1669928947 12 12 10 7 
1669928949 12 12 12 12 
1669928951 9 13 7 10 
1669928953 10 11 11 12 
1669928955 10 14 11 10 
1669928957 12 12 9 12 
1669928959 12 11 10 10 
1669928961 12 10 10 12 
1669928963 11 9 8 10 
1669928965 12 11 11 11 
1669928967 14 12 11 13 
1669928969 10 10 8 10 
1669928971 10 12 10 12 
1669928973 12 11 11 10 
1669928975 14 10 11 11 
1669928977 11 13 11 10 
1669928979 9 14 13 10 
1669928981 11 9 9 14 
1669928983 12 10 13 11 
1669928985 13 13 11 9 
1669928987 12 12 11 13 
1669928989 11 12 10 11 
1669928991 12 12 10 8 
1669928993 10 9 11 11 
1669928995 7 11 8 11 
1669928997 10 11 13 10 
1669928999 13 12 11 14 
1669929001 12 13 9 10 
1669929003 10 13 9 11 
1669929005 9 10 9 12 
1669929007 11 12 11 12 
1669929009 12 12 11 14 
1669929011 10 13 13 12 
1669929013 10 10 11 10 
1669929015 9 12 12 10 
1669929017 12 11 11 12 
1669929019 10 10 11 15 
1669929021 13 11 11 12 
1669929023 10 13 11 12 
1669929025 12 10 11 12 
1669929027 11 11 10 8 
1669929029 10 12 12 8 
1669929031 11 13 8 12 
1669929033 9 14 8 9 
1669929035 12 11 9 13 
1669929037 12 12 12 11 
1669929039 10 13 8 12 
1669929041 12 9 11 10 
1669929043 9 14 10 11 
1669929045 13 11 12 11 
1669929047 12 12 11 12 
1669929049 9 9 10 10 
1669929051 9 10 10 11 
1669929053 12 9 13 13 
1669929055 11 11 10 12 
1669929057 9 12 10 11 
1669929059 10 12 10 11 
1669929061 10 11 9 11 
1669929063 10 10 11 9 
1669929065 11 12 9 11 
1669929067 11 14 9 13 
1669929069 13 10 10 10 
1669929071 11 13 11 12 
1669929073 11 10 10 13 
1669929075 11 10 11 13 
1669929077 15 14 11 13 
1669929079 12 12 8 13 
1669929081 11 13 10 13 
1669929083 11 10 12 13 
1669929085 9 12 12 10 
1669929087 9 12 9 10 
1669929089 13 13 10 9 
1669929091 12 11 11 10 
1669929093 9 13 10 13 
1669929095 10 39 11 9 
1669929097 11 11 10 16 
1669929099 11 12 11 8 
1669929101 10 13 12 11 
1669929103 12 11 10 10 
1669929105 12 10 9 12 
1669929107 10 13 13 10 
1669929109 13 9 9 13 
1669929111 11 14 12 10 
1669929113 11 11 11 10 
1669929115 12 11 9 9 
1669929117 10 13 9 10 
1669929119 11 10 11 11 
1669929121 11 12 8 13 
1669929123 11 11 10 10 
1669929125 11 11 8 11 
1669929127 9 13 13 10 
1669929129 10 13 10 12 
1669929131 11 12 11 10 
1669929133 11 12 11 11 
1669929135 12 10 12 11 
1669929137 10 11 11 12 
1669929139 12 12 14 10 
1669929141 12 11 11 13 
1669929143 10 10 14 9 
1669929145 11 12 9 8 
1669929147 10 11 10 10 
1669929149 5 11 13 9 
1669929151 11 13 11 12 
1669929153 11 14 12 11 
1669929155 9 9 11 13 
1669929157 10 8 12 27 
1669929159 12 10 12 11 
1669929161 10 13 7 10 
1669929163 1647 2320 1225 1724 
1669929165 1241 1905 620 1456 
1669929167 2194 1516 2051 1350 
1669929169 2818 1652 3165 1209 
1669929171 2656 1616 1858 1831 
1669929173 3314 3274 2696 2018 
1669929175 3771 3558 3734 3637 
1669929177 3706 3550 3701 2332 
1669929179 2401 2595 1749 2984 
1669929181 371 430 1292 147 
1669929183 1338 2344 455 2555 
1669929185 2694 2123 1533 1756 
1669929187 597 547 2582 498 
1669929189 879 687 1508 635 
1669929191 3611 3464 3551 3527 
1669929193 451 838 534 543 
1669929195 1849 2325 984 2994 
1669929197 561 485 832 612 
1669929199 1482 320 182 2345 
1669929201 2409 2101 3060 2099 
1669929203 3666 1562 1773 1154 
1669929205 363 2705 585 2690 
1669929207 463 727 370 872 
1669929209 2983 978 2416 897 
1669929211 1981 2983 1566 2579 
1669929213 1771 1975 435 2299 
1669929215 1696 332 550 377 
1669929217 1540 2699 794 2824 
1669929219 2124 2834 1716 3684 
1669929221 2139 2182 931 2313 
1669929223 930 1338 3230 1520 
1669929225 3549 3501 3545 3256 
1669929227 1005 1378 1044 1184 
1669929229 1743 1975 1840 2166 
1669929231 1942 2203 1858 1872 
1669929233 2149 1940 2934 1767 
1669929235 375 1029 325 477 
1669929237 1058 2181 593 1836 
1669929239 3061 3062 2115 2737 
1669929241 1641 2072 1348 2926 
1669929243 2547 1886 1938 3366 
1669929245 872 1366 1798 1655 
1669929247 3289 3047 2972 3265 
1669929249 2946 2292 2648 2832 
1669929251 3210 2054 2734 2492 
1669929253 3041 2574 2915 2013 
1669929255 2381 1957 2062 1808 
1669929257 1966 1953 1085 1602 
1669929259 2333 2080 1907 1791 
1669929261 1091 1418 865 1268 
1669929263 1187 1607 527 1443 
1669929265 2704 1923 3598 1625 
1669929267 1165 1293 383 1285 
1669929269 1269 1157 905 920 
1669929271 949 1131 494 1086 
1669929273 2722 1386 1820 2492 
1669929275 3683 2494 3600 2803 
1669929277 589 1693 0 351 
1669929279 339 329 365 542 
1669929281 360 431 255 456 
1669929283 293 899 0 1354 
1669929285 2734 3253 3659 2350 
1669929287 113 230 282 320 
1669929289 2931 2938 2714 1025 
1669929291 3811 2155 3883 2011 
1669929293 3219 2075 2726 2445 
1669929295 2295 1298 1427 1495 
1669929297 2121 1212 832 1360 
1669929299 2217 1321 797 1305 
1669929301 1868 1086 748 1193 
1669929303 1889 1172 719 1233 
1669929305 2385 1532 1097 1466 
1669929307 1701 1258 473 1293 
1669929309 1538 1239 540 1205 
1669929311 1869 1327 785 1336 
1669929313 1657 1195 569 1272 
1669929315 1885 1306 797 1323 
1669929317 1744 1325 787 1251 
1669929319 1524 1303 642 1186 
1669929321 1584 1208 611 1256 
1669929323 1533 1362 610 1246 
1669929325 1522 1501 624 1405 
1669929327 1354 1172 527 1255 
1669929329 1471 1355 642 1324 
1669929331 1554 1429 664 1300 
1669929333 1301 1266 556 1223 
1669929335 1207 1186 481 1142 
1669929337 1102 1248 718 981 
1669929339 1920 1548 1005 1556 
1669929341 1588 1405 627 1258 
1669929343 856 1096 509 989 
1669929345 1416 1358 755 1303 
1669929347 1191 1247 531 1143 
1669929349 1705 1430 926 1452 
1669929351 963 1102 418 985 
1669929353 1061 1338 793 1269 
1669929355 2318 1838 1607 1814 
1669929357 1284 1307 710 1278 
1669929359 1495 1581 692 1446 
1669929361 1248 1178 605 1152 
1669929363 1084 1099 508 1050 
1669929365 1633 1530 1152 1422 
1669929367 1659 1508 844 1431 
1669929369 1724 1382 811 1376 
1669929371 1494 1329 654 1258 
1669929373 1452 1268 673 1218 
1669929375 1625 1440 689 1389 
1669929377 603 792 457 724 
1669929379 1391 1229 778 1127 
1669929381 1980 1441 1217 1475 
1669929383 1545 1249 684 1245 
1669929385 1349 1323 610 1190 
1669929387 1573 1493 788 1269 
1669929389 692 1060 469 917 
1669929391 1778 1585 1092 1449 
1669929393 1562 1484 787 1315 
1669929395 1359 1246 534 1097 
1669929397 1705 1455 878 1386 
1669929399 1321 1421 629 1210 
1669929401 1398 1466 660 1296 
1669929403 1796 1388 1030 1409 
1669929405 1195 1288 576 1173 
1669929407 1405 1308 670 1268 
1669929409 1283 1340 682 1160 
1669929411 1320 1302 691 1239 
1669929413 1385 1327 667 1251 
1669929415 1357 1285 672 1241 
1669929417 1323 1302 659 1131 
1669929419 1332 1395 645 1168 
1669929421 1360 1427 665 1192 
1669929423 1315 1236 667 1156 
1669929425 1348 1290 702 1186 
1669929427 1391 1315 675 1176 
1669929429 1542 1456 768 1291 
1669929431 1443 1442 701 1286 
1669929433 774 1179 322 961 
1669929435 1801 1619 1259 1597 
1669929437 1428 1428 790 1263 
1669929439 1376 1303 653 1205 
1669929441 1311 1312 568 1081 
1669929443 1328 1267 697 1086 
1669929445 1299 1184 589 1116 
1669929447 1228 1220 644 1086 
1669929449 705 566 818 506 
1669929451 1991 2182 699 2123 
1669929453 1638 1753 724 1566 
1669929455 1301 1418 612 1202 
1669929457 1319 1315 680 1120 
1669929459 1525 1457 803 1248 
1669929461 1445 1362 687 1319 
1669929463 1525 1482 675 1401 
1669929465 1466 1509 703 1242 
1669929467 854 1072 469 949 
1669929469 1175 1168 646 1175 
1669929471 979 1205 430 1015 
1669929473 1345 1409 626 1153 
1669929475 1298 1325 706 1207 
1669929477 1355 1341 684 1241 
1669929479 1249 1331 650 1183 
1669929481 1303 1386 701 1196 
1669929483 1323 1299 667 1202 
1669929485 1353 1319 677 1219 
1669929487 1267 1407 661 1177 
1669929489 1322 1304 596 1089 
1669929491 1352 1401 609 1148 
1669929493 1354 1439 670 1205 
1669929495 1277 1331 660 1123 
1669929497 1391 1414 706 1122 
1669929499 1418 1335 652 1202 
1669929501 1154 1314 575 1126 
1669929503 1661 1379 938 1250 
1669929505 1065 1337 572 976 
1669929507 909 1296 436 1029 
1669929509 1490 1420 876 1255 
1669929511 1338 1449 672 1164 
1669929513 1324 1425 691 1177 
1669929515 1290 1293 564 1081 
1669929517 1297 1339 701 1127 
1669929519 1591 1470 966 1316 
1669929521 1437 1408 749 1202 
1669929523 1373 1310 671 1177 
1669929525 1305 1357 575 1175 
1669929527 1297 1287 580 1162 
1669929529 1343 1355 655 1195 
1669929531 1347 1356 669 1186 
1669929533 1331 1372 601 1201 
1669929535 1345 1377 673 1214 
1669929537 1266 1295 673 1198 
1669929539 1345 1420 700 1196 
1669929541 1352 1427 687 1197 
1669929543 1320 1419 660 1107 
1669929545 1313 1414 576 1084 
1669929547 1304 1388 662 1172 
1669929549 1337 1300 696 1100 
1669929551 1270 1284 673 1134 
1669929553 1370 1443 725 1177 
1669929555 1333 1423 674 1089 
1669929557 1374 1360 695 1183 
1669929559 1345 1253 605 1085 
1669929561 1321 1294 660 1172 
1669929563 1354 1325 601 1155 
1669929565 1333 1392 614 1173 
1669929567 1358 1299 700 1219 
1669929569 1350 1253 689 1184 
1669929571 1326 1373 658 1110 
1669929573 1330 1409 637 1138 
1669929575 1304 1401 625 1185 
1669929577 1319 1395 654 1038 
1669929579 1271 1309 683 1129 
1669929581 1313 1400 685 1164 
1669929583 1287 1285 633 1138 
1669929585 985 1253 446 998 
1669929587 1473 1490 797 1249 
1669929589 1478 1393 838 1191 
1669929591 1364 1431 697 1190 
1669929593 1382 1452 628 1213 
1669929595 1320 1451 617 1207 
1669929597 1400 1452 737 1137 
1669929599 1329 1401 674 1140 
1669929601 1282 1424 679 1175 
1669929603 1235 1321 654 1180 
1669929605 1461 1423 845 1255 
1669929607 1329 1414 716 1209 
1669929609 1327 1305 762 1222 
1669929611 1220 1364 818 1230 
1669929613 2038 1922 1648 1205 
1669929615 465 1086 331 962 
1669929617 962 1224 763 1139 
1669929619 998 1088 633 922 
1669929621 1355 1499 763 1271 
1669929623 1293 1402 536 1233 
1669929625 1314 1438 648 1225 
1669929627 1404 1448 716 1256 
1669929629 1307 1323 696 1244 
1669929631 1322 1440 713 1164 
1669929633 1277 1380 643 1173 
1669929635 1366 1441 681 1201 
1669929637 1285 1423 674 1187 
1669929639 1296 1343 674 1203 
1669929641 1316 1394 615 1213 
1669929643 1313 1416 667 1202 
1669929645 1315 1416 666 1214 
1669929647 1329 1301 667 1217 
1669929649 1295 1303 627 1193 
1669929651 1334 1324 681 1202 
1669929653 1376 1426 615 1202 
1669929655 1351 1322 675 1216 
1669929657 1656 1419 962 1357 
1669929659 1412 1410 704 1227 
1669929661 942 1165 399 949 
1669929663 1251 1321 687 1171 
1669929665 1314 1260 701 1183 
1669929667 1247 1289 666 1111 
1669929669 1282 1420 540 1137 
1669929671 1396 1374 678 1112 
1669929673 1334 1335 683 1164 
1669929675 1272 1432 603 1179 
1669929677 1341 1415 660 1180 
1669929679 1310 1393 699 1210 
1669929681 1339 1392 693 1200 
1669929683 1346 1393 675 1191 
1669929685 1343 1307 613 1186 
1669929687 1248 1315 658 1188 
1669929689 1248 1322 686 1120 
1669929691 1303 1382 660 1175 
1669929693 1326 1328 726 1123 
1669929695 1354 1427 635 1139 
1669929697 1230 1205 618 1114 
1669929699 1518 1533 774 1345 
1669929701 1131 1269 487 1037 
1669929703 1266 1394 662 1083 
1669929705 1242 1364 614 1106 
1669929707 1400 1485 685 1195 
1669929709 1432 1446 723 1182 
1669929711 1326 1294 692 1132 
1669929713 1318 1329 684 1160 
1669929715 1386 1450 727 1188 
1669929717 1239 1375 593 1051 
1669929719 1357 1405 699 1143 
1669929721 1288 1315 677 1171 
1669929723 1387 1420 698 1220 
1669929725 1299 1252 625 1149 
1669929727 1428 1405 713 1059 
1669929729 1297 1292 633 1040 
1669929731 1378 1435 759 1186 
1669929733 1380 1454 812 1121 
1669929735 1418 1367 748 1159 
1669929737 1424 1396 714 1191 
1669929739 1376 1401 693 1192 
1669929741 1388 1387 696 1109 
1669929743 1367 1284 679 1121 
1669929745 1351 1271 646 1054 
1669929747 1341 1209 592 1136 
1669929749 1336 1354 684 1108 
1669929751 1370 1402 569 1162 
1669929753 1369 1378 679 1192 
1669929755 1247 1354 597 1122 
1669929757 1405 1306 675 1177 
1669929759 1332 1306 565 1161 
1669929761 1328 1390 666 1197 
1669929763 1361 1377 697 1179 
1669929765 1605 1437 908 1292 
1669929767 1164 1341 563 1094 
1669929769 1593 1547 1336 1324 
1669929771 1360 1226 700 1103 
1669929773 1459 1375 742 1203 
1669929775 1307 1170 532 1172 
1669929777 1358 1177 643 1190 
1669929779 1375 1234 606 1178 
1669929781 1290 1282 601 1177 
1669929783 1244 1421 652 1185 
1669929785 1202 1306 621 1172 
1669929787 1147 1334 583 1156 
1669929789 1282 1294 676 1117 
1669929791 1324 1381 690 1189 
1669929793 1340 1379 687 1191 
1669929795 1332 1404 690 1112 
1669929797 1361 1371 705 1175 
1669929799 1342 1404 585 1162 
1669929801 1362 1143 660 1186 
1669929803 1376 1347 686 1202 
1669929805 1213 1336 601 1169 
1669929807 1264 1366 679 1201 
1669929809 1339 1259 691 1221 
1669929811 1320 1323 670 1031 
1669929813 1345 1257 681 1125 
1669929815 1371 1276 703 1170 
1669929817 1341 1392 671 1179 
1669929819 1333 1390 544 1075 
1669929821 1374 1245 677 1063 
1669929823 1320 1256 655 1054 
1669929825 1291 1324 666 1148 
1669929827 1348 1294 628 1177 
1669929829 1335 1383 649 1184 
1669929831 1364 1220 684 1113 
1669929833 1332 1376 691 1144 
1669929835 1211 1247 518 1023 
1669929837 1293 1237 631 1058 
1669929839 1269 1368 686 1066 
1669929841 1333 1384 682 1148 
1669929843 1268 1308 619 1153 
1669929845 1301 1349 679 1193 
1669929847 1255 1343 689 1180 
1669929849 1342 1394 722 1102 
1669929851 1369 1415 675 1085 
1669929853 1358 1404 548 1041 
1669929855 1369 1384 676 1131 
1669929857 1370 1328 611 1146 
1669929859 1337 1384 579 1067 
1669929861 1350 1309 680 1068 
1669929863 1356 1396 717 1147 
1669929865 1334 1403 684 1190 
1669929867 1357 1317 660 1122 
1669929869 1365 1427 697 1197 
1669929871 1354 1409 674 1124 
1669929873 1281 1362 692 1174 
1669929875 1320 1408 703 1175 
1669929877 1318 1424 621 1174 
1669929879 1244 1215 656 1164 
1669929881 1287 1353 659 1172 
1669929883 1315 1377 659 1153 
1669929885 1310 1213 669 1079 
1669929887 1332 1281 668 986 
1669929889 1354 1357 668 1139 
1669929891 1347 1365 683 1149 
1669929893 1199 1208 545 1097 
1669929895 1358 1311 700 1128 
1669929897 1362 1306 588 1176 
1669929899 1364 1338 580 1085 
1669929901 1334 1363 674 1145 
1669929903 1445 1299 725 1185 
1669929905 1377 1357 659 1171 
1669929907 1295 1257 651 1143 
1669929909 1280 1276 647 1153 
1669929911 1368 1395 690 1227 
1669929913 1326 1296 679 1170 
1669929915 1407 1323 833 1220 
1669929917 1378 1296 715 1197 
1669929919 1359 1369 660 1191 
1669929921 1382 1290 707 1204 
1669929923 1353 1334 658 1084 
1669929925 1280 1363 665 1128 
1669929927 1241 1370 678 1137 
1669929929 1285 1284 674 1099 
1669929931 1335 1392 688 1164 
1669929933 1239 1377 661 1152 
1669929935 1322 1417 663 1165 
1669929937 1314 1282 692 1106 
1669929939 1335 1402 688 1179 
1669929941 1342 1312 664 1189 
1669929943 1358 1297 663 1193 
1669929945 1339 1406 677 1182 
1669929947 1176 1282 679 1162 
1669929949 1322 1446 729 1208 
1669929951 1219 1395 655 1149 
1669929953 1286 1302 593 1142 
1669929955 1253 1343 655 1173 
1669929957 1321 1381 683 1189 
1669929959 1328 1386 703 1185 
1669929961 1331 1349 670 1190 
1669929963 1352 1268 615 1172 
1669929965 1230 1331 546 1052 
1669929967 1338 1438 738 1182 
1669929969 1194 1339 667 1111 
1669929971 1237 1260 677 1141 
1669929973 1323 1389 691 1101 
1669929975 1308 1295 638 1143 
1669929977 1321 1416 595 1160 
1669929979 1355 1419 700 1210 
1669929981 1353 1459 724 1234 
1669929983 1337 1297 682 1181 
1669929985 1328 1238 658 1102 
1669929987 1302 1346 695 1138 
1669929989 1332 1398 636 1168 
1669929991 1341 1414 683 1046 
1669929993 1251 1298 666 1154 
1669929995 1368 1367 719 1210 
1669929997 1370 1359 678 1179 
1669929999 1317 1293 685 1085 
1669930001 1316 1295 664 1042 
1669930003 1318 1385 653 1121 
1669930005 1256 1198 604 1118 
1669930007 1231 1347 601 1149 
1669930009 1297 1389 668 1097 
1669930011 1320 1399 689 1155 
1669930013 1314 1309 697 1192 
1669930015 1328 1290 684 1090 
1669930017 1362 1330 631 1075 
1669930019 1337 1340 667 1131 
1669930021 1337 1270 589 1161 
1669930023 1342 1280 688 1186 
1669930025 1334 1313 680 1029 
1669930027 1311 1375 657 1087 
1669930029 1329 1315 698 1181 
1669930031 1316 1268 666 1097 
1669930033 1334 1220 702 1062 
1669930035 1366 1294 695 1121 
1669930037 1314 1360 696 1151 
1669930039 1331 1357 686 1096 
1669930041 1351 1376 674 1158 
1669930043 1337 1261 641 1137 
1669930045 1332 1297 664 1103 
1669930047 1264 1312 665 1137 
1669930049 1295 1289 687 1174 
1669930051 1334 1372 709 1205 
1669930053 1331 1373 658 1091 
1669930055 1371 1415 715 1158 
1669930057 1281 1365 696 1170 
1669930059 1293 1356 676 1095 
1669930061 1311 1250 688 1168 
1669930063 1352 1371 707 1188 
1669930065 1362 1374 599 1166 
1669930067 1276 1359 660 1090 
1669930069 1319 1356 672 1155 
1669930071 1364 1309 701 1117 
1669930073 1346 1317 703 1191 
1669930075 1357 1390 704 1203 
1669930077 1331 1303 684 1186 
1669930079 1313 1393 673 1190 
1669930081 1338 1413 664 1113 
1669930083 1326 1290 613 1161 
1669930085 1367 1378 710 1186 
1669930087 1320 1194 568 1141 
1669930089 1284 1333 667 1175 
1669930091 1368 1295 689 1191 
1669930093 1392 1421 710 1218 
1669930095 1362 1282 606 1215 
1669930097 1254 1358 651 1169 
1669930099 1315 1382 683 1173 
1669930101 1339 1401 695 1161 
1669930103 1323 1368 614 1088 
1669930105 1334 1296 686 1163 
1669930107 1342 1220 592 1135 
1669930109 1339 1357 690 1177 
1669930111 1364 1395 688 1117 
1669930113 1264 1368 685 1070 
1669930115 1331 1386 688 1164 
1669930117 1336 1385 687 1179 
1669930119 1318 1371 686 1183 
1669930121 1341 1412 649 1201 
1669930123 1324 1305 682 1111 
1669930125 1314 1297 606 1052 
1669930127 1293 1171 640 1113 
1669930129 1237 1317 672 1151 
1669930131 1259 1337 662 1152 
1669930133 1426 1331 751 1213 
1669930135 1352 1386 693 1183 
1669930137 1247 1345 603 1141 
1669930139 1316 1394 679 1189 
1669930141 1337 1306 611 1191 
1669930143 1349 1285 598 1203 
1669930145 1265 1360 581 1188 
1669930147 1273 1337 658 1202 
1669930149 1351 1280 706 1228 
1669930151 1346 1312 621 1204 
1669930153 1353 1359 710 1204 
1669930155 1364 1437 619 1248 
1669930157 1326 1381 672 1211 
1669930159 1194 1194 530 1137 
1669930161 1222 1367 688 1167 
1669930163 1287 1376 619 1148 
1669930165 1294 1402 597 1160 
1669930167 1290 1358 721 1065 
1669930169 1420 1451 727 1192 
1669930171 1337 1380 704 1195 
1669930173 1375 1399 714 1213 
1669930175 1337 1365 692 1214 
1669930177 1313 1278 682 1198 
1669930179 1354 1222 701 1167 
1669930181 1350 1198 627 1175 
1669930183 1310 1279 658 1187 
1669930185 1377 1384 638 1208 
1669930187 1309 1338 609 1188 
1669930189 1306 1336 683 1157 
1669930191 1329 1342 700 1110 
1669930193 1340 1202 670 1165 
1669930195 1357 1263 653 1159 
1669930197 1405 1384 720 1208 
1669930199 1351 1384 674 1100 
1669930201 1265 1378 633 1122 
1669930203 1319 1373 650 1187 
1669930205 1337 1287 605 1184 
1669930207 1293 1301 691 1204 
1669930209 1215 1285 688 1111 
1669930211 1280 1320 701 1167 
1669930213 1312 1182 700 1176 
1669930215 1340 1283 698 1112 
1669930217 1243 1312 621 1121 
1669930219 1310 1351 676 1186 
1669930221 1324 1300 601 1191 
1669930223 1341 1294 614 1199 
1669930225 1324 1390 667 1165 
1669930227 1310 1316 676 1108 
1669930229 1232 1314 608 1139 
1669930231 1288 1262 543 1136 
1669930233 1362 1144 689 1184 
1669930235 1296 1233 682 1213 
1669930237 1332 1286 687 1195 
1669930239 1379 1385 698 1110 
1669930241 1228 1153 609 1102 
1669930243 1271 1159 663 1132 
1669930245 1374 1308 766 1217 
1669930247 1365 1327 695 1208 
1669930249 1332 1183 675 1186 
1669930251 1324 1236 609 1150 
1669930253 1353 1320 684 1208 
1669930255 1407 1351 696 1116 
1669930257 1364 1283 690 1068 
1669930259 1198 1266 590 1120 
1669930261 1389 1451 746 1222 
1669930263 1257 1403 658 1167 
1669930265 1330 1326 641 1186 
1669930267 1323 1402 650 1081 
1669930269 1370 1242 703 1159 
1669930271 1323 1369 609 1177 
1669930273 1329 1281 687 1196 
1669930275 1344 1394 713 1175 
1669930277 1352 1405 688 1168 
1669930279 1349 1283 697 1163 
1669930281 1272 1370 695 1174 
1669930283 1385 1422 754 1220 
1669930285 1218 1257 609 1113 
1669930287 1205 1213 561 1097 
1669930289 1302 1424 680 1188 
1669930291 1402 1438 720 1235 
1669930293 1369 1387 693 1200 
1669930295 1368 1312 630 1105 
1669930297 1269 1342 664 1172 
1669930299 1256 1277 580 1072 
1669930301 1406 1278 747 1121 
1669930303 1387 1278 712 1109 
1669930305 1355 1340 668 1158 
1669930307 1322 1343 680 1088 
1669930309 1321 1287 696 1095 
1669930311 1317 1293 671 1159 
1669930313 1314 1309 679 1080 
1669930315 1227 1161 658 1144 
1669930317 1224 1268 673 1160 
1669930319 1307 1256 626 1092 
1669930321 1325 1386 699 1140 
1669930323 1325 1388 619 1136 
1669930325 1265 1360 608 1165 
1669930327 1250 1293 674 1194 
1669930329 1301 1342 607 1163 
1669930331 1338 1388 628 1190 
1669930333 1265 1384 690 1195 
1669930335 1324 1324 693 1192 
1669930337 1334 1320 623 1172 
1669930339 1369 1341 701 1204 
1669930341 1250 1263 665 1184 
1669930343 1310 1394 708 1172 
1669930345 1283 1354 646 1102 
1669930347 1233 1247 667 1125 
1669930349 1288 1401 698 1178 
1669930351 1257 1387 703 1176 
1669930353 1213 1373 600 1002 
1669930355 1218 1399 671 1136 
1669930357 1292 1329 682 1187 
1669930359 1294 1255 669 1154 
1669930361 1332 1274 713 1172 
1669930363 1354 1281 707 1198 
1669930365 1324 1404 698 1211 
1669930367 1321 1381 688 1206 
1669930369 1298 1275 672 1192 
1669930371 1315 1203 647 1170 
1669930373 1357 1369 683 1209 
1669930375 1362 1385 638 1124 
1669930377 1333 1376 681 1090 
1669930379 1358 1415 693 1138 
1669930381 1250 1319 655 1075 
1669930383 1298 1356 671 1139 
1669930385 1363 1281 713 1196 
1669930387 1320 1198 641 1177 
1669930389 1357 1358 718 1214 
1669930391 1334 1365 695 1197 
1669930393 1346 1257 693 1179 
1669930395 1255 1341 691 1183 
1669930397 1296 1200 693 1173 
1669930399 1348 1386 713 1214 
1669930401 1337 1389 683 1175 
1669930403 1353 1398 682 1174 
1669930405 1274 1369 669 1168 
1669930407 1252 1270 684 1105 
1669930409 1304 1204 687 1171 
1669930411 1347 1382 697 1204 
1669930413 1365 1362 711 1187 
1669930415 1338 1263 675 1161 
1669930417 1410 1336 673 1202 
1669930419 1341 1285 666 1122 
1669930421 1283 1226 691 1082 
1669930423 1310 1352 692 1160 
1669930425 1319 1382 694 1178 
1669930427 1344 1197 665 1155 
1669930429 1342 1375 687 1188 
1669930431 1357 1276 636 1175 
1669930433 1344 1399 701 1175 
1669930435 1323 1280 628 1161 
1669930437 1286 1383 661 1168 
1669930439 1315 1213 676 1107 
1669930441 1326 1279 672 1189 
1669930443 1349 1404 620 1206 
1669930445 1348 1374 649 1176 
1669930447 1393 1418 616 1126 
1669930449 1399 1417 600 1115 
1669930451 1418 1330 727 1152 
1669930453 1313 1217 646 1158 
1669930455 1283 1303 652 1153 
1669930457 1318 1280 697 1183 
1669930459 1595 1511 831 1291 
1669930461 1299 1349 678 1079 
1669930463 1299 1246 698 1172 
1669930465 1214 1268 653 1173 
1669930467 1268 1306 600 1194 
1669930469 1336 1358 629 1204 
1669930471 1350 1154 627 1185 
1669930473 1323 1253 692 1205 
1669930475 1293 1312 675 1191 
1669930477 1361 1303 750 1226 
1669930479 1263 1244 692 1193 
1669930481 1320 1187 684 1037 
1669930483 1321 1341 686 1043 
1669930485 1316 1390 645 1048 
1669930487 1395 1339 699 1164 
1669930489 1269 1390 678 1181 
1669930491 1373 1335 824 1087 
1669930493 1308 1375 682 1156 
1669930495 1297 1315 624 1191 
1669930497 1334 1324 637 1177 
1669930499 1317 1393 620 1166 
1669930501 1335 1391 691 1171 
1669930503 1361 1399 686 1194 
1669930505 1329 1278 702 1170 
1669930507 1351 1286 619 1181 
1669930509 1336 1407 699 1177 
1669930511 1342 1384 681 1176 
1669930513 1271 1383 673 1180 
1669930515 1293 1390 628 1201 
1669930517 1292 1209 683 1174 
1669930519 1240 1368 612 1200 
1669930521 1305 1383 696 1113 
1669930523 1255 1341 640 1031 
1669930525 1287 1356 596 1036 
1669930527 1293 1375 705 1076 
1669930529 1197 1394 659 1124 
1669930531 1270 1328 666 1095 
1669930533 1264 1379 677 1130 
1669930535 1249 1293 710 1091 
1669930537 1342 1460 650 1179 
1669930539 1324 1407 697 1190 
1669930541 1473 1537 731 1252 
1669930543 1545 1442 1005 1251 
1669930545 1134 1095 597 1138 
1669930547 1294 1281 730 1127 
1669930549 1259 1373 699 1169 
1669930551 1527 1435 869 1259 
1669930553 1262 1296 672 1177 
1669930555 1289 1373 685 1190 
1669930557 1108 1337 581 1114 
1669930559 2296 1752 2244 1611 
1669930561 1680 1402 1190 1240 
1669930563 1380 1348 664 1149 
1669930565 1419 1355 707 1226 
1669930567 1341 1312 704 1191 
1669930569 1420 1454 831 1192 
1669930571 1618 1615 931 1303 
1669930573 1827 1686 1197 1372 
1669930575 1181 1178 616 1065 
1669930577 1508 1450 818 1210 
1669930579 1099 1159 589 1117 
1669930581 1305 1410 649 1225 
1669930583 1392 1468 696 1159 
1669930585 1608 1419 955 1288 
1669930587 1554 1440 782 1200 
1669930589 1505 1205 747 1186 
1669930591 1373 1257 719 1216 
1669930593 1199 1223 643 1099 
1669930595 1255 1372 653 1300 
1669930597 1181 1371 689 1110 
1669930599 1298 1379 650 1190 
1669930601 1390 1481 773 1228 
1669930603 1465 1489 782 1185 
1669930605 1220 1295 691 1072 
1669930607 1292 1390 757 1228 
1669930609 1255 1294 690 1128 
1669930611 1127 1257 640 1095 
1669930613 1273 1297 705 1102 
1669930615 1339 1408 728 1188 
1669930617 1362 1416 706 1182 
1669930619 1377 1261 700 1203 
1669930621 1358 1383 707 1182 
1669930623 1456 1441 751 1187 
1669930625 1415 1467 715 1191 
1669930627 1422 1458 757 1212 
1669930629 1411 1449 715 1226 
1669930631 1353 1399 698 1221 
1669930633 1433 1433 798 1280 
1669930635 1302 1300 764 1213 
1669930637 1297 1314 627 1167 
1669930639 1346 1287 703 1204 
1669930641 1347 1292 708 1117 
1669930643 1229 1401 671 1149 
1669930645 1290 1408 631 1180 
1669930647 1338 1327 695 1204 
1669930649 1359 1361 721 1193 
1669930651 1333 1388 640 1200 
1669930653 1348 1392 687 1191 
1669930655 1386 1319 728 1067 
1669930657 1367 1433 730 1174 
1669930659 1372 1332 745 1207 
1669930661 1359 1230 702 1115 
1669930663 1300 1294 664 1156 
1669930665 1319 1329 719 1185 
1669930667 1301 1303 594 1176 
1669930669 1313 1347 691 1177 
1669930671 1347 1393 714 1196 
1669930673 1339 1289 689 1167 
1669930675 1349 1385 679 1190 
1669930677 1328 1387 702 1098 
1669930679 1322 1403 706 1089 
1669930681 1322 1320 714 1172 
1669930683 1175 1380 688 1156 
1669930685 1254 1316 712 1198 
1669930687 1199 1265 701 1206 
1669930689 1312 1311 695 1215 
1669930691 1337 1366 732 1238 
1669930693 1343 1301 717 1235 
1669930695 1350 1415 700 1218 
1669930697 1383 1314 716 1066 
1669930699 1351 1385 637 1148 
1669930701 1335 1407 701 1173 
1669930703 1354 1246 634 1154 
1669930705 1364 1255 685 1209 
1669930707 1339 1281 673 1174 
1669930709 1330 1397 625 1182 
1669930711 1354 1395 689 1186 
1669930713 1254 1405 674 1112 
1669930715 1284 1403 634 1151 
1669930717 1327 1390 715 1182 
1669930719 1258 1222 710 1170 
1669930721 1316 1293 701 1186 
1669930723 1253 1270 621 1174 
1669930725 1238 1390 714 1199 
1669930727 1281 1407 710 1206 
1669930729 1253 1419 688 1185 
1669930731 1314 1341 716 1200 
1669930733 1332 1424 618 1209 
1669930735 1348 1347 694 1216 
1669930737 1337 1421 683 1196 
1669930739 1282 1390 687 1211 
1669930741 1329 1303 706 1145 
1669930743 1339 1389 706 1181 
1669930745 1353 1392 646 1104 
1669930747 1361 1279 709 1176 
1669930749 1349 1370 694 1191 
1669930751 1241 1335 680 1072 
1669930753 1347 1293 720 1212 
1669930755 1352 1321 720 1133 
1669930757 1358 1152 700 1165 
1669930759 1328 1344 663 1180 
1669930761 1328 1283 712 1186 
1669930763 1341 1238 707 1208 
1669930765 1347 1342 700 1198 
1669930767 1244 1374 683 1195 
1669930769 1306 1310 690 1229 
1669930771 1334 1322 707 1216 
1669930773 1245 1234 687 1043 
1669930775 1287 1267 688 1075 
1669930777 1326 1292 647 1164 
1669930779 1364 1345 677 1200 
1669930781 1364 1385 692 1127 
1669930783 1350 1369 708 1204 
1669930785 1196 1354 732 1182 
1669930787 1304 1327 685 1172 
1669930789 1257 1301 605 1166 
1669930791 1294 1358 651 1172 
1669930793 1296 1255 707 1190 
1669930795 1260 1329 645 1090 
1669930797 1268 1255 633 1130 
1669930799 1319 1473 676 1183 
1669930801 1147 1371 614 1168 
1669930803 1292 1367 793 1205 
1669930805 1135 1238 681 1175 
1669930807 1261 1422 706 1049 
1669930809 1443 1481 813 1201 
1669930811 1239 1307 655 1127 
1669930813 1223 1308 558 1150 
1669930815 1417 1459 807 1273 
1669930817 1209 1425 613 1152 
1669930819 1194 1409 669 1172 
1669930821 1259 1320 636 1098 
1669930823 1424 1273 792 1289 
1669930825 1337 1253 638 1253 
1669930827 1303 1294 632 1218 
1669930829 1344 1404 677 1197 
1669930831 1332 1284 696 1203 
1669930833 1332 1194 615 1197 
1669930835 1374 1280 752 1224 
1669930837 1289 1241 1232 1150 
1669930839 1504 1511 978 1354 
1669930841 740 732 348 1397 
1669930843 300 982 186 1216 
1669930845 934 272 1184 427 
1669930847 3701 3625 3718 3510 
1669930849 3527 3091 3459 2871 
1669930851 3722 3568 3248 3263 
1669930853 2859 2810 3414 2560 
1669930855 367 548 16 931 
1669930857 3704 3573 3656 1716 
1669930859 695 1968 547 3685 
1669930861 946 2044 484 2111 
1669930863 1148 1076 752 1269 
1669930865 3180 501 3099 456 
1669930867 2375 1179 1381 1429 
1669930869 381 3641 204 3666 
1669930871 3569 572 3473 658 
1669930873 317 471 350 565 
1669930875 3140 1067 2492 1453 
1669930877 437 2029 545 2435 
1669930879 3146 634 3120 637 
1669930881 579 338 513 568 
1669930883 2548 2725 1412 2584 
1669930885 311 2522 302 3185 
1669930887 1678 2376 842 3076 
1669930889 3026 2594 1377 2802 
1669930891 1520 1677 774 1501 
1669930893 1265 1374 725 1403 
1669930895 841 1236 485 1110 
1669930897 967 1202 717 1204 
1669930899 682 1060 560 1135 
1669930901 836 1043 489 1049 
1669930903 1426 1464 925 1361 
1669930905 3609 375 3590 416 
1669930907 2902 1491 3613 1550 
1669930909 2356 1806 1486 1627 
1669930911 2788 782 3220 1014 
1669930913 2465 541 1980 1192 
1669930915 371 3444 225 3600 
1669930917 1381 1896 282 2137 
1669930919 2140 356 2337 433 
1669930921 1471 1441 1072 1982 
1669930923 1261 1320 2261 931 
1669930925 1226 1511 1496 1379 
1669930927 665 1261 518 1269 
1669930929 715 1125 601 932 
1669930931 1941 2462 1394 2620 
1669930933 905 1661 858 1554 
1669930935 725 1107 801 1553 
1669930937 2303 2790 1007 3729 
1669930939 1825 2639 878 3236 
1669930941 384 3149 282 3554 
1669930943 790 1862 347 2336 
1669930945 357 1778 252 1718 
1669930947 1990 1913 2135 1697 
1669930949 2731 2081 1235 2205 
1669930951 489 545 1260 531 
1669930953 1791 3163 384 3537 
1669930955 3586 629 3328 590 
1669930957 1227 1013 400 1254 
1669930959 2361 3165 2609 2906 
1669930961 766 2373 1094 2886 
1669930963 3065 1069 3322 1020 
1669930965 749 1906 657 2215 
1669930967 2686 2328 2602 2946 
1669930969 3631 1104 3548 1956 
1669930971 887 975 1384 1338 
1669930973 2095 2803 269 2882 
1669930975 992 1895 390 1628 
1669930977 289 624 292 417 
1669930979 986 1459 2353 2167 
1669930981 895 1441 402 2180 
1669930983 1015 1712 695 1992 
1669930985 610 1442 583 1696 
1669930987 947 1690 982 1635 
1669930989 3645 3365 2296 3408 
1669930991 2268 2335 1367 2223 
1669930993 1588 1769 694 1839 
1669930995 1301 1467 498 1321 
1669930997 1068 1556 390 1459 
1669930999 1894 1808 1222 2968 
1669931001 3176 2487 1284 3260 
1669931003 2776 2443 817 3155 
1669931005 1932 1922 856 2406 
1669931007 934 1341 319 1708 
1669931009 858 1134 675 1290 
1669931011 2114 2525 1788 2602 
1669931013 2193 2332 1098 2473 
1669931015 1396 1730 555 1742 
1669931017 634 984 446 777 
1669931019 645 1048 463 1045 
1669931021 981 1377 952 1197 
1669931023 779 1320 530 1376 
1669931025 918 1230 607 1337 
1669931027 2119 2029 2422 2733 
1669931029 1934 2618 1341 2045 
1669931031 1009 1627 914 1150 
1669931033 2558 2083 1014 2610 
1669931035 1629 2387 810 2378 
1669931037 1348 1844 905 1750 
1669931039 1303 1746 485 1719 
1669931041 1112 1444 763 1347 
1669931043 851 1257 977 1237 
1669931045 1039 1185 1104 1161 
1669931047 929 1079 558 1172 
1669931049 1298 1248 733 1379 
1669931051 747 950 554 938 
1669931053 696 916 654 1152 
1669931055 618 879 663 682 
1669931057 371 2121 357 1919 
1669931059 1816 2105 795 2258 
1669931061 1645 898 3215 1106 
1669931063 1778 1507 2104 1743 
1669931065 2052 1843 941 1882 
1669931067 2516 2007 3214 2703 
1669931069 796 516 925 398 
1669931071 3637 1294 3631 753 
1669931073 1159 1215 2466 1618 
1669931075 828 1251 810 1582 
1669931077 403 1025 319 1070 
1669931079 3603 1511 2551 1837 
1669931081 577 1349 585 1454 
1669931083 2270 3601 693 3554 
1669931085 3482 3312 2952 3127 
1669931087 378 358 3687 390 
1669931089 966 901 1067 393 
1669931091 2063 2163 2272 3281 
1669931093 1034 1910 301 1682 
1669931095 2793 2649 2115 3401 
1669931097 979 1299 1180 1250 
1669931099 1200 645 605 695 
1669931101 3340 3030 3164 3177 
1669931103 3516 3487 2889 3414 
1669931105 3630 2627 2914 2638 
1669931107 3157 2338 2440 2598 
1669931109 3578 2493 2534 2870 
1669931111 980 775 698 878 
1669931113 2241 1014 2213 437 
1669931115 2186 1939 1977 2803 
1669931117 2956 2910 2016 2522 
1669931119 1693 1689 1759 1357 
1669931121 619 581 404 787 
1669931123 3067 2877 1882 3151 
1669931125 448 1504 335 1389 
1669931127 566 957 546 963 
1669931129 3704 1050 3660 892 
1669931131 301 1720 383 1583 
1669931133 787 1499 361 1888 
1669931135 544 1049 488 1146 
1669931137 536 792 562 669 
1669931139 2236 1710 1884 1596 
1669931141 1240 1288 1088 1084 
1669931143 915 980 606 946 
1669931145 497 1061 577 1092 
1669931147 480 1053 389 946 
1669931149 455 955 427 843 
1669931151 888 1052 827 969 
1669931153 880 1246 610 1153 
1669931155 867 1230 591 1085 
1669931157 316 1227 307 670 
1669931159 1401 2080 569 2258 
1669931161 422 1446 297 1692 
1669931163 472 1298 661 1139 
1669931165 422 664 352 552 
1669931167 3005 2185 3416 1881 
1669931169 1531 962 1438 922 
1669931171 538 1185 369 1166 
1669931173 993 1230 1041 879 
1669931175 2990 2009 2915 2508 
1669931177 1361 1046 1413 993 
1669931179 802 926 594 739 
1669931181 1426 1379 1485 1241 
1669931183 433 549 390 893 
1669931185 973 920 1101 864 
1669931187 998 1037 577 704 
1669931189 573 957 832 694 
1669931191 985 1239 792 1067 
1669931193 889 1163 750 999 
1669931195 2540 1543 2361 1534 
1669931197 358 350 214 399 
1669931199 2852 541 2904 507 
1669931201 1889 826 865 1185 
1669931203 1899 1545 433 2057 
1669931205 1313 2962 2714 3264 
1669931207 574 1608 412 2008 
1669931209 1190 1549 1349 1821 
1669931211 493 1432 515 1611 
1669931213 335 435 328 1208 
1669931215 2804 1295 2128 1514 
1669931217 390 470 1010 556 
1669931219 2108 1398 1531 1800 
1669931221 2054 2814 339 2621 
1669931223 1153 2011 760 1446 
1669931225 2108 1013 1724 808 
1669931227 1261 1050 585 951 
1669931229 1122 1181 592 1138 
1669931231 1104 1151 598 1040 
1669931233 1080 1072 557 1094 
1669931235 1003 1254 622 1127 
1669931237 1002 1217 592 1142 
1669931239 1088 1331 578 1145 
1669931241 1141 1230 615 1221 
1669931243 1185 1214 664 1148 
1669931245 1170 1154 664 1116 
1669931247 1110 1223 646 1198 
1669931249 808 1326 814 1183 
1669931251 1201 1370 1004 1214 
1669931253 1174 1338 693 1125 
1669931255 1110 1252 631 1193 
1669931257 1140 1256 651 1211 
1669931259 1114 1371 637 1203 
1669931261 1041 1265 608 1143 
1669931263 1114 1195 631 1204 
1669931265 1131 1238 642 1142 
1669931267 1139 1209 611 1196 
1669931269 1080 1244 546 1220 
1669931271 1168 1352 643 1237 
1669931273 1094 1250 657 1197 
1669931275 1106 1236 659 1190 
1669931277 1073 1255 662 1203 
1669931279 1108 1223 646 1233 
1669931281 1097 1203 679 1206 
1669931283 1121 1322 647 1226 
1669931285 1193 1367 661 1211 
1669931287 1170 1286 586 1119 
1669931289 1114 1239 690 1112 
1669931291 1151 1270 671 1169 
1669931293 1149 1263 643 1132 
1669931295 1114 1261 641 1153 
1669931297 1154 1124 668 1212 
1669931299 1094 1330 660 1237 
1669931301 1159 1322 597 1203 
1669931303 1184 1267 636 1149 
1669931305 1175 1323 653 1174 
1669931307 1181 1331 648 1103 
1669931309 1190 1369 678 1171 
1669931311 1209 1250 656 1210 
1669931313 1228 1260 670 1202 
1669931315 1211 1371 649 1208 
1669931317 1136 1358 684 1194 
1669931319 1168 1294 687 1207 
1669931321 1204 1405 662 1233 
1669931323 1223 1395 674 1240 
1669931325 1200 1398 672 1248 
1669931327 1212 1411 638 1167 
1669931329 1215 1308 644 1217 
1669931331 1279 1394 756 1111 
1669931333 1150 1250 553 1151 
1669931335 1122 1375 538 1176 
1669931337 1243 1310 672 1208 
1669931339 1249 1250 606 1118 
1669931341 1178 1367 644 1198 
1669931343 1256 1302 691 1137 
1669931345 1254 1373 657 1154 
1669931347 1228 1380 664 1202 
1669931349 1232 1280 680 1221 
1669931351 1208 1332 679 1230 
1669931353 1159 1353 660 1107 
1669931355 1205 1358 610 1165 
1669931357 1240 1373 664 1111 
1669931359 1207 1357 686 1083 
1669931361 1231 1352 674 1151 
1669931363 1240 1289 672 1186 
1669931365 1255 1279 670 1219 
1669931367 1232 1189 635 1166 
1669931369 1236 1239 672 1213 
1669931371 1237 1361 657 1208 
1669931373 1148 1367 548 1149 
1669931375 1249 1386 701 1161 
1669931377 1253 1289 716 1188 
1669931379 1270 1398 707 1211 
1669931381 1174 1260 599 1173 
1669931383 1221 1356 662 1178 
1669931385 1171 1273 652 1180 
1669931387 1126 1351 675 1185 
1669931389 1194 1291 685 1191 
1669931391 1213 1393 645 1205 
1669931393 1152 1298 529 1171 
1669931395 1187 1399 598 1198 
1669931397 1233 1300 686 1217 
1669931399 1215 1383 684 1142 
1669931401 1228 1291 657 1143 
1669931403 1224 1330 696 1108 
1669931405 1234 1371 670 1179 
1669931407 1233 1384 697 1176 
1669931409 1187 1389 675 1205 
1669931411 1144 1386 653 1208 
1669931413 1199 1278 611 1126 
1669931415 1225 1381 672 1188 
1669931417 1235 1283 662 1113 
1669931419 1230 1397 673 1079 
1669931421 1173 1290 684 1158 
1669931423 1228 1314 667 1175 
1669931425 1242 1287 600 1203 
1669931427 1265 1223 603 1175 
1669931429 1253 1341 643 1202 
1669931431 1268 1383 685 1191 
1669931433 1186 1290 536 1156 
1669931435 1145 1364 592 1200 
1669931437 1231 1386 696 1146 
1669931439 1257 1386 697 1115 
1669931441 1237 1191 667 1149 
1669931443 1276 1342 617 1169 
1669931445 1250 1290 606 1114 
1669931447 1259 1355 682 1191 
1669931449 1184 1347 671 1160 
1669931451 1178 1358 671 1178 
1669931453 1245 1383 671 1177 
1669931455 1253 1398 679 1110 
1669931457 1280 1378 683 1181 
1669931459 1287 1380 690 1123 
1669931461 1347 1281 752 1101 
1669931463 1198 1235 569 1126 
1669931465 1164 1294 575 1170 
1669931467 1276 1264 639 1154 
1669931469 1238 1241 698 1209 
1669931471 1254 1328 662 1109 
1669931473 1235 1318 659 1167 
1669931475 1237 1334 680 1108 
1669931477 1258 1192 686 1146 
1669931479 1163 1335 654 1164 
1669931481 1217 1222 659 1103 
1669931483 1250 1346 680 1180 
1669931485 1259 1363 664 1113 
1669931487 1190 1189 674 1162 
1669931489 1254 1371 699 1107 
1669931491 1296 1280 707 1148 
1669931493 1313 1395 691 1157 
1669931495 1336 1300 643 1175 
1669931497 1307 1254 634 1224 
1669931499 1174 1236 626 1102 
1669931501 1225 1309 659 1145 
1669931503 1216 1250 652 1187 
1669931505 1106 1320 612 1153 
1669931507 1302 1381 752 1137 
1669931509 1322 1216 661 1183 
1669931511 1289 1258 671 1168 
1669931513 1307 1246 760 1202 
1669931515 1141 1308 624 1094 
1669931517 1203 1233 665 1149 
1669931519 1245 1345 659 1188 
1669931521 1270 1365 653 1171 
1669931523 1264 1261 683 1193 
1669931525 1301 1386 698 1126 
1669931527 1308 1213 595 1148 
1669931529 1279 1267 632 1170 
1669931531 1193 1344 707 1101 
1669931533 1261 1281 694 1188 
1669931535 1144 1333 606 1172 
1669931537 1217 1271 689 1172 
1669931539 1206 1384 600 1162 
1669931541 1252 1402 663 1174 
1669931543 1200 1409 686 1095 
1669931545 1323 1321 713 1142 
1669931547 1287 1259 671 1182 
1669931549 1203 1330 662 1162 
1669931551 1095 1361 599 1151 
1669931553 1188 1394 684 1213 
1669931555 1218 1184 657 1171 
1669931557 1168 1330 685 1172 
1669931559 1223 1185 665 1149 
1669931561 1251 1258 662 1188 
1669931563 1269 1376 664 1206 
1669931565 1270 1370 540 1179 
1669931567 1295 1275 645 1185 
1669931569 1265 1396 586 1113 
1669931571 1263 1204 649 1082 
1669931573 1178 1273 599 1143 
1669931575 1239 1287 656 1199 
1669931577 1180 1388 658 1196 
1669931579 1251 1366 680 1178 
1669931581 1252 1360 606 1080 
1669931583 1280 1383 676 1061 
1669931585 1198 1380 596 1111 
1669931587 1239 1293 666 1163 
1669931589 1199 1349 626 1098 
1669931591 1290 1409 762 1099 
1669931593 1294 1362 703 1128 
1669931595 1268 1378 544 1131 
1669931597 1289 1295 652 1073 
1669931599 1252 1354 667 1158 
1669931601 1264 1258 610 1063 
1669931603 1295 1391 622 1133 
1669931605 1311 1196 682 1185 
1669931607 1281 1260 692 1193 
1669931609 1292 1292 653 1170 
1669931611 1280 1336 672 1199 
1669931613 1265 1335 673 1171 
1669931615 1271 1370 671 1174 
1669931617 1208 1373 649 1157 
1669931619 1249 1392 660 1165 
1669931621 1302 1312 722 1159 
1669931623 3595 1657 3581 1675 
1669931625 2745 2915 1536 2866 
1669931627 3496 3328 281 3491 
1669931629 2130 2247 544 1871 
1669931631 1935 1891 720 1667 
1669931633 1798 1851 735 1572 
1669931635 1708 1725 666 1421 
1669931637 1633 1545 704 1418 
1669931639 1605 1617 710 1422 
1669931641 1541 1569 699 1379 
1669931643 1492 1540 559 1339 
1669931645 1457 1404 681 1302 
1669931647 1287 1396 612 1266 
1669931649 1389 1499 690 1307 
1669931651 1409 1399 685 1213 
1669931653 1378 1493 672 1152 
1669931655 1378 1399 680 1133 
1669931657 1373 1467 613 1206 
1669931659 1361 1435 663 1212 
1669931661 1262 1352 660 1196 
1669931663 1327 1407 648 1235 
1669931665 1341 1432 663 1239 
1669931667 1316 1440 609 1222 
1669931669 1334 1361 651 1230 
1669931671 1314 1455 657 1229 
1669931673 1322 1408 682 1066 
1669931675 1316 1236 654 1144 
1669931677 1329 1304 661 1175 
1669931679 1317 1326 682 1211 
1669931681 1321 1220 664 1210 
1669931683 1318 1399 588 1193 
1669931685 1336 1317 661 1194 
1669931687 1239 1350 663 1173 
1669931689 1273 1306 661 1210 
1669931691 1321 1238 623 1193 
1669931693 1300 1356 673 1206 
1669931695 1226 1199 635 1196 
1669931697 1214 1268 665 1184 
1669931699 1262 1179 591 1194 
1669931701 1267 1360 592 1120 
1669931703 1260 1202 637 1152 
1669931705 1327 1354 607 1171 
1669931707 1252 1300 676 1107 
1669931709 1029 1214 462 1112 
1669931711 1147 1368 616 1182 
1669931713 1221 1396 652 1190 
1669931715 1253 1302 767 1175 
1669931717 2213 1497 2005 1457 
1669931719 1289 1269 619 1094 
1669931721 1251 1312 599 1160 
1669931723 1287 1372 717 1200 
1669931725 1216 1399 658 1195 
1669931727 1310 1394 631 1189 
1669931729 2048 1557 1365 1414 
1669931731 1531 1347 735 1169 
1669931733 1385 1311 655 1168 
1669931735 1560 1390 867 1220 
1669931737 1393 1327 606 1150 
1669931739 1345 1355 665 1166 
1669931741 1225 1253 633 1180 
1669931743 1255 1358 582 1201 
1669931745 1272 1394 605 1197 
1669931747 1271 1388 652 1181 
1669931749 1311 1369 611 1192 
1669931751 1331 1380 669 1203 
1669931753 1149 1341 550 1042 
1669931755 1281 1390 660 1168 
1669931757 1288 1383 648 1101 
1669931759 1107 1248 520 1041 
1669931761 1220 1293 656 1157 
1669931763 1263 1368 597 1156 
1669931765 1303 1378 659 1180 
1669931767 1209 1349 610 1159 
1669931769 1129 1326 524 1060 
1669931771 1234 1381 637 1136 
1669931773 1457 1427 834 1256 
1669931775 1342 1165 668 1179 
1669931777 933 1167 553 1074 
1669931779 1146 1147 597 1129 
1669931781 1264 1271 671 1172 
1669931783 1256 1270 593 1143 
1669931785 1178 1220 449 1161 
1669931787 1248 1391 648 1213 
1669931789 1285 1305 687 1198 
1669931791 1151 1238 548 1127 
1669931793 1200 1301 643 1147 
1669931795 1251 1387 649 1157 
1669931797 1288 1286 593 1165 
1669931799 1318 1268 658 1160 
1669931801 1304 1270 670 1178 
1669931803 1234 1374 663 1159 
1669931805 1207 1365 681 1173 
1669931807 1241 1248 654 1162 
1669931809 1260 1191 661 1145 
1669931811 1202 1153 655 1132 
1669931813 1190 1334 653 1137 
1669931815 1259 1249 600 1085 
1669931817 1272 1264 593 1123 
1669931819 1307 1260 584 1056 
1669931821 1293 1363 650 1146 
1669931823 1238 1352 574 1129 
1669931825 1273 1372 595 1162 
1669931827 1309 1360 580 1171 
1669931829 1312 1352 577 1096 
1669931831 1296 1366 599 1155 
1669931833 1318 1297 669 1171 
1669931835 1309 1354 662 1197 
1669931837 1310 1356 603 1161 
1669931839 1302 1272 665 1165 
1669931841 1295 1333 664 1182 
1669931843 1221 1232 657 1150 
1669931845 1263 1362 657 1151 
1669931847 1286 1298 654 1097 
1669931849 1211 1371 592 1120 
1669931851 1279 1376 601 1157 
1669931853 1286 1400 666 1080 
1669931855 1285 1361 597 1101 
1669931857 1270 1373 662 1141 
1669931859 1299 1388 664 1088 
1669931861 1314 1385 643 1139 
1669931863 1296 1263 642 1146 
1669931865 1225 1182 573 1116 
1669931867 1254 1184 632 1166 
1669931869 1267 1214 655 1108 
1669931871 1220 1262 665 1125 
1669931873 1292 1172 668 1176 
1669931875 1296 1328 688 1190 
1669931877 1211 1354 601 1154 
1669931879 1204 1371 631 1079 
1669931881 1225 1360 651 1069 
1669931883 1268 1298 660 1133 
1669931885 1267 1369 636 1181 
1669931887 1301 1402 637 1177 
1669931889 1295 1336 546 1029 
1669931891 1305 1332 663 1130 
1669931893 1296 1365 672 1156 
1669931895 1313 1277 668 1075 
1669931897 1286 1353 675 1156 
1669931899 1217 1263 652 1128 
1669931901 1193 1327 649 1153 
1669931903 1241 1261 656 1081 
1669931905 1280 1229 645 1125 
1669931907 1302 1333 671 1161 
1669931909 1275 1332 603 1125 
1669931911 1213 1253 635 1046 
1669931913 1273 1244 640 1071 
1669931915 1270 1284 638 1060 
1669931917 1274 1320 672 1049 
1669931919 1301 1255 641 1045 
1669931921 1293 1233 637 1126 
1669931923 1212 1361 658 1126 
1669931925 1273 1368 608 1080 
1669931927 1297 1290 631 1139 
1669931929 1263 1314 508 1118 
1669931931 1296 1388 641 1174 
1669931933 1311 1272 603 1134 
1669931935 1313 1372 647 1151 
1669931937 1290 1193 651 1132 
1669931939 1319 1239 649 1152 
1669931941 1302 1357 597 1127 
1669931943 1290 1283 630 1170 
1669931945 1298 1282 664 1097 
1669931947 1290 1369 666 1162 
1669931949 1316 1286 580 1145 
1669931951 1309 1296 666 1177 
1669931953 1284 1311 659 1147 
1669931955 1307 1332 659 1161 
1669931957 1310 1345 658 1177 
1669931959 1320 1336 666 1083 
1669931961 1293 1317 644 1144 
1669931963 1291 1327 585 1150 
1669931965 1266 1172 618 1157 
1669931967 1294 1390 568 1226 
1669931969 1256 1268 632 1162 
1669931971 1272 1386 624 1147 
1669931973 1313 1351 665 1172 
1669931975 1286 1282 659 1137 
1669931977 1197 1198 571 1122 
1669931979 1255 1252 652 1049 
1669931981 1290 1340 688 1060 
1669931983 1319 1373 671 1124 
1669931985 1325 1361 659 1160 
1669931987 1253 1279 813 1165 
1669931989 1410 1439 883 1205 
1669931991 1461 1306 816 1132 
1669931993 1369 1276 679 1133 
1669931995 1343 1326 664 1158 
1669931997 1261 1323 583 1150 
1669931999 1271 1331 628 1092 
