1669932003 1266 1175 667 1032 
1669932006 1188 1248 661 1066 
1669932008 1209 1326 674 1148 
1669932010 1283 1233 665 1173 
1669932012 1239 1339 604 1155 
1669932014 1328 1299 669 1180 
1669932016 1194 1314 645 1133 
1669932018 1255 1339 667 1138 
1669932020 1314 1339 677 1163 
1669932022 1292 1371 663 1142 
1669932024 1295 1260 665 1148 
1669932026 1287 1361 665 1133 
1669932028 1302 1269 655 1126 
1669932030 1319 1324 675 1073 
1669932032 1324 1356 594 1157 
1669932034 1316 1274 656 1168 
1669932036 1212 1228 640 1053 
1669932038 1252 1182 651 1133 
1669932040 1269 1338 596 1172 
1669932042 1284 1339 650 1166 
1669932044 1291 1326 589 1072 
1669932046 1274 1261 642 1148 
1669932048 1304 1257 652 1156 
1669932050 1289 1351 645 1143 
1669932052 1278 1282 644 1084 
1669932054 1264 1384 636 1147 
1669932056 1280 1276 644 1172 
1669932058 1310 1300 577 1163 
1669932060 1273 1245 629 1069 
1669932062 1270 1282 670 1122 
1669932064 1274 1360 577 1138 
1669932066 1293 1342 621 1133 
1669932068 1280 1272 646 1086 
1669932070 1196 1378 641 1140 
1669932072 1246 1353 673 1120 
1669932074 1288 1195 645 1124 
1669932076 1300 1266 599 1155 
1669932078 1300 1174 507 1119 
1669932080 1304 1348 660 1073 
1669932082 1300 1350 601 1137 
1669932084 1296 1177 646 1142 
1669932086 1320 1180 673 1154 
1669932088 1305 1221 628 1134 
1669932090 1253 1350 661 1158 
1669932092 1300 1386 592 1003 
1669932094 1219 1342 591 1101 
1669932096 1255 1265 628 1159 
1669932098 1206 1373 623 1149 
1669932100 1272 1381 583 1129 
1669932102 1265 1367 652 1135 
1669932104 1209 1262 668 1062 
1669932106 1203 1369 649 1132 
1669932108 1170 1375 657 1064 
1669932110 1156 1231 653 1120 
1669932112 1250 1270 666 1182 
1669932114 1263 1276 638 1181 
1669932116 1272 1288 509 1117 
1669932118 1305 1258 673 1165 
1669932120 1286 1357 665 1132 
1669932122 1309 1283 640 1141 
1669932124 1314 1393 628 1075 
1669932126 1303 1353 648 1151 
1669932128 1303 1360 599 1143 
1669932130 1297 1244 655 1168 
1669932132 1327 1328 660 1069 
1669932134 1319 1257 654 1153 
1669932136 1290 1252 641 1132 
1669932138 1222 1176 556 1117 
1669932140 1194 1314 654 1166 
1669932142 1268 1268 647 1143 
1669932144 1290 1303 659 1158 
1669932146 1222 1358 663 1167 
1669932148 1287 1353 647 1079 
1669932150 1311 1336 674 1151 
1669932152 1285 1332 658 1158 
1669932154 1275 1258 663 1153 
1669932156 1290 1292 650 1172 
1669932158 1199 1342 631 1125 
1669932160 1275 1371 635 1137 
1669932162 1267 1380 650 1142 
1669932164 1289 1371 634 1153 
1669932166 1308 1260 519 1147 
1669932168 1282 1286 631 1157 
1669932170 1303 1215 632 1083 
1669932172 1296 1352 646 1129 
1669932174 1290 1346 570 1131 
1669932176 1294 1352 562 1034 
1669932178 1233 1350 659 1122 
1669932180 1268 1371 664 1160 
1669932182 1292 1199 636 1170 
1669932184 1284 1261 622 1159 
1669932186 1274 1303 627 1143 
1669932188 1276 1352 633 1139 
1669932190 1269 1362 569 1150 
1669932192 1323 1370 655 1155 
1669932194 1296 1164 579 1113 
1669932196 1292 1072 554 1135 
1669932198 1304 1304 584 1166 
1669932200 1301 1236 658 1099 
1669932202 1288 1282 647 1122 
1669932204 1230 1156 624 1125 
1669932206 1255 1149 615 1052 
1669932208 1293 1329 643 1137 
1669932210 1305 1350 660 1160 
1669932212 1226 1259 613 1067 
1669932214 1263 1369 663 1051 
1669932216 1298 1379 647 1120 
1669932218 1300 1355 650 1073 
1669932220 1311 1240 670 1145 
1669932222 1290 1356 659 1140 
1669932224 1224 1332 581 1129 
1669932226 1291 1236 666 1162 
1669932228 1219 1255 639 1153 
1669932230 1257 1353 627 1123 
1669932232 1266 1283 654 1077 
1669932234 1284 1270 564 953 
1669932236 1298 1172 632 1084 
1669932238 1282 1193 581 1111 
1669932240 1308 1214 580 1064 
1669932242 1302 1344 582 1122 
1669932244 1320 1372 571 1122 
1669932246 1317 1263 627 1127 
1669932248 1278 1378 633 1132 
1669932250 1141 1328 641 1122 
1669932252 1258 1193 654 1054 
1669932254 1259 1349 627 1127 
1669932256 1296 1279 658 1132 
1669932258 1313 1264 636 1140 
1669932260 1227 1234 652 1138 
1669932262 1263 1172 581 1138 
1669932264 1219 1225 619 1158 
1669932266 1256 1272 632 1153 
1669932268 1197 1229 635 1134 
1669932270 1246 1352 651 1139 
1669932272 1285 1188 585 1112 
1669932274 1310 1325 581 1132 
1669932276 1301 1361 641 1140 
1669932278 1306 1338 638 1066 
1669932280 1283 1226 663 1121 
1669932282 1292 1339 638 1065 
1669932284 1298 1274 672 1128 
1669932286 1298 1291 631 1119 
1669932288 1310 1341 588 1067 
1669932290 1298 1341 656 1128 
1669932292 1222 1357 649 1116 
1669932294 1262 1259 657 1118 
1669932296 1279 1346 640 1125 
1669932298 1207 1356 661 1133 
1669932300 1179 1362 572 1065 
1669932302 1175 1263 640 1117 
1669932304 1168 1377 627 1054 
1669932306 1242 1351 653 1048 
1669932308 1263 1279 638 1050 
1669932310 1262 1279 646 1111 
1669932312 1287 1380 657 1146 
1669932314 1310 1356 586 1134 
1669932316 1229 1222 500 1045 
1669932318 1194 1248 648 1042 
1669932320 1173 1242 649 1086 
1669932322 1258 1274 588 1141 
1669932324 1263 1346 582 1150 
1669932326 1134 1357 640 1065 
1669932328 1243 1369 657 1146 
1669932330 1268 1365 629 1117 
1669932332 1258 1351 636 1060 
1669932334 1127 1321 638 1086 
1669932336 1257 1372 657 1142 
1669932338 1299 1339 643 1108 
1669932340 1230 1334 583 1135 
1669932342 1248 1363 651 1161 
1669932344 1279 1270 652 1066 
1669932346 1274 1167 626 1113 
1669932348 1279 1312 635 1110 
1669932350 1286 1370 651 1148 
1669932352 1317 1252 625 1145 
1669932354 1285 1261 570 1074 
1669932356 1286 1259 636 1108 
1669932358 1137 1207 631 1117 
1669932360 1256 1194 549 1089 
1669932362 1250 1295 639 1061 
1669932364 1292 1358 645 1114 
1669932366 1303 1368 592 1034 
1669932368 1301 1256 629 1113 
1669932370 1318 1347 628 1060 
1669932372 1225 1260 641 1117 
1669932374 1282 1259 642 1141 
1669932376 1283 1248 633 1149 
1669932378 1284 1349 647 1149 
1669932380 1282 1247 644 1148 
1669932382 1259 1343 624 1069 
1669932384 1291 1361 626 1146 
1669932386 1307 1359 637 1153 
1669932388 1288 1283 614 1115 
1669932390 1297 1212 664 1158 
1669932392 1211 1314 656 1124 
1669932394 1285 1323 654 1158 
1669932396 1283 1348 589 1133 
1669932398 1274 1365 642 1139 
1669932400 1268 1293 636 1055 
1669932402 1285 1244 633 1119 
1669932404 1210 1241 633 1043 
1669932406 1289 1360 662 1053 
1669932408 1281 1359 647 1124 
1669932410 1283 1356 651 1144 
1669932412 1280 1337 639 1145 
1669932414 1278 1379 630 1159 
1669932416 1291 1329 613 1114 
1669932418 1284 1278 647 1143 
1669932420 1205 1203 633 1102 
1669932422 1205 1246 648 1054 
1669932424 1273 1345 635 1139 
1669932426 1276 1241 636 1155 
1669932428 1209 1340 639 1108 
1669932430 1200 1251 624 1135 
1669932432 1254 1189 634 1052 
1669932434 1205 1343 630 1094 
1669932436 1191 1211 569 1081 
1669932438 1259 1352 657 1075 
1669932440 1288 1279 580 1138 
1669932442 1282 1261 647 1142 
1669932444 1197 1172 645 1141 
1669932446 1269 1337 643 1129 
1669932448 1293 1237 622 1054 
1669932450 1314 1357 634 1110 
1669932452 1208 1358 499 1097 
1669932454 1257 1380 578 978 
1669932456 1199 1366 575 1082 
1669932458 1281 1346 630 1141 
1669932460 1269 1330 628 1071 
1669932462 1206 1346 622 1102 
1669932464 1269 1268 650 1126 
1669932466 1282 1379 644 1124 
1669932468 1301 1351 621 1135 
1669932470 1306 1231 638 1145 
1669932472 1285 1326 541 1043 
1669932474 1301 1360 651 1132 
1669932476 1242 1246 502 1030 
1669932478 1288 1166 647 1128 
1669932480 1280 1303 646 1134 
1669932482 1290 1320 661 1143 
1669932484 1281 1159 635 1113 
1669932486 1267 1329 642 1140 
1669932488 1268 1272 635 1154 
1669932490 1197 1365 633 1133 
1669932492 1224 1375 617 1138 
1669932494 1290 1377 651 1116 
1669932496 1285 1261 638 1147 
1669932498 1291 1268 627 1110 
1669932500 1279 1326 626 1058 
1669932502 1307 1265 622 1117 
1669932504 1295 1260 578 1145 
1669932506 1222 1365 638 1148 
1669932508 1279 1233 647 1063 
1669932510 1280 1176 652 1047 
1669932512 1309 1248 647 1127 
1669932514 1307 1366 577 1129 
1669932516 1306 1262 639 1113 
1669932518 1271 1326 557 1118 
1669932520 1286 1247 630 1155 
1669932522 1276 1244 553 1047 
1669932524 1210 1374 648 1110 
1669932526 1213 1377 617 1105 
1669932528 1281 1360 635 1138 
1669932530 1220 1273 612 1062 
1669932532 1193 1248 639 1102 
1669932534 1247 1326 634 1117 
1669932536 1268 1149 633 1040 
1669932538 1288 1320 640 1143 
1669932540 1297 1354 652 1155 
1669932542 1297 1334 655 1144 
1669932544 1286 1178 575 1049 
1669932546 1277 1312 633 1133 
1669932548 1283 1244 571 1098 
1669932550 1296 1348 637 1129 
1669932552 1277 1320 571 1128 
1669932554 1211 1243 624 1140 
1669932556 1245 1323 655 1137 
1669932558 1260 1267 611 1130 
1669932560 1298 1255 622 1070 
1669932562 1299 1257 633 1046 
1669932564 1292 1225 622 1116 
1669932566 1277 1254 611 1106 
1669932568 1292 1354 631 1133 
1669932570 1281 1345 626 1035 
1669932572 1280 1285 620 1115 
1669932574 1272 1247 637 1124 
1669932576 1301 1335 636 974 
1669932578 1317 1240 505 1096 
1669932580 1312 1370 624 1064 
1669932582 1319 1346 631 1097 
1669932584 1316 1379 620 1126 
1669932586 1241 1349 554 1132 
1669932588 1278 1279 630 1120 
1669932590 1219 1328 555 1118 
1669932592 1281 1373 633 1128 
1669932594 1300 1373 644 1064 
1669932596 1221 1355 632 1102 
1669932598 1242 1249 559 1130 
1669932600 1302 1286 630 1163 
1669932602 1308 1334 573 1165 
1669932604 1278 1165 608 1058 
1669932606 1291 1300 576 1118 
1669932608 1207 1205 622 1132 
1669932610 1176 1254 624 1138 
1669932612 1264 1383 634 1159 
1669932614 1291 1265 616 1139 
1669932616 1287 1332 648 1133 
1669932618 1310 1328 640 1151 
1669932620 1303 1315 607 1143 
1669932622 1278 1335 637 1109 
1669932624 1295 1332 554 1144 
1669932626 1219 1222 631 1116 
1669932628 1269 1259 647 1115 
1669932630 1200 1262 567 1028 
1669932632 1247 1274 612 1115 
1669932634 1253 1234 577 1042 
1669932636 1308 1366 507 1119 
1669932638 1292 1254 629 1118 
1669932640 1314 1363 638 1042 
1669932642 1299 1333 569 1105 
1669932644 1296 1358 629 1141 
1669932646 1287 1359 563 1127 
1669932648 1303 1271 618 1128 
1669932650 1289 1253 618 1049 
1669932652 1279 1257 635 1097 
1669932654 1269 1350 569 1118 
1669932656 1300 1344 555 1115 
1669932658 1277 1331 614 1031 
1669932660 1279 1246 642 1036 
1669932662 1314 1271 610 1101 
1669932664 1303 1342 618 1110 
1669932666 1315 1340 623 1105 
1669932668 1316 1260 645 1112 
1669932670 1309 1257 558 1144 
1669932672 1296 1374 569 1137 
1669932674 1275 1362 637 1106 
1669932676 1287 1359 634 1139 
1669932678 1305 1378 620 1159 
1669932680 1297 1363 623 1133 
1669932682 1291 1352 633 1102 
1669932684 1200 1331 629 1114 
1669932686 1190 1232 575 1117 
1669932688 1273 1332 620 1137 
1669932690 1279 1360 661 1156 
1669932692 1293 1351 633 1125 
1669932694 1313 1361 653 1135 
1669932696 1271 1265 613 1107 
1669932698 1296 1353 617 1115 
1669932700 1296 1254 561 1103 
1669932702 1314 1349 619 1118 
1669932704 1307 1359 569 1113 
1669932706 1289 1317 636 1136 
1669932708 1300 1279 630 1124 
1669932710 1308 1238 642 1146 
1669932712 1313 1350 504 1109 
1669932714 1302 1245 606 1120 
1669932716 1249 1324 570 1154 
1669932718 1231 1356 528 1051 
1669932720 1162 1338 614 1106 
1669932722 1305 1377 677 1146 
1669932724 1326 1352 665 1151 
1669932726 1320 1367 622 1129 
1669932728 1281 1345 623 1102 
1669932730 1215 1309 628 1114 
1669932732 1263 1338 575 1099 
1669932734 1272 1250 638 1147 
1669932736 1291 1332 567 1127 
1669932738 1286 1270 616 1113 
1669932740 1294 1314 570 1123 
1669932742 1266 1160 489 1085 
1669932744 1287 1329 636 1147 
1669932746 1213 1334 563 1090 
1669932748 1268 1233 619 1105 
1669932750 1265 1354 617 1122 
1669932752 1269 1358 631 1128 
1669932754 1302 1359 614 1135 
1669932756 1289 1340 566 1109 
1669932758 1305 1270 632 1060 
1669932760 1332 1198 696 1112 
1669932762 1209 1275 410 1015 
1669932764 1278 1170 626 1132 
1669932766 1307 1238 567 1112 
1669932768 1298 1357 607 1132 
1669932770 1280 1364 565 1034 
1669932772 1288 1343 632 1032 
1669932774 1271 1346 652 1117 
1669932776 1278 1364 645 1127 
1669932778 1205 1324 644 1117 
1669932780 1266 1342 567 1110 
1669932782 1191 1325 632 1098 
1669932784 1192 1336 599 1127 
1669932786 1146 1224 610 1097 
1669932788 1226 1233 613 1109 
1669932790 1278 1228 623 1110 
1669932792 1307 1328 653 1102 
1669932794 1231 1241 625 1029 
1669932796 1271 1198 633 1107 
1669932798 1269 1240 638 1128 
1669932800 1275 1346 625 1103 
1669932802 1271 1323 612 1054 
1669932804 1291 1324 573 1026 
1669932806 1303 1242 636 1125 
1669932808 1292 1372 561 1128 
1669932810 1207 1171 607 1103 
1669932812 1270 1163 546 1131 
1669932814 1280 1316 613 1052 
1669932816 1279 1151 629 1088 
1669932818 1227 1312 637 1092 
1669932820 1288 1332 642 1139 
1669932822 1265 1222 618 1115 
1669932824 1199 1315 556 1040 
1669932826 1258 1243 620 1107 
1669932828 1258 1237 615 1128 
1669932830 1284 1234 502 1123 
1669932832 1217 1352 629 1114 
1669932834 1270 1281 617 1140 
1669932836 1276 1351 633 1140 
1669932838 1274 1252 624 1143 
1669932840 1264 1344 550 1068 
1669932842 1290 1350 616 1035 
1669932844 1214 1236 541 1090 
1669932846 1275 1344 628 1137 
1669932848 1200 1360 580 1136 
1669932850 1278 1291 615 1129 
1669932852 1299 1218 552 1065 
1669932854 1313 1217 612 958 
1669932856 1291 1336 653 1106 
1669932858 1290 1335 610 1127 
1669932860 1302 1356 626 1148 
1669932862 1212 1170 596 1046 
1669932864 1263 1307 655 1126 
1669932866 1284 1356 643 1042 
1669932868 1280 1260 631 1068 
1669932870 1199 1193 604 1023 
1669932872 1238 1259 619 1083 
1669932874 1288 1348 649 1049 
1669932876 1284 1373 630 1016 
1669932878 1274 1239 631 1089 
1669932880 1297 1246 637 1123 
1669932882 1298 1337 632 1137 
1669932884 1309 1349 624 1056 
1669932886 1282 1334 627 1082 
1669932888 1272 1179 544 1003 
1669932890 1294 1313 617 1101 
1669932892 1313 1240 635 1127 
1669932894 1307 1363 612 1144 
1669932896 1318 1246 567 1127 
1669932898 1291 1361 550 1150 
1669932900 1215 1244 541 1054 
1669932902 1257 1237 614 1129 
1669932904 1295 1247 632 1135 
1669932906 1296 1357 642 1128 
1669932908 1306 1346 652 1136 
1669932910 1316 1249 621 1124 
1669932912 1282 1276 639 1117 
1669932914 1225 1242 632 1039 
1669932916 1262 1270 559 1093 
1669932918 1286 1341 620 1071 
1669932920 1307 1253 633 1133 
1669932922 1269 1228 605 1036 
1669932924 1200 1321 635 1112 
1669932926 1274 1366 623 1133 
1669932928 1281 1329 625 1111 
1669932930 1285 1339 605 1121 
1669932932 1280 1231 565 1120 
1669932934 1292 1256 566 1054 
1669932936 1307 1267 618 1033 
1669932938 1302 1375 623 1120 
1669932940 1287 1363 620 1126 
1669932942 1298 1353 608 1137 
1669932944 1217 1345 612 964 
1669932946 1288 1276 562 1013 
1669932948 1309 1371 618 1122 
1669932950 1226 1238 608 1038 
1669932952 1252 1272 631 1103 
1669932954 1249 1318 641 1114 
1669932956 1260 1348 612 1150 
1669932958 1266 1373 604 1048 
1669932960 1294 1352 576 1040 
1669932962 1215 1349 622 1111 
1669932964 1189 1326 633 1037 
1669932966 1173 1340 564 1080 
1669932968 1256 1266 614 1124 
1669932970 1279 1301 624 1123 
1669932972 1291 1315 626 1157 
1669932974 1290 1272 613 1131 
1669932976 1308 1229 636 1045 
1669932978 1279 1311 613 1022 
1669932980 1279 1225 608 1110 
1669932982 1301 1253 622 1132 
1669932984 1308 1337 611 1139 
1669932986 1305 1230 620 1148 
1669932988 1318 1258 636 1078 
1669932990 1323 1160 618 1092 
1669932992 1179 1311 588 1114 
1669932994 1179 1226 491 1067 
1669932996 1295 1268 662 1153 
1669932998 1324 1170 663 1125 
1669933000 1330 1208 638 1025 
1669933002 1319 1302 576 1112 
1669933004 1307 1322 634 1042 
1669933006 1312 1251 610 1106 
1669933008 1205 1348 627 1117 
1669933010 1250 1150 630 1119 
1669933012 1265 1219 611 1111 
1669933014 1280 1234 624 1129 
1669933016 1289 1188 545 1125 
1669933018 1295 1297 557 1138 
1669933020 1221 1231 606 1056 
1669933022 1289 1255 612 1030 
1669933024 1263 1361 599 1087 
1669933026 1289 1259 555 1125 
1669933028 1292 1339 620 1047 
1669933030 1277 1234 552 1036 
1669933032 1284 1263 553 1082 
1669933034 1211 1331 613 1025 
1669933036 1260 1251 643 1082 
1669933038 1287 1292 613 1024 
1669933040 1256 1347 609 1111 
1669933042 1285 1231 635 1109 
1669933044 1300 1151 604 1101 
1669933046 1280 1208 622 972 
1669933048 1303 1308 557 1077 
1669933050 1288 1322 615 1112 
1669933052 1289 1153 609 1115 
1669933054 1272 1147 589 1124 
1669933056 1293 1296 599 1101 
1669933058 1272 1249 538 1034 
1669933060 1283 1316 637 1095 
1669933062 1266 1351 619 1117 
1669933064 1284 1377 638 1154 
1669933066 1306 1291 621 1135 
1669933068 1270 1362 607 1116 
1669933070 1206 1267 594 1018 
1669933072 1241 1241 617 1102 
1669933074 1301 1325 602 1054 
1669933076 1194 1132 594 1074 
1669933078 1187 1293 624 1122 
1669933080 1261 1340 644 1126 
1669933082 1278 1181 622 1152 
1669933084 1299 1327 617 1121 
1669933086 1298 1262 625 1109 
1669933088 1285 1227 598 1110 
1669933090 1209 1142 589 1091 
1669933092 1234 1148 612 1020 
1669933094 1280 1148 557 1083 
1669933096 1265 1212 633 1096 
1669933098 1209 1243 634 1128 
1669933100 1262 1250 621 1136 
1669933102 1289 1329 623 1142 
1669933104 1214 1255 604 1102 
1669933106 1243 1238 637 1137 
1669933108 1290 1271 607 1111 
1669933110 1268 1154 565 1086 
1669933112 1276 1332 632 1145 
1669933114 1263 1327 600 1139 
1669933116 1263 1208 631 1126 
1669933118 1204 1336 633 1131 
1669933120 1260 1344 605 1140 
1669933122 1110 1323 586 1116 
1669933124 1148 1353 550 1109 
1669933126 1231 1340 560 1107 
1669933128 1244 1253 630 1060 
1669933130 1262 1173 620 1005 
1669933132 1280 1246 563 1073 
1669933134 1197 1258 583 1082 
1669933136 1273 1201 565 1125 
1669933138 1310 1259 615 1122 
1669933140 1198 1328 635 1116 
1669933142 1243 1340 540 1107 
1669933144 1251 1318 626 1134 
1669933146 1292 1339 592 1117 
1669933148 1283 1344 621 1114 
1669933150 1300 1252 561 1124 
1669933152 1315 1220 617 1043 
1669933154 1301 1249 611 1084 
1669933156 1200 1360 607 1079 
1669933158 1253 1322 605 1115 
1669933160 1262 1257 601 1045 
1669933162 1263 1343 632 1107 
1669933164 1265 1315 616 1136 
1669933166 1245 1319 607 1131 
1669933168 1294 1300 568 1107 
1669933170 1267 1241 607 1097 
1669933172 1297 1200 568 1120 
1669933174 1273 1199 624 1065 
1669933176 1262 1253 602 1100 
1669933178 1290 1337 629 1135 
1669933180 1292 1230 567 1137 
1669933182 1206 1319 600 1138 
1669933184 1193 1316 633 1113 
1669933186 1269 1317 631 1131 
1669933188 1201 1228 544 1112 
1669933190 1191 1349 598 1043 
1669933192 1269 1263 625 1093 
1669933194 1276 1237 624 1136 
1669933196 1263 1163 605 1117 
1669933198 1268 1331 602 1140 
1669933200 1299 1341 617 1055 
1669933202 1283 1331 621 1028 
1669933204 1273 1345 626 1098 
1669933206 1209 1301 600 1028 
1669933208 1174 1218 603 1101 
1669933210 1261 1333 625 1117 
1669933212 1279 1346 629 1135 
1669933214 1203 1333 552 1017 
1669933216 1265 1259 600 1020 
1669933218 1207 1188 599 1089 
1669933220 1249 1332 540 1115 
1669933222 1272 1258 621 1117 
1669933224 1281 1323 620 1108 
1669933226 1193 1341 600 1102 
1669933228 1248 1272 601 1117 
1669933230 1285 1327 618 1028 
1669933232 1265 1320 637 1080 
1669933234 1302 1332 544 1039 
1669933236 1278 1235 608 1036 
1669933238 1277 1334 624 1082 
1669933240 1289 1334 626 1120 
1669933242 1221 1317 545 1113 
1669933244 1286 1328 617 1149 
1669933246 1296 1262 634 1056 
1669933248 1293 1324 536 1131 
1669933250 1263 1239 616 1142 
1669933252 1294 1362 609 1098 
1669933254 1305 1368 561 1101 
1669933256 1298 1243 542 1126 
1669933258 1312 1358 614 1151 
1669933260 1274 1359 599 1036 
1669933262 1300 1341 614 1115 
1669933264 1304 1366 555 1115 
1669933266 1310 1357 612 1108 
1669933268 1275 1337 633 1096 
1669933270 1217 1239 594 1102 
1669933272 1269 1340 616 1051 
1669933274 1284 1266 610 1093 
1669933276 1296 1304 610 1109 
1669933278 1289 1147 596 1034 
1669933280 1313 1303 619 1114 
1669933282 1288 1161 584 1045 
1669933284 1297 1324 554 1089 
1669933286 1281 1325 626 1018 
1669933288 1201 1304 627 1069 
1669933290 1276 1326 560 1036 
1669933292 1296 1141 598 1076 
1669933294 1221 1208 632 1115 
1669933296 1259 1338 615 1101 
1669933298 1284 1366 639 1124 
1669933300 1300 1276 541 1136 
1669933302 1311 1242 551 1132 
1669933304 1307 1243 614 1068 
1669933306 1309 1248 636 1058 
1669933308 1306 1257 632 1031 
1669933310 1269 1243 623 1081 
1669933312 1287 1257 628 1045 
1669933314 1290 1268 558 1112 
1669933316 1285 1332 629 1120 
1669933318 1268 1319 633 1121 
1669933320 1289 1217 550 1135 
1669933322 1257 1242 602 1145 
1669933324 1278 1336 614 1155 
1669933326 1288 1168 611 1127 
1669933328 1294 1224 596 1099 
1669933330 1260 1230 631 1133 
1669933332 1192 1220 589 1096 
1669933334 1202 1132 603 1120 
1669933336 1253 1290 626 1140 
1669933338 1284 1151 606 1049 
1669933340 1269 1293 542 1096 
1669933342 1265 1313 590 1117 
1669933344 1288 1331 614 1147 
1669933346 1199 1237 591 1133 
1669933348 1252 1368 631 1153 
1669933350 1250 1369 623 1117 
1669933352 1264 1096 602 1110 
1669933354 1276 1133 623 1132 
1669933356 1261 1288 631 1101 
1669933358 1197 1221 613 1047 
1669933360 1237 1220 612 1006 
1669933362 1281 1341 624 1110 
1669933364 1200 1225 587 1106 
1669933366 1253 1248 633 1129 
1669933368 1262 1332 625 1134 
1669933370 1254 1355 615 1142 
1669933372 1260 1333 616 1127 
1669933374 1293 1256 551 1094 
1669933376 1286 1361 535 1083 
1669933378 1293 1348 535 1089 
1669933380 1271 1247 537 1112 
1669933382 1219 1224 546 1037 
1669933384 1284 1269 598 1104 
1669933386 1209 1264 617 1110 
1669933388 1242 1353 549 1085 
1669933390 1278 1361 539 1117 
1669933392 1272 1351 591 1110 
1669933394 1190 1213 608 1030 
1669933396 1168 1246 546 1093 
1669933398 1232 1179 592 1028 
1669933400 1271 1320 550 1097 
1669933402 1273 1239 599 1101 
1669933404 1249 1346 606 1114 
1669933406 1270 1250 532 1133 
1669933408 1289 1253 582 1038 
1669933410 1288 1331 600 1032 
1669933412 1300 1315 621 1103 
1669933414 1202 1233 610 1003 
1669933416 1269 1264 609 1082 
1669933418 1286 1247 538 1013 
1669933420 1278 1169 589 1069 
1669933422 1294 1346 640 1111 
1669933424 1292 1250 624 1126 
1669933426 1297 1250 603 1131 
1669933428 1307 1354 623 1125 
1669933430 1278 1320 623 1126 
1669933432 1293 1220 481 1116 
1669933434 1306 1328 611 1101 
1669933436 1302 1250 620 1128 
1669933438 1269 1325 616 1113 
1669933440 1279 1243 601 1141 
1669933442 1285 1356 622 1121 
1669933444 1265 1252 616 1106 
1669933446 1298 1225 615 1119 
1669933448 1308 1206 558 1106 
1669933450 1291 1139 609 1112 
1669933452 1277 1315 614 1139 
1669933454 1272 1352 589 1136 
1669933456 1203 1293 612 1024 
1669933458 1258 1348 624 1009 
1669933460 1267 1258 618 1096 
1669933462 1287 1202 617 1113 
1669933464 1263 1229 623 1085 
1669933466 1263 1345 610 1093 
1669933468 1286 1256 605 1109 
1669933470 1272 1355 593 1083 
1669933472 1286 1237 595 959 
1669933474 1261 1232 622 1006 
1669933476 1287 1348 630 1077 
1669933478 1258 1254 528 941 
1669933480 1265 1255 602 1084 
1669933482 1277 1324 552 1011 
1669933484 1206 1160 519 1032 
1669933486 1246 1310 626 1103 
1669933488 1281 1329 612 1044 
1669933490 1260 1334 623 1113 
1669933492 1278 1268 589 1112 
1669933494 1200 1227 603 1104 
1669933496 1201 1323 592 1121 
1669933498 1253 1213 604 1140 
1669933500 1273 1337 616 1137 
1669933502 1267 1218 612 1036 
1669933504 1185 1297 579 1024 
1669933506 1262 1256 629 1095 
1669933508 1259 1319 604 1111 
1669933510 1254 1220 625 1128 
1669933512 1190 1307 608 1032 
1669933514 1248 1327 612 1109 
1669933516 1259 1321 619 1113 
1669933518 1293 1341 602 1139 
1669933520 1280 1243 623 970 
1669933522 1215 1327 618 1000 
1669933524 1251 1342 604 1014 
1669933526 1284 1346 610 1120 
1669933528 1258 1245 604 1108 
1669933530 1290 1229 622 1123 
1669933532 1294 1355 605 1112 
1669933534 1209 1218 534 1105 
1669933536 1248 1353 583 1090 
1669933538 1271 1328 619 1095 
1669933540 1259 1225 580 952 
1669933542 1215 1242 600 1059 
1669933544 1252 1357 618 1117 
1669933546 1265 1158 466 1099 
1669933548 1288 1218 626 1063 
1669933550 1292 1331 598 1042 
1669933552 1294 1327 581 1072 
1669933554 1300 1227 585 1075 
1669933556 1273 1239 607 1070 
1669933558 1217 1314 600 1036 
1669933560 1196 1335 583 1082 
1669933562 1263 1254 614 1099 
1669933564 1193 1224 588 1029 
1669933566 1266 1215 594 1019 
1669933568 1268 1161 602 1109 
1669933570 1282 1324 604 1112 
1669933572 1289 1323 540 1128 
1669933574 1300 1179 604 1103 
1669933576 1306 1305 589 1091 
1669933578 1273 1134 603 1109 
1669933580 1272 1215 625 1120 
1669933582 1201 1286 602 1098 
1669933584 1263 1310 609 1111 
1669933586 1185 1322 601 1107 
1669933588 1239 1350 613 1090 
1669933590 1254 1336 532 1028 
1669933592 1298 1178 535 1015 
1669933594 1269 1201 613 1106 
1669933596 1293 1315 605 1086 
1669933598 1297 1218 537 1105 
1669933600 1283 1327 604 1093 
1669933602 1293 1212 597 1112 
1669933604 1208 1249 601 1107 
1669933606 1239 1292 547 1102 
1669933608 1179 1234 594 1097 
1669933610 1241 1322 596 1138 
1669933612 1179 1212 602 1135 
1669933614 1258 1321 617 1113 
1669933616 1265 1314 599 1099 
1669933618 1278 1239 615 1096 
1669933620 1263 1319 610 1097 
1669933622 1250 1240 551 1108 
1669933624 1191 1341 608 1103 
1669933626 1246 1341 602 1041 
1669933628 1244 1210 611 1079 
1669933630 1268 1343 588 1111 
1669933632 1276 1302 545 1121 
1669933634 1277 1340 551 1104 
1669933636 1268 1326 616 1102 
1669933638 1286 1259 609 1119 
1669933640 1264 1316 605 1082 
1669933642 1258 1318 549 1092 
1669933644 1258 1350 539 1009 
1669933646 1268 1260 595 1003 
1669933648 1193 1288 615 1087 
1669933650 1276 1247 613 1080 
1669933652 1280 1333 590 1131 
1669933654 1197 1318 591 1114 
1669933656 1103 1316 611 1104 
1669933658 1246 1280 475 1104 
1669933660 1193 1302 532 1037 
1669933662 1255 1324 541 1097 
1669933664 1272 1356 601 1103 
1669933666 1283 1246 610 1124 
1669933668 1207 1329 604 1091 
1669933670 1250 1166 601 1089 
1669933672 1253 1314 598 1097 
1669933674 1282 1253 530 1032 
1669933676 1188 1130 533 1092 
1669933678 1188 1213 588 1100 
1669933680 1236 1254 537 1074 
1669933682 1246 1304 606 1111 
1669933684 1285 1311 590 1137 
1669933686 1298 1253 585 1120 
1669933688 1302 1320 617 1132 
1669933690 1206 1314 537 1081 
1669933692 1233 1250 611 1116 
1669933694 1257 1240 617 1133 
1669933696 1264 1242 618 1118 
1669933698 1247 1347 608 1117 
1669933700 1189 1316 619 1110 
1669933702 1257 1332 624 1131 
1669933704 1242 1165 586 1022 
1669933706 1201 1169 612 1107 
1669933708 1259 1336 480 1096 
1669933710 1186 1253 577 1088 
1669933712 1262 1229 590 1107 
1669933714 1279 1311 614 1109 
1669933716 1291 1317 612 1100 
1669933718 1208 1238 596 1113 
1669933720 1257 1328 609 1106 
1669933722 1264 1234 623 1113 
1669933724 1271 1331 607 1114 
1669933726 1268 1252 522 1005 
1669933728 1285 1230 597 1097 
1669933730 1288 1258 591 1125 
1669933732 1282 1356 592 1041 
1669933734 1248 1175 581 1000 
1669933736 1263 1290 601 1062 
1669933738 1287 1335 609 1097 
1669933740 1280 1219 601 1089 
1669933742 1285 1310 548 1014 
1669933744 1283 1145 586 1105 
1669933746 1254 1322 543 1122 
1669933748 1280 1349 617 1115 
1669933750 1289 1341 599 1124 
1669933752 1279 1251 608 1138 
1669933754 1265 1258 613 1123 
1669933756 1293 1346 608 1125 
1669933758 1272 1256 514 1019 
1669933760 1262 1234 527 1017 
1669933762 1268 1232 512 1084 
1669933764 1200 1303 584 1095 
1669933766 1243 1211 600 1109 
1669933768 1256 1248 602 1023 
1669933770 1192 1118 534 1090 
1669933772 1279 1317 612 1026 
1669933774 1218 1299 600 988 
1669933776 1188 1304 589 1067 
1669933778 1258 1241 615 1111 
1669933780 1268 1330 552 1102 
1669933782 1274 1317 529 1068 
1669933784 1185 1300 582 1085 
1669933786 1248 1245 613 1111 
1669933788 1278 1235 574 1020 
1669933790 1195 1188 611 1055 
1669933792 1229 1200 613 1010 
1669933794 1279 1333 614 939 
1669933796 1278 1170 610 1057 
1669933798 1263 1158 594 1110 
1669933800 1210 1296 588 1126 
1669933802 1250 1321 530 1098 
1669933804 1278 1341 583 1110 
1669933806 1292 1167 532 1085 
1669933808 1272 1143 562 1111 
1669933810 1290 1140 585 1080 
1669933812 1264 1207 581 1109 
1669933814 1251 1278 607 1089 
1669933816 1274 1238 585 1113 
1669933818 1252 1144 598 1110 
1669933820 1248 1312 616 1126 
1669933822 1188 1110 515 1064 
1669933824 1259 1291 590 1123 
1669933826 1294 1346 545 1124 
1669933828 1293 1248 597 1096 
1669933830 1289 1338 622 1094 
1669933832 1294 1233 528 1121 
1669933834 1281 1244 576 1111 
1669933836 1191 1306 615 1014 
1669933838 1248 1319 609 1093 
1669933840 1264 1153 587 1072 
1669933842 1192 1228 600 1108 
1669933844 1263 1310 538 1118 
1669933846 1259 1317 534 1089 
1669933848 1282 1158 602 1114 
1669933850 1262 1326 595 1098 
1669933852 1285 1241 595 1083 
1669933854 1258 1290 516 1078 
1669933856 1284 1245 580 1120 
1669933858 1256 1301 594 1131 
1669933860 1246 1245 595 1086 
1669933862 1268 1297 540 1114 
1669933864 1197 1136 603 1092 
1669933866 1247 1292 619 1098 
1669933868 1259 1241 604 1042 
1669933870 1258 1213 580 1103 
1669933872 1286 1239 617 1111 
1669933874 1258 1242 517 1099 
1669933876 1248 1269 526 1117 
1669933878 1278 1233 587 1042 
1669933880 1261 1343 603 1087 
1669933882 1246 1246 595 1102 
1669933884 1260 1242 536 1009 
1669933886 1282 1324 610 1080 
1669933888 1289 1327 598 1086 
1669933890 1292 1138 585 1010 
1669933892 1190 1195 604 984 
1669933894 1268 1236 599 1068 
1669933896 1177 1329 604 1103 
1669933898 1257 1329 607 1105 
1669933900 1250 1343 600 1035 
1669933902 1278 1326 618 1106 
1669933904 1268 1169 581 1113 
1669933906 1194 1227 590 1091 
1669933908 1261 1215 584 1117 
1669933910 1251 1311 569 1090 
1669933912 1246 1329 581 1101 
1669933914 1260 1336 541 1090 
1669933916 1288 1252 584 1041 
1669933918 1284 1319 532 1072 
1669933920 1306 1345 585 1087 
1669933922 1264 1249 598 1098 
1669933924 1280 1166 530 1083 
1669933926 1255 1310 592 1089 
1669933928 1252 1152 584 1117 
1669933930 1271 1315 529 1022 
1669933932 1283 1198 603 1075 
1669933934 1273 1325 595 1093 
1669933936 1190 1331 579 1012 
1669933938 1257 1242 511 1080 
1669933940 1171 1334 609 1095 
1669933942 1228 1167 571 1111 
1669933944 1272 1337 589 1113 
1669933946 1253 1207 583 1105 
1669933948 1280 1255 600 1117 
1669933950 1270 1237 571 1113 
1669933952 1239 1273 523 1010 
1669933954 1250 1221 595 1069 
1669933956 1279 1212 601 1078 
1669933958 1298 1330 543 1012 
1669933960 1263 1323 598 1098 
1669933962 1195 1324 597 1108 
1669933964 1263 1152 531 1012 
1669933966 1197 1296 532 1066 
1669933968 1246 1323 600 1115 
1669933970 1268 1216 514 1101 
1669933972 1286 1317 601 1103 
1669933974 1194 1240 586 1107 
1669933976 1255 1312 588 1139 
1669933978 1260 1235 577 1111 
1669933980 1280 1344 470 1008 
1669933982 1287 1214 583 1074 
1669933984 1201 1326 518 1078 
1669933986 1271 1343 584 1034 
1669933988 1207 1328 594 1100 
1669933990 1190 1341 577 1102 
1669933992 1277 1243 584 1129 
1669933994 1275 1308 605 1113 
1669933996 1270 1311 607 1086 
1669933998 1252 1214 605 1072 
1669934000 1200 1287 528 1087 
1669934002 1248 1334 609 1097 
1669934004 1268 1243 603 1100 
1669934006 1260 1329 597 1103 
1669934008 1254 1331 595 1093 
1669934010 1268 1344 622 1121 
1669934012 1242 1231 568 1113 
1669934014 1276 1315 599 1091 
1669934016 1246 1246 606 1080 
1669934018 1193 1286 606 1027 
1669934020 1243 1290 590 1104 
1669934022 1198 1236 513 1001 
1669934024 1259 1319 533 1006 
1669934026 1283 1300 594 1084 
1669934028 1262 1219 573 1103 
1669934030 1274 1338 591 1079 
1669934032 1270 1247 577 1074 
1669934034 1196 1316 535 1085 
1669934036 1251 1240 592 1021 
1669934038 1284 1345 615 1096 
1669934040 1283 1227 607 1120 
1669934042 1262 1145 517 1065 
1669934044 1265 1222 512 1098 
1669934046 1253 1307 582 1016 
1669934048 1290 1345 594 1104 
1669934050 1197 1224 460 1012 
1669934052 1268 1350 596 1080 
1669934054 1177 1323 524 994 
1669934056 1228 1259 523 1089 
1669934058 1180 1168 453 1059 
1669934060 1239 1223 574 1118 
1669934062 1253 1240 533 1096 
1669934064 1179 1199 584 1022 
1669934066 1248 1256 599 1099 
1669934068 1181 1179 595 1077 
1669934070 1259 1132 531 1067 
1669934072 1257 1285 589 1096 
1669934074 1272 1326 614 1035 
1669934076 1188 1206 591 998 
1669934078 1234 1280 609 1069 
1669934080 1181 1199 600 1084 
1669934082 1254 1345 588 1009 
1669934084 1268 1229 585 1073 
1669934086 1251 1332 512 1029 
1669934088 1252 1323 573 1074 
1669934090 1188 1219 594 1072 
1669934092 1255 1202 515 1001 
1669934094 1256 1248 580 1078 
1669934096 1268 1319 578 1105 
1669934098 1253 1237 590 956 
1669934100 1281 1306 510 1076 
1669934102 1279 1319 610 1030 
1669934104 1301 1331 600 1075 
1669934106 1200 1250 533 1077 
1669934108 1239 1237 609 1099 
1669934110 1178 1258 583 1069 
1669934112 1251 1228 599 1111 
1669934114 1271 1198 534 1093 
1669934116 1286 1315 586 1021 
1669934118 1267 1323 570 1023 
1669934120 1284 1339 602 1072 
1669934122 1280 1226 519 1091 
1669934124 1290 1296 615 1108 
1669934126 1264 1221 586 1087 
1669934128 1287 1202 597 1096 
1669934130 1210 1147 582 1105 
1669934132 1270 1218 595 1119 
1669934134 1257 1316 601 1088 
1669934136 1277 1347 584 1099 
1669934138 1281 1220 461 1011 
1669934140 1287 1234 593 1083 
1669934142 1278 1307 602 1029 
1669934144 1282 1335 606 1097 
1669934146 1268 1312 587 1107 
1669934148 1277 1299 578 1096 
1669934150 1192 1137 577 1088 
1669934152 1253 1179 585 1024 
1669934154 1207 1302 605 1087 
1669934156 1231 1329 593 1081 
1669934158 1261 1322 611 1023 
1669934160 1276 1247 607 1086 
1669934162 1258 1235 571 1099 
1669934164 1280 1132 585 1107 
1669934166 1263 1272 589 1024 
1669934168 1269 1294 511 1065 
1669934170 1250 1150 587 993 
1669934172 1268 1269 575 1094 
1669934174 1260 1207 586 1022 
1669934176 1252 1191 576 995 
1669934178 1273 1230 580 985 
1669934180 1284 1209 590 1112 
1669934182 1270 1339 578 1122 
1669934184 1257 1216 584 1090 
1669934186 1281 1334 516 1127 
1669934188 1271 1325 602 1118 
1669934190 1282 1236 540 1089 
1669934192 1256 1336 511 1093 
1669934194 1257 1231 530 1035 
1669934196 1280 1255 603 1111 
1669934198 1265 1312 553 1109 
1669934200 1263 1315 589 1109 
1669934202 1224 1297 500 1114 
1669934204 1206 1201 593 1101 
1669934206 1268 1145 599 1073 
1669934208 1244 1212 533 1101 
1669934210 1245 1324 582 1119 
1669934212 1235 1289 521 1105 
1669934214 1263 1321 595 1089 
1669934216 1287 1335 565 1108 
1669934218 1256 1216 457 1067 
1669934220 1286 1225 576 1126 
1669934222 1270 1313 564 1040 
1669934224 1285 1338 599 1066 
1669934226 1212 1329 586 1001 
1669934228 1270 1254 605 1012 
1669934230 1267 1311 518 1068 
1669934232 1256 1289 601 1080 
1669934234 1289 1208 541 1069 
1669934236 1260 1143 582 1024 
1669934238 1268 1333 586 1079 
1669934240 1280 1146 503 1080 
1669934242 1266 1313 572 1037 
1669934244 1244 1213 511 1070 
1669934246 1259 1306 520 1078 
1669934248 1218 1221 585 1100 
1669934250 1218 1251 586 1110 
1669934252 1099 1257 576 1119 
1669934254 1240 1320 595 1108 
1669934256 1276 1314 605 1092 
1669934258 1263 1310 592 1091 
1669934260 1318 1169 651 1122 
1669934262 1222 1195 491 1063 
1669934264 1179 1220 589 1107 
1669934266 1166 1336 603 1105 
1669934268 1212 1336 585 1114 
1669934270 1271 1221 612 1102 
1669934272 1204 1126 595 1071 
1669934274 1272 1306 633 1107 
1669934276 1269 1322 589 1112 
1669934278 1264 1325 574 1097 
1669934280 1189 1311 587 1097 
1669934282 1235 1227 602 1120 
1669934284 1277 1300 540 1092 
1669934286 1151 1298 493 1093 
1669934288 1206 1155 576 1119 
1669934290 1211 1296 588 1094 
1669934292 1227 1333 570 1053 
1669934294 1189 1217 608 1103 
1669934296 1230 1336 608 1126 
1669934298 1280 1170 518 1123 
1669934300 1236 1295 573 1110 
1669934302 1301 1230 494 1114 
1669934304 1297 1287 573 1100 
1669934306 1220 1208 537 1082 
1669934308 1248 1220 527 1061 
1669934310 1260 1252 574 1074 
1669934312 1287 1208 598 1023 
1669934314 1289 1296 535 1075 
1669934316 1280 1227 586 1087 
1669934318 1283 1298 619 1096 
1669934320 1180 1310 531 1073 
1669934322 1241 1239 575 1092 
1669934324 1287 1217 533 1101 
1669934326 1307 1323 606 1124 
1669934328 1209 1197 563 1068 
1669934330 1188 1200 513 1090 
1669934332 1238 1329 573 1117 
1669934334 1175 1224 573 1072 
1669934336 1249 1241 518 997 
1669934338 1266 1324 593 1094 
1669934340 1272 1070 591 1085 
1669934342 1285 1284 635 1123 
1669934344 1237 1219 564 1133 
1669934346 1265 1320 592 1122 
1669934348 1280 1331 581 1123 
1669934350 1246 1240 511 1098 
1669934352 1177 1309 570 1101 
1669934354 1249 1332 538 1129 
1669934356 1284 1256 589 1093 
1669934358 1186 1196 582 1030 
1669934360 1271 1229 524 1094 
1669934362 1217 1305 612 1084 
1669934364 1230 1218 581 993 
1669934366 1289 1293 617 1063 
1669934368 1301 1222 611 1096 
1669934370 1229 1211 571 1096 
1669934372 1268 1246 528 994 
1669934374 1197 1161 583 1081 
1669934376 1132 1140 554 1059 
1669934378 1219 1164 601 1025 
1669934380 1227 1280 596 1081 
1669934382 1198 1316 555 1073 
1669934384 1276 1312 607 1120 
1669934386 1135 1213 585 1069 
1669934388 1240 1263 591 1077 
1669934390 1239 1283 593 1103 
1669934392 1260 1148 526 1115 
1669934394 1256 1303 564 1106 
1669934396 1111 1294 592 1090 
1669934398 1241 1333 590 1098 
1669934400 1196 1304 573 1017 
1669934402 1240 1239 602 1109 
1669934404 1260 1319 524 1110 
1669934406 1277 1236 589 1029 
1669934408 1272 1338 462 1058 
1669934410 1260 1227 588 1102 
1669934412 1278 1309 565 1093 
1669934414 1253 1210 595 1066 
1669934416 1287 1333 598 1031 
1669934418 1253 1337 573 1099 
1669934420 1272 1339 528 1020 
1669934422 1279 1320 581 1094 
1669934424 1199 1234 571 1098 
1669934426 1176 1207 565 1011 
1669934428 1236 1195 598 1100 
1669934430 1163 1312 535 1083 
1669934432 1219 1225 563 1096 
1669934434 1195 1334 600 1090 
1669934436 1248 1251 596 1017 
1669934438 1270 1244 587 1081 
1669934440 1279 1289 590 1105 
1669934442 1290 1199 602 1017 
1669934444 1260 1343 600 1084 
1669934446 1256 1231 596 1016 
1669934448 1266 1287 588 1104 
1669934450 1191 1296 533 1089 
1669934452 1248 1216 609 1097 
1669934454 1241 1319 589 1092 
1669934456 1187 1191 578 1091 
1669934458 1254 1246 605 1115 
1669934460 1277 1229 578 1122 
1669934462 1250 1324 610 1086 
1669934464 1279 1319 590 1109 
1669934466 1291 1311 596 1125 
1669934468 1291 1206 610 1117 
1669934470 1280 1315 567 1078 
1669934472 1335 1238 668 1101 
1669934474 695 1174 518 899 
1669934476 1245 1391 783 1193 
1669934478 1070 1238 576 1106 
1669934480 775 1016 363 922 
1669934482 1789 1305 1114 1289 
1669934484 1370 1176 549 1087 
1669934486 1306 1100 591 1062 
1669934488 1286 1183 577 1011 
1669934490 1258 1266 608 1094 
1669934492 1219 1294 534 1021 
1669934494 836 1197 276 803 
1669934496 1022 1162 624 1054 
1669934498 1235 1331 647 1107 
1669934500 1056 1218 552 1102 
1669934502 1696 1341 893 1245 
1669934504 1383 1266 637 1001 
1669934506 1287 1253 598 1069 
1669934508 1273 1317 578 1101 
1669934510 1282 1306 610 1026 
1669934512 1198 1120 499 1025 
1669934514 1232 1210 597 1081 
1669934516 1272 1215 576 1115 
1669934518 1283 1230 583 1105 
1669934520 1258 1324 601 1115 
1669934522 1259 1314 606 1111 
1669934524 1210 1309 577 1023 
1669934526 1252 1311 535 1062 
1669934528 1261 1333 578 1029 
1669934530 1249 1313 588 1102 
1669934532 1278 1309 570 1101 
1669934534 1288 1356 614 1107 
1669934536 1256 1251 576 1084 
1669934538 1191 1303 593 1108 
1669934540 1261 1233 594 1117 
1669934542 1264 1226 582 1046 
1669934544 1254 1225 515 1062 
1669934546 1261 1234 460 1083 
1669934548 1257 1326 607 1118 
1669934550 1189 1327 589 1112 
1669934552 1159 1207 572 1107 
1669934554 1222 1333 593 1103 
1669934556 1245 1303 596 1118 
1669934558 1278 1209 595 1025 
1669934560 1255 1315 518 995 
1669934562 1281 1239 594 932 
1669934564 1292 1341 604 996 
1669934566 1288 1320 607 1083 
1669934568 1243 1319 579 1057 
1669934570 1271 1311 605 1090 
1669934572 1269 1296 537 1077 
1669934574 1267 1223 579 1080 
1669934576 1257 1296 589 1088 
1669934578 1194 1311 522 1011 
1669934580 1243 1327 529 1092 
1669934582 1277 1305 594 1113 
1669934584 1244 1303 586 1129 
1669934586 1253 1199 582 1099 
1669934588 1187 1206 554 1093 
1669934590 1230 1339 577 1116 
1669934592 1240 1337 589 1107 
1669934594 1245 1331 584 1110 
1669934596 1187 1330 604 1102 
1669934598 1264 1258 457 1077 
1669934600 1245 1309 519 1110 
1669934602 1257 1221 581 1105 
1669934604 1243 1135 568 1078 
1669934606 1251 1179 573 1103 
1669934608 1280 1300 539 1086 
1669934610 1281 1210 605 1114 
1669934612 1282 1237 576 1096 
1669934614 1207 1221 517 1097 
1669934616 1249 1324 597 1099 
1669934618 1259 1308 613 1091 
1669934620 1270 1133 580 1091 
1669934622 1250 1302 589 1094 
1669934624 1286 1224 584 1031 
1669934626 1290 1305 584 1015 
1669934628 1258 1128 586 1063 
1669934630 1187 1204 511 995 
1669934632 1261 1292 601 1072 
1669934634 1198 1324 533 1093 
1669934636 1240 1348 534 1086 
1669934638 1187 1299 583 1100 
1669934640 1268 1311 590 1029 
1669934642 1239 1317 583 1104 
1669934644 1245 1210 596 1125 
1669934646 1265 1243 577 1081 
1669934648 1279 1191 526 1003 
1669934650 1197 1285 598 1003 
1669934652 1241 1310 603 1098 
1669934654 1242 1312 602 1092 
1669934656 1254 1308 532 1020 
1669934658 1273 1307 600 1023 
1669934660 1280 1229 598 1096 
1669934662 1284 1255 566 998 
1669934664 1284 1337 529 1094 
1669934666 1287 1234 589 1086 
1669934668 1292 1252 522 993 
1669934670 1260 1299 522 1096 
1669934672 1189 1269 584 1017 
1669934674 1252 1233 570 920 
1669934676 1187 1294 573 1067 
1669934678 1233 1311 583 1099 
1669934680 1247 1202 520 1018 
1669934682 1181 1313 578 1084 
1669934684 1233 1205 607 1097 
1669934686 1261 1315 596 1113 
1669934688 1261 1325 602 1107 
1669934690 1269 1326 595 1085 
1669934692 1267 1340 605 1078 
1669934694 1192 1140 591 989 
1669934696 1249 1309 585 1081 
1669934698 1267 1228 519 1082 
1669934700 1184 1097 559 1084 
1669934702 1260 1300 586 1124 
1669934704 1265 1328 596 1031 
1669934706 1256 1164 588 1080 
1669934708 1251 1183 565 1070 
1669934710 1291 1186 588 1020 
1669934712 1272 1302 541 1060 
1669934714 1215 1218 565 1098 
1669934716 1277 1196 620 1124 
1669934718 1198 1232 581 1081 
1669934720 1253 1227 597 1108 
1669934722 1185 1213 583 1070 
1669934724 1253 1236 591 1108 
1669934726 1173 1307 585 1100 
1669934728 1236 1301 577 1103 
1669934730 1260 1344 606 1133 
1669934732 1283 1315 524 1008 
1669934734 1252 1343 588 1005 
1669934736 1252 1307 583 1085 
1669934738 1240 1243 580 1109 
1669934740 1235 1279 589 1082 
1669934742 1265 1291 592 1026 
1669934744 1282 1204 509 1074 
1669934746 1283 1322 599 1117 
1669934748 1285 1203 568 1113 
1669934750 1281 1207 567 1117 
1669934752 1290 1343 581 1117 
1669934754 1247 1317 566 1109 
1669934756 1267 1314 531 1098 
1669934758 1283 1288 576 1039 
1669934760 1280 1210 523 1010 
1669934762 1262 1333 570 1093 
1669934764 1188 1323 570 1088 
1669934766 1174 1324 605 1105 
1669934768 1251 1224 510 1004 
1669934770 1285 1327 568 1095 
1669934772 1250 1326 592 1080 
1669934774 1263 1332 591 999 
1669934776 1267 1318 599 1063 
1669934778 1191 1227 511 1055 
1669934780 1227 1281 523 1089 
1669934782 1233 1290 578 1015 
1669934784 1177 1209 593 1079 
1669934786 1246 1338 531 1067 
1669934788 1246 1328 577 1085 
1669934790 1233 1144 521 1075 
1669934792 1233 1210 603 1110 
1669934794 1244 1132 521 1077 
1669934796 1262 1289 566 1036 
1669934798 1284 1298 577 1104 
1669934800 1259 1305 564 943 
1669934802 1266 1319 591 1067 
1669934804 1250 1240 589 1077 
1669934806 1254 1319 570 1001 
1669934808 1286 1313 527 1001 
1669934810 1281 1209 569 1069 
1669934812 1282 1314 598 1078 
1669934814 1299 1203 586 1093 
1669934816 1294 1331 585 1112 
1669934818 1266 1328 609 1105 
1669934820 1280 1223 517 1108 
1669934822 1279 1320 591 1097 
1669934824 1263 1293 590 1115 
1669934826 1249 1211 591 1091 
1669934828 1240 1147 576 1111 
1669934830 1262 1230 598 1002 
1669934832 1200 1309 587 1090 
1669934834 1183 1294 517 1084 
1669934836 1227 1294 594 1037 
1669934838 1238 1329 570 996 
1669934840 1276 1244 527 1081 
1669934842 1184 1217 570 1073 
1669934844 1230 1322 596 1008 
1669934846 1197 1325 598 1002 
1669934848 1179 1223 582 978 
1669934850 1166 1214 576 1088 
1669934852 1254 1250 598 992 
1669934854 1181 1125 581 1050 
1669934856 1168 1297 563 1062 
1669934858 1219 1285 512 929 
1669934860 1250 1208 526 1048 
1669934862 1244 1330 578 1114 
1669934864 1247 1223 594 1090 
1669934866 1250 1334 531 1009 
1669934868 1253 1320 601 1072 
1669934870 1191 1321 595 1074 
1669934872 1180 1056 588 1064 
1669934874 1246 1187 584 1118 
1669934876 1184 1289 563 1104 
1669934878 1235 1318 587 1118 
1669934880 1260 1237 582 1031 
1669934882 1182 1331 569 1044 
1669934884 1222 1306 604 1023 
1669934886 1265 1326 580 996 
1669934888 1256 1126 563 1068 
1669934890 1273 1213 584 1114 
1669934892 1178 1111 550 1015 
1669934894 1226 1222 589 1097 
1669934896 1249 1208 603 1097 
1669934898 1230 1181 575 1088 
1669934900 1239 1285 590 1114 
1669934902 1257 1290 607 1089 
1669934904 1237 1193 593 1096 
1669934906 1208 1213 582 1122 
1669934908 1236 1240 523 1088 
1669934910 1104 1125 570 1063 
1669934912 1145 1280 573 1102 
1669934914 1241 1228 599 1093 
1669934916 1245 1317 518 994 
1669934918 1242 1217 559 1046 
1669934920 1280 1306 596 1080 
1669934922 3433 2830 3269 2216 
1669934924 3535 2800 3345 3419 
1669934926 1789 2073 3653 1865 
1669934928 2164 767 2425 603 
1669934930 2009 1024 1369 842 
1669934932 844 971 1030 845 
1669934934 1563 1383 1438 1146 
1669934936 1777 1400 2610 1132 
1669934938 1212 1176 595 1075 
1669934940 1066 1286 513 1210 
1669934942 1797 1694 522 1523 
1669934944 679 831 543 800 
1669934946 1197 1210 453 998 
1669934948 1415 1283 1054 1043 
1669934950 1272 1311 342 1132 
1669934952 2743 1809 3127 1356 
1669934954 1491 1115 1722 774 
1669934956 422 1080 243 910 
1669934958 2836 1981 3000 1473 
1669934960 1155 1116 577 983 
1669934962 1044 1434 1009 986 
1669934964 1416 1657 1602 1285 
1669934966 1020 1183 576 996 
1669934968 1197 1275 485 1101 
1669934970 1389 1378 555 1055 
1669934972 1236 1197 476 1120 
1669934974 1678 1455 1022 1157 
1669934976 1170 1069 1691 806 
1669934978 965 1269 631 1144 
1669934980 1173 1203 562 1180 
1669934982 1197 1313 596 1066 
1669934984 1115 1228 416 1072 
1669934986 1104 1241 629 1013 
1669934988 1223 1307 657 1044 
1669934990 1342 1405 701 1146 
1669934992 1117 1220 316 1118 
1669934994 1169 1229 758 896 
1669934996 1321 1506 612 1299 
1669934998 1116 1174 499 1002 
1669935000 1249 1249 538 1038 
1669935002 1324 1207 671 1091 
1669935004 1368 1207 873 1138 
1669935006 1281 1285 850 1160 
1669935008 1347 1292 627 1109 
1669935010 1294 1436 594 1186 
1669935012 1090 1142 481 1068 
1669935014 718 1189 366 1072 
1669935016 1125 1250 285 1070 
1669935018 1088 1226 457 996 
1669935020 1116 1271 473 1028 
1669935022 1166 1190 507 1015 
1669935024 1077 1248 454 951 
1669935026 1210 1232 484 1063 
1669935028 1301 1312 653 1106 
1669935030 1290 1356 521 1158 
1669935032 1322 1255 755 1060 
1669935034 1442 1304 780 1028 
1669935036 1303 1337 647 1072 
1669935038 873 1180 390 1026 
1669935040 1477 1393 877 1144 
1669935042 2005 1682 1200 1790 
1669935044 1060 1225 387 1145 
1669935046 1087 1227 635 1074 
1669935048 1263 1043 760 820 
1669935050 978 938 609 874 
1669935052 572 1202 578 1073 
1669935054 821 1141 242 1173 
1669935056 2145 1625 3070 1292 
1669935058 854 1112 427 1125 
1669935060 1959 1515 2609 1321 
1669935062 363 677 220 581 
1669935064 3481 1672 3530 1518 
1669935066 3617 740 3523 587 
1669935068 3295 3154 3173 2033 
1669935070 2899 3007 3202 2279 
1669935072 2715 2632 2619 2352 
1669935074 1547 1669 1148 1499 
1669935076 503 936 460 903 
1669935078 1655 1279 803 1203 
1669935080 747 1045 449 1117 
1669935082 519 488 456 614 
1669935084 2217 1782 1253 1923 
1669935086 2295 1495 1733 2680 
1669935088 1269 1852 700 1711 
1669935090 430 1418 361 740 
1669935092 353 306 278 513 
1669935094 2190 2178 1605 2193 
1669935096 1533 1157 2184 1209 
1669935098 1055 1137 497 1052 
1669935100 937 1021 424 1047 
1669935102 1186 1133 748 1000 
1669935104 1170 1136 651 980 
1669935106 924 1102 431 976 
1669935108 1040 1246 628 1052 
1669935110 1100 1211 532 1026 
1669935112 1067 1295 541 967 
1669935114 999 1150 399 977 
1669935116 1084 1164 602 1009 
1669935118 1367 1267 852 1007 
1669935120 3422 3181 2531 3194 
1669935122 3638 2517 3565 2547 
1669935124 560 814 583 795 
1669935126 592 568 728 702 
1669935128 2302 1685 696 1919 
1669935130 951 1009 648 1045 
1669935132 1165 1244 611 1071 
1669935134 1015 1194 502 961 
1669935136 1149 1168 737 1090 
1669935138 906 1219 512 1047 
1669935140 1103 1267 639 1101 
1669935142 994 1045 441 1047 
1669935144 1154 1132 683 1126 
1669935146 1003 1088 569 943 
1669935148 1043 1246 563 1049 
1669935150 959 1158 631 992 
1669935152 497 906 671 596 
1669935154 3108 2188 2033 2516 
1669935156 763 997 404 945 
1669935158 850 670 795 821 
1669935160 1573 1414 1097 1258 
1669935162 1983 1407 1203 895 
1669935164 2942 1786 745 1298 
1669935166 585 966 441 740 
1669935168 1046 1169 534 893 
1669935170 1164 1265 580 1028 
1669935172 1233 1176 538 1058 
1669935174 1270 1308 713 1078 
1669935176 1252 1301 581 1078 
1669935178 1210 1160 587 1067 
1669935180 1239 1372 691 1155 
1669935182 1034 1277 535 1040 
1669935184 1001 1182 504 1021 
1669935186 808 1181 589 966 
1669935188 1801 1601 1116 1370 
1669935190 1279 1186 818 1047 
1669935192 2466 1862 680 1508 
1669935194 1878 1463 1088 1354 
1669935196 1263 1184 494 1053 
1669935198 1061 1237 671 1082 
1669935200 517 1029 467 814 
1669935202 686 1075 561 937 
1669935204 1559 1512 851 1329 
1669935206 2000 1486 787 1169 
1669935208 1822 409 790 804 
1669935210 297 1338 238 1061 
1669935212 1514 353 1002 661 
1669935214 2438 2908 1688 2552 
1669935216 3624 2290 3640 2214 
1669935218 3642 2889 3190 3106 
1669935220 805 1120 642 1269 
1669935222 914 1077 502 1141 
1669935224 2474 2250 1495 2070 
1669935226 1189 1354 513 1146 
1669935228 938 1192 317 976 
1669935230 636 1084 527 888 
1669935232 980 1271 513 982 
1669935234 878 1196 685 1057 
1669935236 1167 1359 1096 1176 
1669935238 707 1046 527 819 
1669935240 1455 1481 1079 1256 
1669935242 1215 1344 712 1094 
1669935244 1398 1501 829 1243 
1669935246 767 1023 371 894 
1669935248 719 1123 387 969 
1669935250 1184 1361 792 1063 
1669935252 863 1100 619 969 
1669935254 1263 1297 719 1202 
1669935256 1056 1188 454 1063 
1669935258 1130 1373 712 1044 
1669935260 1048 1320 572 980 
1669935262 848 1154 532 1038 
1669935264 1066 1297 913 1001 
1669935266 1477 1415 968 1333 
1669935268 1295 1317 530 1168 
1669935270 1336 1169 1114 1141 
1669935272 553 858 386 799 
1669935274 1332 1250 874 1187 
1669935276 1390 1380 985 1186 
1669935278 639 1086 502 942 
1669935280 1281 1299 664 1203 
1669935282 897 1203 566 870 
1669935284 909 1178 634 851 
1669935286 3315 1701 3223 1738 
1669935288 423 781 351 494 
1669935290 1488 1353 1244 1043 
1669935292 411 352 267 569 
1669935294 1191 1336 968 1629 
1669935296 1341 1396 958 1275 
1669935298 1249 1460 709 1303 
1669935300 1412 1372 1272 1254 
1669935302 1263 1441 762 1159 
1669935304 1631 1387 1127 1296 
1669935306 1591 1341 936 1150 
1669935308 1333 1178 844 1053 
1669935310 472 847 351 660 
1669935312 1451 1437 977 1143 
1669935314 1642 1554 800 1071 
1669935316 1259 1317 656 1125 
1669935318 1107 987 733 869 
1669935320 1327 1285 685 1076 
1669935322 1900 1495 1116 1291 
1669935324 719 929 534 752 
1669935326 1780 1578 1154 1224 
1669935328 1258 1334 686 1113 
1669935330 1185 1326 703 1122 
1669935332 1918 1764 1194 1475 
1669935334 1585 1414 816 1165 
1669935336 1032 1079 378 946 
1669935338 1301 1376 1026 1707 
1669935340 620 1040 481 900 
1669935342 1294 1262 910 1237 
1669935344 368 734 308 657 
1669935346 384 484 266 532 
1669935348 1942 1601 1475 1439 
1669935350 1251 1362 813 1147 
1669935352 1473 1602 1127 1383 
1669935354 3066 1984 2875 2025 
1669935356 2833 1556 2394 1441 
1669935358 421 807 283 568 
1669935360 395 436 310 495 
1669935362 542 757 476 685 
1669935364 1327 1118 869 1108 
1669935366 1728 1331 1409 1236 
1669935368 1126 1162 1025 955 
1669935370 1767 1368 1260 1279 
1669935372 1390 1475 586 1151 
1669935374 1449 1523 740 1207 
1669935376 990 1194 541 1085 
1669935378 1150 1327 429 1027 
1669935380 1146 1218 410 1051 
1669935382 1075 1314 491 1074 
1669935384 1028 1260 516 1079 
1669935386 1174 1284 587 1088 
1669935388 1161 1200 554 1006 
1669935390 1143 1139 512 1042 
1669935392 1160 1271 494 1076 
1669935394 1094 1206 552 1053 
1669935396 888 1000 635 913 
1669935398 1243 1292 766 1112 
1669935400 1833 1732 647 1483 
1669935402 1284 1346 693 1109 
1669935404 818 1091 442 1025 
1669935406 1057 1258 517 1098 
1669935408 903 1289 640 1132 
1669935410 872 883 407 916 
1669935412 1238 1259 785 1040 
1669935414 1180 1220 567 1039 
1669935416 1083 1172 534 1084 
1669935418 1359 1390 818 1241 
1669935420 1114 1212 537 1103 
1669935422 952 1067 443 892 
1669935424 1227 1338 728 1078 
1669935426 1233 1369 571 1167 
1669935428 1123 1295 530 990 
1669935430 969 1068 494 964 
1669935432 980 867 585 871 
1669935434 874 1014 644 855 
1669935436 2503 2426 1104 1580 
1669935438 1242 1713 426 1558 
1669935440 986 1300 524 1124 
1669935442 1237 1343 672 1186 
1669935444 1175 1288 548 1107 
1669935446 1402 1231 497 1083 
1669935448 1144 1340 557 1084 
1669935450 1187 1346 572 1031 
1669935452 1328 1267 651 1066 
1669935454 1267 1241 607 983 
1669935456 1139 1206 760 1136 
1669935458 1278 1005 905 934 
1669935460 997 1179 654 1029 
1669935462 1217 1390 623 1059 
1669935464 1100 1338 555 1019 
1669935466 1190 1322 566 904 
1669935468 1089 1149 554 1014 
1669935470 1046 1154 434 1040 
1669935472 1209 1291 561 1076 
1669935474 517 1152 401 1006 
1669935476 1327 1357 716 1070 
1669935478 1247 1254 635 1025 
1669935480 1687 1450 875 1195 
1669935482 1707 1243 699 1147 
1669935484 547 391 611 574 
1669935486 1708 1257 1394 1267 
1669935488 406 1082 366 707 
1669935490 2372 1561 1716 1574 
1669935492 1283 1050 414 944 
1669935494 1224 1118 831 1123 
1669935496 959 1236 573 1170 
1669935498 1113 1262 558 1109 
1669935500 1246 1307 595 1119 
1669935502 1825 1367 907 1159 
1669935504 1149 1278 456 1057 
1669935506 2108 893 1708 888 
1669935508 1097 336 285 818 
1669935510 3636 1829 3629 1982 
1669935512 796 719 385 745 
1669935514 2292 1649 2272 1298 
1669935516 1261 1136 868 915 
1669935518 1013 1097 849 902 
1669935520 1623 1314 1686 1242 
1669935522 2136 1903 1313 1235 
1669935524 819 3584 229 3439 
1669935526 3552 1904 3114 1599 
1669935528 348 1799 0 2845 
1669935530 3709 3588 3699 3516 
1669935532 1617 1200 1866 1054 
1669935534 1126 1204 380 898 
1669935536 736 779 639 811 
1669935538 1644 1488 1050 1326 
1669935540 815 693 689 861 
1669935542 511 760 567 1154 
1669935544 590 844 747 610 
1669935546 1046 1125 913 693 
1669935548 2274 1466 1685 1106 
1669935550 957 581 722 929 
1669935552 2406 1819 2335 1811 
1669935554 517 1006 359 823 
1669935556 1444 1462 832 1330 
1669935558 1613 1512 826 1478 
1669935560 425 714 433 528 
1669935562 1545 1342 998 1077 
1669935564 1336 1590 601 1302 
1669935566 1077 1105 419 1056 
1669935568 778 967 577 908 
1669935570 1319 1337 1068 1117 
1669935572 1299 1131 1204 1072 
1669935574 1117 1325 588 1075 
1669935576 1317 1358 343 1200 
1669935578 1071 1028 570 930 
1669935580 809 1097 822 904 
1669935582 1043 1057 336 1193 
1669935584 571 916 264 684 
1669935586 1991 1463 1148 1336 
1669935588 1332 880 565 975 
1669935590 770 1180 620 931 
1669935592 1196 1704 615 1235 
1669935594 676 1148 613 892 
1669935596 1281 1497 461 1272 
1669935598 891 1072 352 925 
