1669935602 1005 1296 657 1069 
1669935605 694 990 573 714 
1669935607 1687 1601 1155 1351 
1669935609 1247 1485 1014 1035 
1669935611 1427 1750 639 1338 
1669935613 943 1148 403 890 
1669935615 2357 1867 2046 1685 
1669935617 2289 1572 1917 1462 
1669935619 371 625 294 921 
1669935621 2978 1621 3552 861 
1669935623 3146 1735 3068 1346 
1669935625 2726 1311 2466 1143 
1669935627 2698 3281 1408 3447 
1669935629 2630 2318 1763 1802 
1669935631 1347 1788 497 1325 
1669935633 1457 1444 726 1195 
1669935635 1455 1450 659 1105 
1669935637 1702 1339 1005 1069 
1669935639 1355 1294 505 1080 
1669935641 1936 1466 254 2173 
1669935643 1377 2585 720 2107 
1669935645 453 361 3637 297 
1669935647 3538 3540 2795 2744 
1669935649 283 240 159 846 
1669935651 137 315 265 476 
1669935653 3340 632 3515 698 
1669935655 3165 1438 2901 1213 
1669935657 2904 3495 2869 3090 
1669935659 3529 3357 3366 2612 
1669935661 3021 3016 1665 963 
1669935663 628 894 1853 385 
1669935665 3872 3631 3947 3757 
1669935667 2645 2915 3377 2580 
1669935669 2430 2292 2925 1597 
1669935671 1026 1248 735 1357 
1669935673 3755 3626 3759 3726 
1669935675 2558 3168 3739 1935 
1669935677 1660 910 1677 935 
1669935679 2527 1680 2475 435 
1669935681 2617 1250 743 2130 
1669935683 354 258 274 380 
1669935685 422 1493 417 981 
1669935687 1721 2872 2102 504 
1669935689 2520 2815 2690 2189 
1669935691 725 1291 549 1786 
1669935693 1307 1182 1296 1066 
1669935695 1064 946 703 1130 
1669935697 1939 1717 1686 1454 
1669935699 501 552 201 529 
1669935701 3603 2599 3530 1685 
1669935703 1208 1074 354 871 
1669935705 838 819 533 1097 
1669935707 2515 2323 2146 2113 
1669935709 1510 1157 671 1124 
1669935711 1421 1066 635 900 
1669935713 1188 971 805 1029 
1669935715 1073 682 1112 497 
1669935717 396 375 2802 447 
1669935719 64 354 0 1417 
1669935721 2317 2646 3632 2587 
1669935723 1196 591 514 999 
1669935725 1907 729 603 1112 
1669935727 2134 1139 400 1406 
1669935729 2544 2237 2105 1871 
1669935731 3207 3472 3499 1793 
1669935733 1648 1007 753 739 
1669935735 2209 1494 1412 1239 
1669935737 2021 1306 657 1006 
1669935739 1818 1015 526 1036 
1669935741 1732 1071 584 1032 
1669935743 1597 1059 573 1035 
1669935745 1604 988 496 1041 
1669935747 1588 934 561 1087 
1669935749 1566 1115 566 1120 
1669935751 1577 1052 580 1138 
1669935753 1571 1142 631 1067 
1669935755 1579 1124 599 1118 
1669935757 1513 1032 562 986 
1669935759 1629 1144 632 1087 
1669935761 1535 1230 650 1118 
1669935763 1564 1148 651 1034 
1669935765 1606 1211 646 976 
1669935767 1533 1219 639 1029 
1669935769 1553 1221 657 1122 
1669935771 1581 1231 648 1058 
1669935773 1478 1226 637 1125 
1669935775 1527 1053 636 1150 
1669935777 1568 1220 588 1148 
1669935779 1570 1169 627 1115 
1669935781 1533 1223 612 1102 
1669935783 1492 1210 530 1093 
1669935785 1436 1016 563 1064 
1669935787 1329 1168 483 1070 
1669935789 1373 1207 537 1063 
1669935791 1441 1190 474 1089 
1669935793 1451 1020 545 1073 
1669935795 1426 1114 566 1042 
1669935797 1350 1003 561 1109 
1669935799 1434 1112 536 1156 
1669935801 1445 1226 545 1116 
1669935803 1458 1137 621 1138 
1669935805 1468 1096 604 1149 
1669935807 1215 603 452 1009 
1669935809 1761 1138 2979 1330 
1669935811 526 617 441 667 
1669935813 1138 1249 625 1210 
1669935815 1344 1333 558 1178 
1669935817 1446 1233 553 1143 
1669935819 1471 1266 650 1144 
1669935821 1464 1163 633 1128 
1669935823 1489 1209 576 1130 
1669935825 1297 1020 546 1060 
1669935827 1420 1020 548 1025 
1669935829 2174 1658 1444 1316 
1669935831 2358 2250 1697 2180 
1669935833 715 977 311 1282 
1669935835 316 2377 247 3559 
1669935837 3691 3611 3627 3450 
1669935839 1411 1321 450 1210 
1669935841 1261 1271 954 1364 
1669935843 2387 2159 1582 1894 
1669935845 1849 1269 2224 755 
1669935847 1627 1363 802 1167 
1669935849 1582 1223 600 1160 
1669935851 2457 1698 1957 821 
1669935853 1492 1070 496 887 
1669935855 1418 1241 570 1059 
1669935857 1378 1145 564 1092 
1669935859 1402 1221 582 1025 
1669935861 1404 1224 501 1062 
1669935863 1242 1126 571 1056 
1669935865 1373 1221 583 1088 
1669935867 1299 1217 551 1087 
1669935869 1390 1262 603 1120 
1669935871 1379 1246 594 1104 
1669935873 1320 1254 591 1099 
1669935875 1362 1243 587 1109 
1669935877 1376 1162 581 1124 
1669935879 1412 1252 586 1126 
1669935881 1302 1235 543 1066 
1669935883 1364 1171 543 1100 
1669935885 1393 1067 559 1105 
1669935887 1408 1241 509 1090 
1669935889 1338 1159 539 1038 
1669935891 1365 1259 579 1084 
1669935893 1403 1262 590 1111 
1669935895 1392 1183 585 1098 
1669935897 1380 1196 584 1018 
1669935899 1399 1066 560 1015 
1669935901 1394 1170 496 995 
1669935903 1400 1261 546 1100 
1669935905 1390 1073 554 1015 
1669935907 1355 1234 507 1008 
1669935909 1397 1245 569 1066 
1669935911 1370 1252 563 1094 
1669935913 1392 1289 545 1102 
1669935915 1315 1247 547 1063 
1669935917 1365 1161 545 1081 
1669935919 1379 1267 557 1024 
1669935921 1380 1254 570 1105 
1669935923 1362 1164 558 1030 
1669935925 1386 1166 519 1075 
1669935927 1394 1168 508 1090 
1669935929 1390 1241 500 1036 
1669935931 1297 1246 575 1027 
1669935933 1373 1146 586 1083 
1669935935 1362 1174 584 1097 
1669935937 1360 1171 504 1115 
1669935939 1388 1158 486 1100 
1669935941 1363 1236 507 1006 
1669935943 1222 1162 563 1066 
1669935945 1334 1190 511 1099 
1669935947 1374 1278 439 1092 
1669935949 1392 1199 492 1116 
1669935951 1393 1175 569 1121 
1669935953 1378 1283 548 1090 
1669935955 1363 1264 554 1113 
1669935957 1356 1265 491 1103 
1669935959 1337 1265 493 1085 
1669935961 1344 1273 556 941 
1669935963 1366 1021 529 1039 
1669935965 1369 1252 502 1068 
1669935967 1298 1087 545 1067 
1669935969 1343 1153 568 1016 
1669935971 1270 1276 574 1069 
1669935973 1309 1176 562 1069 
1669935975 1324 1201 559 1076 
1669935977 1348 1279 569 1037 
1669935979 1336 1173 549 992 
1669935981 1358 1186 566 1009 
1669935983 1365 1232 577 1064 
1669935985 1380 1150 557 1104 
1669935987 1381 1137 548 1117 
1669935989 1360 1263 570 1123 
1669935991 1335 1253 555 1093 
1669935993 1347 1176 566 1027 
1669935995 1350 1290 562 1085 
1669935997 1330 1255 564 1014 
1669935999 1351 1168 573 1097 
1669936001 1324 1168 485 1062 
1669936003 1343 1271 553 1092 
1669936005 1253 1269 547 1067 
1669936007 1332 1275 539 994 
1669936009 1346 1209 539 1055 
1669936011 1341 1230 551 999 
1669936013 1328 1167 552 1072 
1669936015 1346 1279 529 1079 
1669936017 1250 1180 553 1031 
1669936019 1315 1130 559 1071 
1669936021 1307 1238 472 1066 
1669936023 1348 1288 558 1082 
1669936025 1319 1266 561 993 
1669936027 1311 1244 539 986 
1669936029 1255 1134 484 902 
1669936031 1297 1155 547 973 
1669936033 1330 1271 544 1069 
1669936035 1308 1184 569 998 
1669936037 1335 1287 485 1056 
1669936039 1237 1156 472 1066 
1669936041 1294 1295 543 1090 
1669936043 1333 1192 563 1079 
1669936045 1307 1164 564 1017 
1669936047 1291 1138 535 1072 
1669936049 1303 1147 482 1076 
1669936051 1310 1257 538 1080 
1669936053 1292 1187 471 977 
1669936055 1308 1166 561 1067 
1669936057 1323 1171 539 1053 
1669936059 1238 1279 525 1057 
1669936061 1313 1277 541 1062 
1669936063 1232 1196 554 969 
1669936065 1314 1202 567 1065 
1669936067 1328 1099 529 1057 
1669936069 1324 1174 498 979 
1669936071 1330 1278 540 1099 
1669936073 1238 1284 550 999 
1669936075 1314 1294 571 1053 
1669936077 1237 1248 539 1071 
1669936079 1312 1292 544 1112 
1669936081 1324 1261 531 1095 
1669936083 1302 1166 492 1075 
1669936085 1293 1283 526 1082 
1669936087 1296 1260 496 1060 
1669936089 1316 1293 533 1055 
1669936091 1320 1264 418 985 
1669936093 1301 1250 485 1043 
1669936095 1299 1269 557 1055 
1669936097 1308 1181 536 1053 
1669936099 1306 1284 561 1072 
1669936101 1325 1194 471 1070 
1669936103 1314 1269 558 1072 
1669936105 1327 1245 548 1099 
1669936107 1300 1268 420 1071 
1669936109 1293 1276 540 1101 
1669936111 1282 1273 535 1083 
1669936113 1295 1279 556 1088 
1669936115 1224 1278 553 1069 
1669936117 1289 1159 472 1084 
1669936119 1305 1170 477 1070 
1669936121 1296 1169 521 992 
1669936123 1307 1186 537 985 
1669936125 1228 1280 527 1040 
1669936127 1297 1293 531 1085 
1669936129 1310 1308 545 1082 
1669936131 1307 1190 468 1087 
1669936133 1296 1099 525 1063 
1669936135 1315 1173 532 1005 
1669936137 1305 1279 480 1046 
1669936139 1290 1306 553 1087 
1669936141 1317 1267 556 1008 
1669936143 1314 1186 562 1104 
1669936145 1312 1187 539 1057 
1669936147 1281 1254 539 1042 
1669936149 1320 1345 683 1059 
1669936151 1171 1086 494 995 
1669936153 1277 1255 543 1081 
1669936155 1245 1155 471 1062 
1669936157 1298 1200 545 1084 
1669936159 1311 1264 553 1002 
1669936161 1300 1109 533 1059 
1669936163 1315 1188 405 1054 
1669936165 1312 1268 549 1107 
1669936167 1314 1281 528 1075 
1669936169 1288 1176 548 1094 
1669936171 1330 1315 560 993 
1669936173 1290 1181 475 1062 
1669936175 1316 1280 409 1076 
1669936177 1225 1174 533 988 
1669936179 1272 1170 534 991 
1669936181 1282 1298 538 1008 
1669936183 1281 1155 526 1077 
1669936185 1284 1163 466 1091 
1669936187 1297 1277 548 1095 
1669936189 1281 1276 464 1055 
1669936191 1259 1265 465 1053 
1669936193 1297 1175 527 1085 
1669936195 1296 1073 516 1061 
1669936197 1181 1232 517 1046 
1669936199 904 934 256 871 
1669936201 1336 1202 547 1051 
1669936203 1198 1154 467 973 
1669936205 1207 1166 522 1070 
1669936207 1208 1212 414 974 
1669936209 1293 1287 528 1077 
1669936211 1266 1255 530 1080 
1669936213 1189 1238 522 992 
1669936215 1122 1172 442 1039 
1669936217 1211 1272 516 1053 
1669936219 1290 1317 528 1080 
1669936221 1219 1261 516 1063 
1669936223 1061 1099 482 818 
1669936225 1335 1140 718 933 
1669936227 1274 1276 537 1050 
1669936229 1343 1219 505 1067 
1669936231 1207 1245 456 1067 
1669936233 1173 1218 463 1046 
1669936235 1523 1385 562 1153 
1669936237 1157 1175 522 971 
1669936239 1248 1240 552 1075 
1669936241 1253 1116 530 988 
1669936243 1404 1194 608 982 
1669936245 1251 1225 519 1015 
1669936247 1270 1149 547 1069 
1669936249 1194 1291 526 1048 
1669936251 1324 1139 537 1123 
1669936253 1281 1167 477 1082 
1669936255 1299 1292 561 1007 
1669936257 1239 1268 526 1069 
1669936259 1240 1263 535 990 
1669936261 1281 1274 553 1046 
1669936263 1279 1301 538 1084 
1669936265 1293 1266 496 1082 
1669936267 1276 1171 554 1093 
1669936269 1300 1273 529 1098 
1669936271 1308 1181 545 1062 
1669936273 1271 1183 554 1088 
1669936275 1267 1297 541 1081 
1669936277 1261 1300 542 1058 
1669936279 1294 1214 550 1093 
1669936281 1288 1218 564 1082 
1669936283 1270 1218 550 1072 
1669936285 1193 1286 532 985 
1669936287 1257 1174 535 1067 
1669936289 1256 1289 547 1093 
1669936291 1178 1201 534 1064 
1669936293 1155 1146 552 1059 
1669936295 1216 1186 557 998 
1669936297 1246 1213 523 1052 
1669936299 1265 1185 534 1088 
1669936301 1250 1186 556 1091 
1669936303 1245 1201 533 1094 
1669936305 1262 1282 544 1066 
1669936307 1122 1193 538 1084 
1669936309 1178 1178 489 1072 
1669936311 1270 1204 567 1101 
1669936313 1300 1217 537 1064 
1669936315 1198 1160 474 1073 
1669936317 1279 1263 553 1079 
1669936319 1293 1181 540 1091 
1669936321 1288 1221 528 1080 
1669936323 1296 1209 554 1055 
1669936325 1265 1281 537 1076 
1669936327 1296 1281 531 1059 
1669936329 1258 1197 521 1065 
1669936331 1276 1131 540 987 
1669936333 1268 1277 539 1058 
1669936335 1216 1280 549 1073 
1669936337 1263 1287 530 1056 
1669936339 1299 1197 533 1073 
1669936341 1297 1282 501 1067 
1669936343 1273 1283 553 1090 
1669936345 1263 1258 555 1045 
1669936347 1285 1298 547 1085 
1669936349 1282 1119 515 1062 
1669936351 1280 1110 464 997 
1669936353 1302 1258 488 1040 
1669936355 1279 1252 541 1045 
1669936357 1284 1114 480 990 
1669936359 1190 1251 524 1039 
1669936361 1240 1295 558 1064 
1669936363 1279 1292 490 1060 
1669936365 1204 1195 545 1032 
1669936367 1196 1292 473 969 
1669936369 1278 1288 487 971 
1669936371 1285 1182 488 981 
1669936373 1262 1280 531 1052 
1669936375 1292 1304 559 1063 
1669936377 1263 1185 530 995 
1669936379 1294 1304 553 1061 
1669936381 1274 1268 536 995 
1669936383 1285 1206 487 1048 
1669936385 1285 1287 535 1049 
1669936387 1295 1178 543 1040 
1669936389 1270 1274 551 1044 
1669936391 1297 1299 544 1081 
1669936393 1266 1088 527 1065 
1669936395 1285 1277 557 989 
1669936397 1278 1213 545 1071 
1669936399 1284 1121 463 1031 
1669936401 1277 1281 556 1080 
1669936403 1209 1150 549 1068 
1669936405 1290 1265 535 1062 
1669936407 1295 1278 482 1002 
1669936409 1273 1188 458 978 
1669936411 1293 1211 462 1046 
1669936413 1226 1293 542 1085 
1669936415 1215 1183 468 1067 
1669936417 1192 1164 535 967 
1669936419 1276 1278 532 1068 
1669936421 1186 1254 550 964 
1669936423 1250 1201 507 1052 
1669936425 1279 1156 531 1055 
1669936427 1274 1282 478 900 
1669936429 1266 1285 533 1038 
1669936431 1188 1293 538 1059 
1669936433 1269 1197 467 1029 
1669936435 1273 1194 536 982 
1669936437 1279 1186 462 1056 
1669936439 1298 1222 523 1040 
1669936441 1269 1263 468 963 
1669936443 1277 1177 528 952 
1669936445 1274 1191 533 1048 
1669936447 1182 1177 511 1022 
1669936449 1202 1124 444 1023 
1669936451 1256 1266 410 1033 
1669936453 1199 1083 537 1050 
1669936455 1279 1191 520 964 
1669936457 1281 1270 550 977 
1669936459 1281 1167 527 1053 
1669936461 1198 1180 522 1068 
1669936463 1281 1264 558 1061 
1669936465 1283 1161 534 1003 
1669936467 1259 1281 523 1039 
1669936469 1269 1271 526 1053 
1669936471 1285 1261 521 1059 
1669936473 1264 1295 535 1074 
1669936475 1255 1265 464 1064 
1669936477 1267 1171 548 1076 
1669936479 1250 1125 513 1057 
1669936481 1259 1251 526 972 
1669936483 1192 1285 462 1067 
1669936485 1248 1301 536 1050 
1669936487 1255 1246 538 1064 
1669936489 1306 1314 614 1097 
1669936491 1220 1110 476 1039 
1669936493 2900 2846 1913 2273 
1669936495 2663 2113 2749 1585 
1669936497 3559 2258 2065 1313 
1669936499 1750 1357 1028 867 
1669936501 518 956 367 984 
1669936503 360 454 283 580 
1669936505 516 899 313 691 
1669936507 2571 1814 1624 1288 
1669936509 899 504 795 1314 
1669936511 3579 2658 2953 1497 
1669936513 1458 1675 592 1053 
1669936515 1257 1338 510 1049 
1669936517 1269 1165 504 944 
1669936519 443 785 318 821 
1669936521 2773 1380 2195 942 
1669936523 2345 1486 1081 907 
1669936525 1560 1071 714 649 
1669936527 1387 1054 415 823 
1669936529 1720 1418 980 1163 
1669936531 3524 2011 3437 1415 
1669936533 2692 3287 1101 3425 
1669936535 1406 941 649 1233 
1669936537 1599 1501 617 941 
1669936539 1260 1345 507 1022 
1669936541 1220 1303 496 1032 
1669936543 1197 1280 524 1032 
1669936545 1272 1192 512 1047 
1669936547 1244 1111 499 1030 
1669936549 1257 1158 513 1018 
1669936551 1258 1266 517 1032 
1669936553 1250 1158 521 1034 
1669936555 1179 1233 505 1023 
1669936557 1249 1261 498 1070 
1669936559 1240 1091 488 1031 
1669936561 1234 1263 435 1047 
1669936563 1189 1230 444 1059 
1669936565 1248 1096 512 1058 
1669936567 1266 1196 504 1060 
1669936569 1183 1164 496 1044 
1669936571 1189 1267 507 967 
1669936573 1252 1190 392 1050 
1669936575 1291 1261 512 1042 
1669936577 1293 1270 512 967 
1669936579 1244 1108 534 884 
1669936581 1289 1147 528 1054 
1669936583 1292 1076 527 1033 
1669936585 1256 1262 467 955 
1669936587 1276 1290 533 1056 
1669936589 1265 1250 460 1040 
1669936591 1214 1255 515 1039 
1669936593 1284 1191 449 1036 
1669936595 1283 1271 519 1071 
1669936597 1251 1160 514 987 
1669936599 1284 1260 512 1068 
1669936601 1126 1260 509 1017 
1669936603 1229 1170 534 1049 
1669936605 1246 1253 515 1029 
1669936607 1259 1253 450 962 
1669936609 1193 1160 505 1031 
1669936611 1255 1185 509 977 
1669936613 1270 1289 501 964 
1669936615 1268 1293 514 1052 
1669936617 1263 1270 511 1032 
1669936619 1209 1266 520 1029 
1669936621 1268 1260 529 1050 
1669936623 1292 1299 519 1034 
1669936625 1215 1269 506 1045 
1669936627 1266 1198 459 1046 
1669936629 1337 1297 550 976 
1669936631 1290 1199 515 1024 
1669936633 1284 1255 506 1068 
1669936635 1150 1155 490 1047 
1669936637 1218 1297 528 1066 
1669936639 1131 1121 509 1030 
1669936641 1150 1136 496 927 
1669936643 1167 1205 444 1004 
1669936645 1235 1263 508 1034 
1669936647 1228 1254 469 1036 
1669936649 1203 1253 462 1038 
1669936651 1219 1120 382 1024 
1669936653 1237 1241 438 1032 
1669936655 1274 1233 482 1013 
1669936657 1245 1133 460 965 
1669936659 1223 1265 494 1009 
1669936661 1201 1234 488 995 
1669936663 1278 1287 510 1049 
1669936665 1286 1166 417 1000 
1669936667 1279 1169 509 1025 
1669936669 1281 1200 511 1013 
1669936671 1277 1193 505 1050 
1669936673 1273 1176 539 952 
1669936675 1271 1285 506 956 
1669936677 1274 1211 514 925 
1669936679 1299 1189 529 1040 
1669936681 1204 1187 497 1028 
1669936683 1224 1297 470 981 
1669936685 1234 1239 523 984 
1669936687 1290 1318 531 1044 
1669936689 1201 1190 552 963 
1669936691 1279 1260 491 1053 
1669936693 1270 1110 542 944 
1669936695 1301 1277 557 958 
1669936697 1285 1291 551 969 
1669936699 1305 1271 526 970 
1669936701 1280 1216 550 934 
1669936703 1297 1163 521 1038 
1669936705 1218 1211 497 1004 
1669936707 1227 1189 537 1019 
1669936709 1255 1144 541 1046 
1669936711 1312 1174 540 1033 
1669936713 1213 1276 548 941 
1669936715 1296 1288 457 1016 
1669936717 1261 1299 518 1027 
1669936719 1213 1165 539 1024 
1669936721 1288 1211 544 1041 
1669936723 1305 1285 541 1051 
1669936725 1292 1309 534 983 
1669936727 1311 1286 526 1058 
1669936729 1306 1268 530 1050 
1669936731 1214 1164 559 1038 
1669936733 1306 1091 517 959 
1669936735 1310 1218 483 1016 
1669936737 1312 1193 532 1069 
1669936739 1274 1205 545 1040 
1669936741 1267 1174 531 1032 
1669936743 1306 1202 536 1069 
1669936745 1279 1279 554 1066 
1669936747 1245 1298 555 1029 
1669936749 1251 1197 546 1068 
1669936751 1162 1233 552 1041 
1669936753 1171 1161 475 1025 
1669936755 1179 1207 489 963 
1669936757 1270 1209 473 1028 
1669936759 1234 1153 469 1019 
1669936761 1210 973 466 1020 
1669936763 1250 1249 445 1022 
1669936765 1322 1300 459 1047 
1669936767 1194 1157 515 1012 
1669936769 1212 1194 463 1029 
1669936771 1425 1354 681 1087 
1669936773 1261 1147 493 966 
1669936775 1219 1160 497 1017 
1669936777 1331 1223 585 1046 
1669936779 1254 1270 502 964 
1669936781 1276 1204 533 972 
1669936783 1290 1193 518 1041 
1669936785 1263 1176 526 1046 
1669936787 1265 1176 464 973 
1669936789 1193 1271 450 1031 
1669936791 1286 1204 532 1045 
1669936793 1254 1290 462 949 
1669936795 1246 1307 516 1031 
1669936797 1264 1299 510 1065 
1669936799 1265 1158 536 1065 
1669936801 1252 1108 533 1016 
1669936803 1271 1174 525 981 
1669936805 1271 1084 457 1021 
1669936807 1177 1225 522 1063 
1669936809 1237 1151 448 960 
1669936811 1232 1253 510 950 
1669936813 1158 1049 507 1002 
1669936815 1206 1232 506 944 
1669936817 1207 1169 434 954 
1669936819 1128 1239 497 1022 
1669936821 1200 1254 433 1038 
1669936823 1217 1167 484 977 
1669936825 1208 1159 460 937 
1669936827 1213 1240 349 991 
1669936829 1239 1256 501 1039 
1669936831 1231 1143 472 1047 
1669936833 1238 1089 462 940 
1669936835 1138 1226 380 932 
1669936837 1221 1123 445 1010 
1669936839 1160 1159 445 1000 
1669936841 1064 1107 434 1026 
1669936843 1208 1241 459 1006 
1669936845 1163 1201 438 1005 
1669936847 1231 1225 444 1000 
1669936849 1176 1141 385 977 
1669936851 1241 1247 478 1037 
1669936853 1249 1260 491 1026 
1669936855 1261 1281 489 1025 
1669936857 1251 1279 474 1042 
1669936859 1281 1270 489 1027 
1669936861 1272 1253 489 1018 
1669936863 1244 1266 356 1007 
1669936865 1329 1293 489 1024 
1669936867 1277 1260 433 1006 
1669936869 1154 1219 411 996 
1669936871 1239 1259 512 1036 
1669936873 1250 1253 505 943 
1669936875 1257 1184 502 873 
1669936877 1277 1278 528 1048 
1669936879 1255 1184 515 1045 
1669936881 1278 1194 454 1041 
1669936883 1272 1204 532 983 
1669936885 1117 1239 515 1010 
1669936887 1182 1170 448 1014 
1669936889 1301 1324 487 1071 
1669936891 1277 1200 534 1044 
1669936893 1255 1267 508 984 
1669936895 1283 1287 529 1029 
1669936897 1289 1261 513 974 
1669936899 1282 1305 523 1069 
1669936901 1238 1290 483 1067 
1669936903 1192 1149 498 1030 
1669936905 1143 1251 491 1061 
1669936907 1197 1229 483 1059 
1669936909 1220 1129 470 1024 
1669936911 1214 1154 501 1030 
1669936913 1241 1228 468 1022 
1669936915 1235 1251 472 1001 
1669936917 1264 1260 503 998 
1669936919 1287 1146 491 995 
1669936921 1287 1262 505 1040 
1669936923 1208 1167 536 949 
1669936925 1285 1177 515 965 
1669936927 1122 1277 513 1012 
1669936929 1253 1288 471 1015 
1669936931 1278 1314 547 1035 
1669936933 1263 1268 512 896 
1669936935 1189 1269 504 1017 
1669936937 1219 1249 515 1048 
1669936939 1237 1255 498 985 
1669936941 1208 1157 439 1031 
1669936943 1220 1175 487 1056 
1669936945 1152 1175 468 1038 
1669936947 1111 1150 456 918 
1669936949 1184 1204 486 950 
1669936951 1230 1126 467 999 
1669936953 1209 1125 399 975 
1669936955 1154 1135 476 1021 
1669936957 1168 1253 482 1020 
1669936959 1257 1274 434 862 
1669936961 1199 1278 503 1003 
1669936963 1242 1196 490 941 
1669936965 1258 1190 499 1025 
1669936967 1282 1153 520 982 
1669936969 1265 1281 518 973 
1669936971 1260 1204 518 1021 
1669936973 1257 1291 456 974 
1669936975 1276 1084 508 967 
1669936977 1287 1278 532 1045 
1669936979 1198 1182 530 1042 
1669936981 1278 1196 520 1056 
1669936983 1238 1095 529 1034 
1669936985 1174 1285 458 1043 
1669936987 1108 1254 489 1050 
1669936989 1154 1154 491 1019 
1669936991 1208 1258 411 1040 
1669936993 1173 1207 442 1014 
1669936995 1212 1253 463 932 
1669936997 1255 1233 452 919 
1669936999 1254 1267 470 933 
1669937001 1262 1190 509 931 
1669937003 2940 2978 2531 2779 
1669937005 1154 1686 545 1071 
1669937007 1340 1222 603 896 
1669937009 2539 2043 2252 1738 
1669937011 1457 1485 507 1369 
1669937013 1339 1419 485 1172 
1669937015 1332 1489 481 1163 
1669937017 1400 1272 628 1155 
1669937019 750 717 847 896 
1669937021 1927 2174 607 1834 
1669937023 1109 1082 392 885 
1669937025 497 626 350 653 
1669937027 874 1268 505 1101 
1669937029 981 1252 428 1856 
1669937031 1420 1021 419 1561 
1669937033 514 942 522 882 
1669937035 2711 1705 387 1224 
1669937037 776 555 436 652 
1669937039 928 883 298 909 
1669937041 1088 491 217 830 
1669937043 1334 1251 1344 1165 
1669937045 987 570 253 1368 
1669937047 1590 1265 382 1271 
1669937049 1990 1779 389 2729 
1669937051 252 4 241 187 
1669937053 3529 1505 471 1876 
1669937055 3111 1131 419 1178 
1669937057 2879 1314 386 1063 
1669937059 2789 1328 500 1156 
1669937061 2593 1393 508 1143 
1669937063 2518 1369 499 1099 
1669937065 2447 1455 525 1102 
1669937067 2405 1410 537 1089 
1669937069 2191 1360 518 1128 
1669937071 2248 1430 545 1008 
1669937073 2107 1387 530 1004 
1669937075 2062 1125 463 1079 
1669937077 1990 1316 539 1030 
1669937079 1915 545 703 338 
1669937081 1977 1927 2233 1524 
1669937083 1328 1377 638 1176 
