1669907089 1253 1543 606 1179 
1669907091 1387 1562 557 1160 
1669907093 1323 527 537 736 
1669907095 1211 1933 1347 2690 
1669907097 4 2 2 0 
1669907099 4 2 4 112 
1669907101 3 4 1 169 
1669907103 2 3 4 95 
1669907105 6 2 4 355 
1669907107 1 3 3 3 
1669907109 2 3 1 137 
1669907111 5 5 5 568 
1669907113 2 2 3 3 
1669907115 6 0 8 92 
1669907117 4 5 3 52 
1669907119 1 3 2 77 
1669907121 2 3 0 40 
1669907123 1 3 4 2 
1669907125 0 0 0 2 
1669907127 3 2 2 2 
1669907129 2 1 1 4 
1669907131 0 2 0 3 
1669907133 2 1 2 3 
1669907135 3 1 3 3 
1669907137 0 3 0 2 
1669907139 0 3 4 4 
1669907141 2600 2549 862 1710 
1669907143 1520 1402 607 1176 
1669907145 1385 1617 583 1124 
1669907147 1418 1620 570 1174 
1669907149 1364 1512 573 1143 
1669907151 1444 1624 594 1094 
1669907153 1451 1413 580 1124 
1669907155 1395 1510 586 1079 
1669907157 1332 1467 547 1151 
1669907159 1377 1586 553 1167 
1669907161 1377 1756 548 1233 
1669907163 1390 1607 587 1195 
1669907165 1144 453 617 1251 
1669907167 1311 1586 583 1148 
1669907169 1328 1109 572 1209 
1669907171 1125 1214 567 1052 
1669907173 1374 1627 545 1170 
1669907175 728 3154 465 742 
1669907177 2497 1686 879 2214 
1669907179 2034 1752 696 1845 
1669907181 1237 2354 557 1204 
1669907183 1443 1440 585 1091 
1669907185 1085 1019 709 1646 
1669907187 1115 1086 432 1141 
1669907189 1400 2369 523 1108 
1669907191 901 1291 602 894 
1669907193 823 478 542 971 
1669907195 2361 3276 553 1433 
1669907197 1381 1228 607 1248 
1669907199 1410 1478 582 1226 
1669907201 1348 1556 519 1108 
1669907203 1364 1608 563 1205 
1669907205 1303 1326 567 1224 
1669907207 1132 706 633 1209 
1669907209 1296 1398 590 1111 
1669907211 1490 2044 544 1141 
1669907213 1242 686 461 1183 
1669907215 1716 2217 600 1246 
1669907217 1853 1550 698 1519 
1669907219 1628 2053 733 1404 
1669907221 2319 1867 846 1730 
1669907223 1456 1316 645 1256 
1669907225 1246 1255 534 1124 
1669907227 1349 1812 549 1168 
1669907229 1297 1494 453 1107 
1669907231 1118 1153 554 964 
1669907233 1688 1663 643 1255 
1669907235 1410 1666 534 1115 
1669907237 1279 1530 509 1199 
1669907239 485 526 484 410 
1669907241 2257 2154 611 1419 
1669907243 1812 2897 634 1292 
1669907245 1223 403 493 721 
1669907247 1661 1136 546 1132 
1669907249 2742 1287 548 1226 
1669907251 1762 1665 613 1341 
1669907253 1412 2425 781 1252 
1669907255 1191 1595 561 1164 
1669907257 961 1321 523 1047 
1669907259 1213 1627 599 1167 
1669907261 600 637 562 797 
1669907263 1528 1268 528 675 
1669907265 1045 1376 528 554 
1669907267 1358 1440 586 1056 
1669907269 1399 1359 560 1155 
1669907271 1393 1453 482 1216 
1669907273 1293 1195 551 1238 
1669907275 1315 1503 577 1223 
1669907277 1310 1645 474 1151 
1669907279 1352 1558 580 1184 
1669907281 1346 1545 559 1176 
1669907283 1307 1564 410 1070 
1669907285 1361 1657 577 1171 
1669907287 1346 1424 593 1172 
1669907289 1456 1635 545 1152 
1669907291 1341 1521 579 1173 
1669907293 1264 1408 515 1204 
1669907295 1011 764 649 1466 
1669907297 1265 2472 541 1079 
1669907299 1687 1402 700 2236 
1669907301 1487 1493 555 1075 
1669907303 1417 1527 539 1078 
1669907305 1784 1736 986 1045 
1669907307 2967 1572 610 1790 
1669907309 3432 3279 1855 3259 
1669907311 1742 1809 603 1635 
1669907313 1511 1493 565 1679 
1669907315 1058 652 588 1154 
1669907317 675 1262 515 1223 
1669907319 708 1130 585 1245 
1669907321 990 2166 724 919 
1669907323 3575 3312 3385 3320 
1669907325 1154 919 720 1784 
1669907327 544 501 539 849 
1669907329 607 638 602 1071 
1669907331 564 857 569 1533 
1669907333 573 1558 542 1513 
1669907335 561 1303 543 1605 
1669907337 590 1365 531 1545 
1669907339 665 1426 474 1501 
1669907341 704 1452 560 1504 
1669907343 796 1365 456 1442 
1669907345 836 1354 573 1439 
1669907347 862 1376 542 1402 
1669907349 832 1354 561 1426 
1669907351 639 543 764 1767 
1669907353 1233 1095 989 1630 
1669907355 2009 1652 974 2246 
1669907357 1450 1443 698 1741 
1669907359 2114 3062 601 826 
1669907361 1426 1158 684 1133 
1669907363 907 1666 549 1073 
1669907365 866 1369 532 1110 
1669907367 929 1507 549 1172 
1669907369 965 1648 562 1211 
1669907371 1018 1481 465 1165 
1669907373 1053 1570 556 1108 
1669907375 1047 1560 583 1182 
1669907377 1099 1429 556 1168 
1669907379 1095 1575 556 1201 
1669907381 1115 1494 587 1074 
1669907383 1149 1560 582 1178 
1669907385 1140 1500 583 1190 
1669907387 1161 1466 490 1178 
1669907389 1174 1546 584 1196 
1669907391 1203 1526 494 1168 
1669907393 1175 1448 540 1163 
1669907395 1195 1495 550 1207 
1669907397 1233 1484 557 1149 
1669907399 1228 1423 561 1146 
1669907401 1222 1583 542 1190 
1669907403 1237 1535 564 1150 
1669907405 1263 1569 550 1193 
1669907407 1233 1545 580 1200 
1669907409 1218 1581 567 1165 
1669907411 1170 1430 553 1170 
1669907413 1267 1531 485 1172 
1669907415 1177 1524 587 1138 
1669907417 1237 1487 567 1182 
1669907419 1250 1471 559 1173 
1669907421 1279 1550 586 1194 
1669907423 1284 1539 580 1170 
1669907425 1263 1552 496 1178 
1669907427 1291 1494 481 1149 
1669907429 1292 1464 485 1129 
1669907431 1304 1507 587 1179 
1669907433 1304 1559 558 1163 
1669907435 1276 1577 557 1170 
1669907437 1308 1491 564 1189 
1669907439 1284 1506 581 1160 
1669907441 1269 1530 576 1161 
1669907443 1284 1470 496 1158 
1669907445 1305 1556 515 1147 
1669907447 1277 1483 564 1160 
1669907449 1306 1565 558 1143 
1669907451 1317 1558 568 1187 
1669907453 1286 1570 581 1132 
1669907455 1290 1488 563 1159 
1669907457 1326 1564 582 1153 
1669907459 1314 1424 582 1074 
1669907461 1304 1471 555 1144 
1669907463 1312 1569 583 1130 
1669907465 1324 1402 577 1129 
1669907467 1301 1468 496 1026 
1669907469 1201 1527 567 1134 
1669907471 1303 1479 569 1158 
1669907473 1308 1540 539 1174 
1669907475 1307 1452 565 1061 
1669907477 1303 1525 568 1153 
1669907479 1319 1604 563 1056 
1669907481 1337 1488 569 1130 
1669907483 1289 1553 543 1172 
1669907485 1347 1465 561 1185 
1669907487 1353 1458 499 1056 
1669907489 1355 1622 573 1162 
1669907491 1344 1457 558 1087 
1669907493 1340 1555 557 1160 
1669907495 1331 1473 574 1192 
1669907497 1299 1538 593 1167 
1669907499 1292 1492 598 1169 
1669907501 1319 1635 562 1183 
1669907503 1313 1487 566 1172 
1669907505 1319 1456 555 1144 
1669907507 1310 1455 542 1187 
1669907509 1302 1548 479 1136 
1669907511 1315 1572 576 1161 
1669907513 1320 1475 545 1149 
1669907515 1336 1545 555 1167 
1669907517 1340 1572 571 1135 
1669907519 1305 1484 585 1058 
1669907521 1343 1434 485 1119 
1669907523 1306 1387 611 1135 
1669907525 1321 1451 530 942 
1669907527 1353 1584 537 1156 
1669907529 1334 1463 531 1135 
1669907531 1344 1538 599 1178 
1669907533 1385 1805 582 1110 
1669907535 1286 1257 575 1107 
1669907537 1297 1508 544 1173 
1669907539 1290 1299 573 1141 
1669907541 1374 2026 598 1206 
1669907543 1314 1595 545 1138 
1669907545 1306 1475 583 1118 
1669907547 1374 1562 494 1141 
1669907549 1332 1466 595 1172 
1669907551 1377 1649 559 1155 
1669907553 1354 1523 551 1156 
1669907555 1350 1580 574 1190 
1669907557 1307 1565 549 1143 
1669907559 1362 1490 560 1063 
1669907561 1326 1616 500 1090 
1669907563 1326 1503 575 1157 
1669907565 1361 1575 555 1149 
1669907567 1332 1564 590 1158 
1669907569 1331 1485 550 1183 
1669907571 1356 1534 417 1154 
1669907573 1349 1593 575 1135 
1669907575 1351 1584 566 1064 
1669907577 1227 1418 572 1028 
1669907579 1350 1493 581 1163 
1669907581 1326 1454 589 1178 
1669907583 1356 1662 569 1159 
1669907585 1348 1406 575 1175 
1669907587 1329 1648 595 1182 
1669907589 1232 1008 556 1095 
1669907591 1334 1482 607 1108 
1669907593 1356 1679 598 1207 
1669907595 1348 1694 487 1146 
1669907597 1343 1558 497 1168 
1669907599 1362 1632 556 1208 
1669907601 1358 1553 551 1146 
1669907603 1297 1545 473 1123 
1669907605 1344 1694 574 1083 
1669907607 1337 1651 550 1175 
1669907609 1357 1597 595 1167 
1669907611 1367 1577 581 1174 
1669907613 1366 1555 557 1068 
1669907615 1369 1515 552 1181 
1669907617 1338 1527 593 1174 
1669907619 1319 1505 577 1180 
1669907621 1325 1573 583 1179 
1669907623 1346 1582 578 1188 
1669907625 1347 1493 559 1161 
1669907627 1355 1576 560 1056 
1669907629 1324 1585 593 1138 
1669907631 1331 1545 577 1176 
1669907633 1351 1545 582 1149 
1669907635 1349 1526 587 1164 
1669907637 1341 1458 504 1046 
1669907639 1353 1552 598 1200 
1669907641 1357 1583 571 1165 
1669907643 1329 1560 493 1127 
1669907645 1341 1569 568 1091 
1669907647 1334 1444 476 1152 
1669907649 1348 1504 595 1189 
1669907651 1317 1547 562 1134 
1669907653 1327 1448 586 1070 
1669907655 1355 1526 579 1128 
1669907657 1356 1502 595 1171 
1669907659 1315 1540 484 1063 
1669907661 1334 1567 580 1160 
1669907663 1223 1456 552 1037 
1669907665 1345 1483 571 1160 
1669907667 1359 1566 608 1089 
1669907669 1349 1559 565 1057 
1669907671 1349 1376 554 1163 
1669907673 1322 1566 598 1187 
1669907675 1355 1466 587 1127 
1669907677 1359 1519 577 1158 
1669907679 1340 1542 574 1181 
1669907681 1358 1446 481 1152 
1669907683 1252 1506 554 1059 
1669907685 1352 1589 590 1181 
1669907687 1329 1546 591 1170 
1669907689 1227 1545 584 1167 
1669907691 1311 1570 480 1068 
1669907693 1352 1551 576 1188 
1669907695 1253 1527 576 1139 
1669907697 1352 1576 568 1166 
1669907699 1306 1569 494 1132 
1669907701 1346 1557 564 1195 
1669907703 1254 1559 591 1149 
1669907705 1357 1488 593 1174 
1669907707 1359 1593 568 1156 
1669907709 1363 1565 577 1185 
1669907711 1335 1398 564 1188 
1669907713 1363 1546 554 1154 
1669907715 1254 1572 508 1174 
1669907717 1310 1555 576 1174 
1669907719 1329 1565 590 1181 
1669907721 1335 1546 572 1160 
1669907723 1367 1549 581 1068 
1669907725 1339 1479 547 1145 
1669907727 1253 1450 498 1139 
1669907729 1327 1527 546 1065 
1669907731 1327 1483 570 1151 
1669907733 1342 1472 568 1182 
1669907735 1349 1529 587 1182 
1669907737 1357 1567 559 1148 
1669907739 1355 1504 596 1194 
1669907741 1329 1483 575 1157 
1669907743 1349 1559 553 1145 
1669907745 1346 1607 571 1153 
1669907747 1260 1499 547 1131 
1669907749 1318 1468 603 1144 
1669907751 1317 1581 580 1082 
1669907753 1351 1558 503 1174 
1669907755 1340 1542 580 1172 
1669907757 1353 1488 507 1175 
1669907759 1319 1548 509 1134 
1669907761 1318 1561 572 1168 
1669907763 1345 1457 592 1185 
1669907765 1318 1529 565 1123 
1669907767 1363 1473 561 1177 
1669907769 1362 1576 593 1142 
1669907771 1302 1501 568 1039 
1669907773 1325 1486 563 1150 
1669907775 1361 1467 573 1180 
1669907777 1327 1456 592 1152 
1669907779 1254 1443 572 1158 
1669907781 1254 1564 589 1160 
1669907783 1328 1479 565 1150 
1669907785 1326 1477 594 1176 
1669907787 1342 1708 614 1208 
1669907789 1364 1428 554 1189 
1669907791 1332 1462 585 1141 
1669907793 1347 1861 577 1117 
1669907795 1200 1210 539 1086 
1669907797 1309 1555 565 1153 
1669907799 1337 1626 505 1178 
1669907801 1346 1527 586 1193 
1669907803 1347 1567 586 1169 
1669907805 1348 1585 596 1175 
1669907807 1357 1493 573 1144 
1669907809 1347 1558 588 1076 
1669907811 1342 1585 584 1142 
1669907813 1364 1589 592 1080 
1669907815 1371 1488 589 1139 
1669907817 1322 1533 560 1158 
1669907819 1365 1582 613 1145 
1669907821 1337 1499 553 1180 
1669907823 1313 1524 564 1085 
1669907825 1348 1572 511 1148 
1669907827 1329 1531 558 1145 
1669907829 1358 1500 604 1078 
1669907831 1326 1514 567 1159 
1669907833 1322 1440 568 1161 
1669907835 1357 1462 508 1138 
1669907837 1346 1464 612 1166 
1669907839 1372 1551 565 1184 
1669907841 1347 1522 585 1126 
1669907843 1346 1535 576 1142 
1669907845 1316 1503 552 1044 
1669907847 1338 1491 575 1060 
1669907849 1350 1499 590 1083 
1669907851 1361 1552 580 1143 
1669907853 1367 1531 569 1147 
1669907855 1347 1548 590 1184 
1669907857 1364 1552 587 1162 
1669907859 1319 1450 584 1168 
1669907861 1360 1505 549 1136 
1669907863 1316 1557 506 1160 
1669907865 1357 1549 574 1194 
1669907867 1345 1584 506 1072 
1669907869 1353 1564 593 1174 
1669907871 1348 1535 587 1143 
1669907873 1327 1487 498 1178 
1669907875 1355 1571 585 1170 
1669907877 1362 1487 574 1147 
1669907879 1366 1561 581 1066 
1669907881 1262 1411 573 1146 
1669907883 1342 1454 590 1180 
1669907885 1343 1563 574 1184 
1669907887 1346 1491 583 1137 
1669907889 1371 1485 566 1150 
1669907891 1358 1447 570 1144 
1669907893 1337 1577 592 1189 
1669907895 1366 1568 548 1075 
1669907897 1355 1496 593 1149 
1669907899 1372 1463 593 1187 
1669907901 1358 1480 589 1178 
1669907903 1341 1566 566 1082 
1669907905 1342 1492 517 1163 
1669907907 1324 1542 593 1165 
1669907909 1342 1464 500 1143 
1669907911 1356 1402 588 1176 
1669907913 1342 1513 495 1163 
1669907915 1352 1519 559 1145 
1669907917 1356 1591 584 1141 
1669907919 1361 1583 594 1073 
1669907921 1370 1576 489 1158 
1669907923 1355 1485 590 1159 
1669907925 1359 1548 578 1177 
1669907927 1369 1583 590 1144 
1669907929 1357 1497 582 1075 
1669907931 1264 1574 503 1133 
1669907933 1367 1569 497 1180 
1669907935 1351 1568 596 1073 
1669907937 1355 1567 596 1186 
1669907939 1360 1483 555 1135 
1669907941 1337 1486 564 1143 
1669907943 1321 1560 580 1183 
1669907945 1340 1493 573 1168 
1669907947 1319 1569 567 1141 
1669907949 1345 1534 584 1151 
1669907951 1364 1555 566 1168 
1669907953 1369 1568 598 1161 
1669907955 1341 1440 581 1119 
1669907957 1332 1567 593 1160 
1669907959 1365 1491 568 1150 
1669907961 1359 1573 605 1123 
1669907963 1367 1495 562 1183 
1669907965 1316 1474 572 1150 
1669907967 1364 1645 584 1166 
1669907969 1374 1630 593 1170 
1669907971 1341 1549 547 1130 
1669907973 1376 1562 608 1184 
1669907975 1355 1517 595 1186 
1669907977 1331 1563 589 1177 
1669907979 1358 1614 588 1165 
1669907981 1338 1494 569 1063 
1669907983 1339 1598 503 1116 
1669907985 1264 1556 559 1124 
1669907987 1339 1460 561 1138 
1669907989 1375 1581 593 1164 
1669907991 1358 1542 592 1154 
1669907993 1334 1584 587 1141 
1669907995 1336 1505 591 1136 
1669907997 1337 1624 609 1194 
1669907999 1326 1547 565 1178 
1669908001 1333 1590 499 1131 
1669908003 1339 1408 563 1166 
1669908005 1345 1614 493 1186 
1669908007 1369 1438 598 1147 
1669908009 1361 1499 593 1168 
1669908011 1329 1518 505 1061 
1669908013 1349 1567 568 1159 
1669908015 1256 1537 573 1124 
1669908017 1343 1456 593 1166 
1669908019 1346 1732 580 1076 
1669908021 1189 1507 607 1164 
1669908023 1364 1485 578 1084 
1669908025 1331 1515 558 1181 
1669908027 1336 1634 493 1138 
1669908029 1304 1420 548 1123 
1669908031 1360 1602 516 1078 
1669908033 1330 1557 563 1124 
1669908035 1252 1511 560 1183 
1669908037 1338 1557 589 1145 
1669908039 1361 1548 496 1189 
1669908041 1261 1462 568 1162 
1669908043 1345 1457 500 1162 
1669908045 1359 1467 570 1081 
1669908047 1331 1548 503 1136 
1669908049 1325 1563 563 1066 
1669908051 1354 1488 592 1049 
1669908053 1362 1585 578 1189 
1669908055 1326 1562 563 1127 
1669908057 1350 1480 595 1134 
1669908059 1337 1585 586 1149 
1669908061 1367 1506 570 1182 
1669908063 1361 1545 581 1150 
1669908065 1333 1570 603 1160 
1669908067 1367 1555 547 1180 
1669908069 1351 1483 580 1073 
1669908071 1348 1571 571 1187 
1669908073 1356 1570 576 1090 
1669908075 1360 1475 603 1179 
1669908077 1370 1403 587 1133 
1669908079 1361 1479 577 1135 
1669908081 1368 1537 599 1193 
1669908083 637 1137 539 850 
1669908085 1915 2812 791 1508 
1669908087 404 416 539 2102 
1669908089 1872 2234 544 1212 
1669908091 516 722 522 937 
1669908093 1284 1451 723 1100 
1669908095 1387 1876 631 1112 
1669908097 1376 1782 548 1287 
1669908099 1572 1250 680 1372 
1669908101 1326 773 726 791 
1669908103 2166 526 544 1164 
1669908105 1294 2020 581 1030 
1669908107 1101 1543 589 1110 
1669908109 714 791 597 989 
1669908111 1627 1954 621 1250 
1669908113 1166 1687 582 1137 
1669908115 1235 1606 598 1142 
1669908117 1166 1463 584 1043 
1669908119 1211 1573 616 1181 
1669908121 1196 1464 593 1141 
1669908123 1228 1544 630 1196 
1669908125 1183 1505 596 1022 
1669908127 1083 1561 587 1135 
1669908129 1222 1401 600 1162 
1669908131 1194 1559 602 1166 
1669908133 1155 1531 565 1140 
1669908135 1286 1673 591 1133 
1669908137 1222 1389 589 1121 
1669908139 1227 1556 604 1173 
1669908141 1227 1462 584 1031 
1669908143 1163 1575 603 1178 
1669908145 1269 1545 602 1157 
1669908147 1253 1554 533 1172 
1669908149 1287 1585 632 1172 
1669908151 1266 1596 628 1054 
1669908153 1262 1589 610 1200 
1669908155 1291 1548 533 1147 
1669908157 1276 1590 634 1195 
1669908159 1298 1579 615 1191 
1669908161 1388 1599 631 1175 
1669908163 1001 1136 594 988 
1669908165 1471 1861 674 1202 
1669908167 1375 1642 648 1205 
1669908169 1358 1664 601 1179 
1669908171 1316 1437 619 1175 
1669908173 1360 1587 627 1144 
1669908175 1270 1625 604 1080 
1669908177 1354 1636 648 1103 
1669908179 1382 1602 604 1208 
1669908181 1361 1624 647 1203 
1669908183 1357 1451 629 1155 
1669908185 1370 1636 649 1214 
1669908187 1364 1547 620 1181 
1669908189 1373 1612 639 1161 
1669908191 1412 1656 632 1184 
1669908193 1404 1597 596 1197 
1669908195 1419 1641 621 1183 
1669908197 1376 1628 609 1147 
1669908199 1423 1638 628 1199 
1669908201 1374 1615 528 1182 
1669908203 1388 1631 635 1152 
1669908205 1352 1574 505 1150 
1669908207 1382 1544 576 1156 
1669908209 1378 1610 496 1147 
1669908211 1259 1558 422 1139 
1669908213 1322 1559 480 1024 
1669908215 1307 1378 487 1122 
1669908217 1286 1487 539 1116 
1669908219 1219 1507 534 925 
1669908221 1267 1426 549 1032 
1669908223 1228 1488 562 1116 
1669908225 1232 1455 579 1152 
1669908227 1259 1457 572 1170 
1669908229 1180 1377 581 1138 
1669908231 1235 1443 582 1055 
1669908233 1308 1416 604 1189 
1669908235 1300 1482 506 1059 
1669908237 1295 1488 594 1219 
1669908239 1319 1561 610 1108 
1669908241 1326 1549 622 1227 
1669908243 1363 1560 626 1080 
1669908245 1394 1552 608 1194 
1669908247 1412 1651 628 1078 
1669908249 1390 1574 547 1171 
1669908251 1366 1504 588 1189 
1669908253 1445 1576 618 1116 
1669908255 1417 1558 545 1154 
1669908257 1324 1556 622 1159 
1669908259 1329 1498 581 1117 
1669908261 1382 1449 543 1158 
1669908263 1206 1108 573 1084 
1669908265 1442 1562 587 1165 
1669908267 1301 1550 578 1113 
1669908269 1254 1519 554 1118 
1669908271 1272 1450 567 1127 
1669908273 1228 1533 528 1017 
1669908275 1231 1417 568 1166 
1669908277 1285 1529 596 1158 
1669908279 1270 1454 596 1162 
1669908281 1319 1557 605 1189 
1669908283 1331 1423 583 1192 
1669908285 1363 1602 457 1084 
1669908287 1368 1636 607 1179 
1669908289 1392 1624 639 1215 
1669908291 1407 1642 625 1189 
1669908293 1393 1554 635 1191 
1669908295 1400 1662 622 1226 
1669908297 1385 1656 615 1082 
1669908299 1423 1583 604 1204 
1669908301 1418 1654 640 1068 
1669908303 1395 1646 630 1214 
1669908305 1414 1624 612 1064 
1669908307 1422 1632 601 1155 
1669908309 1329 1613 616 1159 
1669908311 1371 1506 600 1159 
1669908313 1163 1078 615 1100 
1669908315 896 1000 592 1037 
1669908317 1261 1538 693 1043 
1669908319 769 1513 574 942 
1669908321 2086 2788 620 1291 
1669908323 1525 1846 602 1203 
1669908325 1433 1742 517 1132 
1669908327 1433 1646 595 1132 
1669908329 1434 1579 582 1082 
1669908331 1337 1635 622 1168 
1669908333 1353 1590 516 1154 
1669908335 1449 1628 644 1095 
1669908337 1442 1605 583 1172 
1669908339 1476 1706 618 1204 
1669908341 1453 1672 535 1123 
1669908343 1346 1494 572 1045 
1669908345 1456 1558 685 1177 
1669908347 1683 2250 541 1138 
1669908349 1447 1776 579 1115 
1669908351 1444 1668 599 1164 
1669908353 1380 1567 564 1152 
1669908355 1454 1668 583 1162 
1669908357 1420 1594 608 1062 
1669908359 1415 1623 577 1158 
1669908361 1392 1616 583 1131 
1669908363 1396 1604 606 1158 
1669908365 1378 1555 575 1109 
1669908367 1352 1403 461 1119 
1669908369 1244 1281 539 1100 
1669908371 1355 1574 563 1118 
1669908373 1215 1425 538 1032 
1669908375 1261 1384 494 1001 
1669908377 1491 1797 567 1205 
1669908379 1224 1355 583 1161 
1669908381 1290 1376 580 1074 
1669908383 1286 1409 560 1162 
1669908385 1332 1579 506 1162 
1669908387 1341 1607 584 1231 
1669908389 1330 1511 624 1218 
1669908391 1364 1475 603 1187 
1669908393 1395 1626 548 1187 
1669908395 1006 1150 576 1122 
1669908397 1274 1364 564 1197 
1669908399 1406 1623 599 1176 
1669908401 1436 1492 609 1178 
1669908403 1425 1502 600 1073 
1669908405 1377 1591 598 1149 
1669908407 1404 1645 610 1148 
1669908409 1396 1584 621 1170 
1669908411 1385 1590 618 1173 
1669908413 1387 1603 583 1130 
1669908415 1366 1659 568 1140 
1669908417 1558 1778 593 1205 
1669908419 1686 1933 587 1206 
1669908421 1240 1512 473 1122 
1669908423 1356 1537 531 1120 
1669908425 1304 1528 566 1033 
1669908427 1307 1471 536 1042 
1669908429 1253 1439 540 1122 
1669908431 1253 1487 529 1147 
1669908433 1257 1432 524 1051 
1669908435 1243 1435 570 1043 
1669908437 1265 1525 549 1171 
1669908439 1269 1481 562 1198 
1669908441 1270 1425 584 1185 
1669908443 1308 1572 586 1176 
1669908445 1349 1546 492 1185 
1669908447 1327 1589 599 1221 
1669908449 1367 1577 601 1199 
1669908451 1377 1601 521 1177 
1669908453 1364 1604 624 1234 
1669908455 1378 1442 603 1189 
1669908457 1399 1573 635 1194 
1669908459 1378 1661 604 1178 
1669908461 1372 1580 641 1186 
1669908463 1417 1646 634 1226 
1669908465 1414 1659 618 1223 
1669908467 1381 1622 616 1197 
1669908469 1427 1611 599 1223 
1669908471 1407 1645 543 1198 
1669908473 1404 1566 641 1221 
1669908475 1399 1640 604 1228 
1669908477 1405 1573 608 1241 
1669908479 1357 1501 601 1208 
1669908481 1396 1507 625 1198 
1669908483 1388 1614 641 1222 
1669908485 1012 1264 526 1046 
1669908487 1315 1475 532 1190 
1669908489 1335 1617 608 1233 
1669908491 1346 1574 609 1203 
1669908493 1353 1618 637 1187 
1669908495 1282 1582 615 1168 
1669908497 1411 1600 549 1207 
1669908499 1255 1445 618 1187 
1669908501 1499 1716 577 1178 
1669908503 1684 1885 667 1303 
1669908505 1418 1679 614 1210 
1669908507 1352 1538 607 1170 
1669908509 1398 1551 573 1172 
1669908511 1399 1502 580 1181 
1669908513 1383 1580 584 1157 
1669908515 1361 1463 475 1084 
1669908517 1315 1525 561 1106 
1669908519 1298 1532 451 1134 
1669908521 1270 1490 530 1042 
1669908523 1175 1400 529 1106 
1669908525 1239 1313 537 1144 
1669908527 1123 1384 550 1002 
1669908529 1341 1472 608 1104 
1669908531 1330 1442 570 1166 
1669908533 1357 1607 586 1115 
1669908535 1350 1555 542 1106 
1669908537 1400 1608 631 1200 
1669908539 1408 1553 614 1215 
1669908541 1086 1135 586 1124 
1669908543 616 533 547 712 
1669908545 2832 3293 609 1556 
1669908547 1587 1877 608 1203 
1669908549 1465 1618 573 1165 
1669908551 1426 1535 588 1147 
1669908553 1348 1558 561 1115 
1669908555 976 910 555 996 
1669908557 521 951 480 588 
1669908559 971 1656 557 976 
1669908561 1681 1995 572 1316 
1669908563 1421 1549 517 1154 
1669908565 1266 1354 569 1124 
1669908567 999 800 425 971 
1669908569 1037 1700 567 1021 
1669908571 1212 1676 567 1114 
1669908573 1237 1645 563 1120 
1669908575 1316 1741 572 1057 
1669908577 1756 2317 554 1326 
1669908579 1404 1565 549 1088 
1669908581 1639 1907 634 1230 
1669908583 1483 1686 604 1183 
1669908585 1347 1449 529 1159 
1669908587 1948 2269 587 1219 
1669908589 1435 1596 500 1215 
1669908591 1237 1436 495 1159 
1669908593 1347 1587 567 1154 
1669908595 1338 1634 569 1165 
1669908597 1303 1487 574 1157 
1669908599 1419 1546 559 1191 
1669908601 1388 1575 575 1193 
1669908603 1279 1498 585 1184 
1669908605 1372 1487 547 1161 
1669908607 1347 1563 549 1190 
1669908609 1377 1569 493 1189 
1669908611 1272 1539 577 1083 
1669908613 1369 1557 597 1175 
1669908615 1347 1456 585 1188 
1669908617 1364 1554 511 1188 
1669908619 1338 1593 498 1113 
1669908621 1365 1586 583 1214 
1669908623 1391 1579 611 1104 
1669908625 1414 1608 590 1199 
1669908627 1412 1522 629 1200 
1669908629 1485 1562 627 1223 
1669908631 1450 1559 538 1235 
1669908633 1463 1643 609 1179 
1669908635 1464 1544 599 1211 
1669908637 1487 1592 645 1210 
1669908639 1490 1648 538 1197 
1669908641 1484 1670 603 1195 
1669908643 1473 1648 624 1198 
1669908645 1458 1548 573 1212 
1669908647 1483 1553 601 1207 
1669908649 1437 1636 606 1117 
1669908651 1519 1661 585 1171 
1669908653 1458 1556 502 1152 
1669908655 1464 1539 582 1162 
1669908657 1436 1531 574 1154 
1669908659 1441 1599 565 1069 
1669908661 1446 1523 575 1182 
1669908663 1383 1595 561 1148 
1669908665 1413 1586 506 1172 
1669908667 1411 1578 484 1154 
1669908669 1415 1622 582 1075 
1669908671 1407 1502 502 1142 
1669908673 1371 1573 478 1064 
1669908675 1414 1564 591 1138 
1669908677 1410 1515 490 1140 
1669908679 1398 1518 592 1079 
1669908681 1400 1594 574 1174 
1669908683 1410 1601 593 1151 
1669908685 1392 1538 577 1052 
1669908687 1435 1513 565 1067 
1669908689 1420 1626 424 1072 
1669908691 1410 1625 574 1171 
1669908693 1446 1563 595 1081 
1669908695 1417 1628 584 1158 
1669908697 1448 1632 594 1164 
1669908699 1454 1466 612 1175 
1669908701 1452 1550 625 1208 
1669908703 1469 1611 594 1086 
1669908705 1424 1650 595 1208 
1669908707 1397 1580 627 1199 
1669908709 1437 1629 523 1204 
1669908711 1478 1687 595 1212 
1669908713 1434 1624 632 1181 
1669908715 1463 1663 604 1184 
1669908717 1457 1650 584 1211 
1669908719 1430 1673 609 1201 
1669908721 1451 1649 598 1101 
1669908723 1435 1569 581 1143 
1669908725 1444 1543 605 1187 
1669908727 1431 1573 578 1168 
1669908729 1389 1497 556 1180 
1669908731 1406 1576 568 1062 
1669908733 1375 1575 546 1131 
1669908735 1327 1558 547 1091 
1669908737 1344 1541 457 1121 
1669908739 1289 1418 536 1115 
1669908741 1264 1440 536 1039 
1669908743 1266 1480 474 1123 
1669908745 1289 1497 534 1164 
1669908747 1260 1416 499 1114 
1669908749 1256 1396 579 1173 
1669908751 1275 1423 585 1151 
1669908753 1314 1456 563 1156 
1669908755 1281 1516 605 1189 
1669908757 1313 1579 596 1081 
1669908759 1316 1574 605 1191 
1669908761 1372 1604 601 1212 
1669908763 1352 1620 641 1230 
1669908765 1363 1610 612 1239 
1669908767 1378 1552 598 1209 
1669908769 1417 1652 605 1222 
1669908771 1420 1670 631 1221 
1669908773 1436 1631 631 1217 
1669908775 1457 1640 553 1203 
1669908777 1467 1731 530 1202 
1669908779 1430 1565 599 1217 
1669908781 1474 1692 648 1237 
1669908783 1469 1662 603 1178 
1669908785 1447 1535 601 1085 
1669908787 1457 1544 604 1177 
1669908789 1414 1536 616 1094 
1669908791 1419 1604 614 1077 
1669908793 1422 1552 613 1159 
1669908795 1445 1626 615 1170 
1669908797 1406 1637 583 1163 
1669908799 1426 1617 600 1166 
1669908801 1394 1553 560 1086 
1669908803 1396 1597 577 1146 
1669908805 1386 1619 591 1164 
1669908807 1405 1501 583 1123 
1669908809 1376 1511 546 1158 
1669908811 1347 1555 539 1137 
1669908813 1349 1535 559 1133 
1669908815 1324 1471 542 1042 
1669908817 1348 1517 572 1152 
1669908819 1342 1522 476 928 
1669908821 1334 1339 558 1144 
1669908823 1264 1447 547 1122 
1669908825 1285 1483 459 1096 
1669908827 1289 1422 571 1142 
1669908829 1290 1391 544 1115 
1669908831 1285 1469 554 1030 
1669908833 1248 1387 577 1119 
1669908835 1263 1506 544 1156 
1669908837 1267 1528 571 1121 
1669908839 1286 1429 480 1168 
1669908841 1254 1508 586 1183 
1669908843 1263 1535 571 1174 
1669908845 1308 1498 578 1181 
1669908847 1294 1579 587 1195 
1669908849 1319 1490 507 1179 
1669908851 1370 1581 597 1207 
1669908853 1350 1569 641 1103 
1669908855 1406 1592 613 1107 
1669908857 1435 1617 602 1204 
1669908859 1429 1661 623 1206 
1669908861 1443 1573 510 1193 
1669908863 1422 1621 591 1147 
1669908865 1374 1488 574 1166 
1669908867 1395 1598 599 1038 
1669908869 1404 1585 577 1101 
1669908871 1345 1551 556 1043 
1669908873 1328 1542 553 1095 
1669908875 1253 1421 523 1121 
1669908877 1274 1530 586 1057 
1669908879 1302 1467 544 1170 
1669908881 1302 1479 581 1170 
1669908883 1290 1572 506 1188 
1669908885 1242 1584 599 1165 
1669908887 1338 1610 600 1219 
1669908889 1288 1600 630 1125 
1669908891 1407 1569 617 1216 
1669908893 1375 1572 639 1198 
1669908895 1409 1580 572 1184 
1669908897 1355 1543 512 1082 
1669908899 1399 1573 601 1139 
1669908901 1407 1619 591 1138 
1669908903 1400 1562 599 1127 
1669908905 1356 1529 579 1143 
1669908907 1351 1584 485 1121 
1669908909 1355 1545 552 1024 
1669908911 1299 1529 554 1022 
1669908913 1297 1444 550 1118 
1669908915 1287 1417 547 1114 
1669908917 1322 1556 582 1092 
1669908919 1241 1437 570 1185 
1669908921 1215 1345 572 1142 
1669908923 1290 1526 530 1201 
1669908925 1362 1621 607 1202 
1669908927 1330 1528 611 1220 
1669908929 1382 1620 453 1173 
1669908931 1439 1647 608 1207 
1669908933 1439 1607 609 1162 
1669908935 1455 1653 615 1149 
1669908937 1442 1653 514 1154 
1669908939 1412 1539 583 1172 
1669908941 1405 1503 608 1196 
1669908943 1464 1714 585 1170 
1669908945 1399 1497 586 1064 
1669908947 1379 1517 550 1157 
1669908949 1369 1569 480 1107 
1669908951 1397 1594 578 1118 
1669908953 1341 1541 573 1131 
1669908955 1345 1526 551 1125 
1669908957 1278 1447 529 1113 
1669908959 1223 1389 555 1126 
1669908961 1293 1489 548 1139 
1669908963 1290 1526 571 1112 
1669908965 1317 1569 556 1138 
1669908967 1261 1501 574 1175 
1669908969 1285 1509 574 1071 
1669908971 1260 1516 503 1178 
1669908973 1285 1567 492 1156 
1669908975 1349 1426 570 1198 
1669908977 1327 1497 603 1168 
1669908979 1344 1573 593 1208 
1669908981 1312 1591 618 1191 
1669908983 1376 1551 530 1226 
1669908985 1467 1650 550 1222 
1669908987 1200 1298 550 1161 
1669908989 1431 1630 665 1232 
1669908991 938 847 570 1083 
1669908993 1465 1696 611 1173 
1669908995 871 782 623 882 
1669908997 2034 2706 478 1057 
1669908999 1694 1998 613 1229 
1669909001 1577 1737 618 1132 
1669909003 1456 1583 575 1181 
1669909005 1411 1576 505 1147 
1669909007 1395 1572 568 1059 
1669909009 1445 1600 616 1178 
1669909011 1484 1674 591 1190 
1669909013 1470 1643 594 1189 
1669909015 1389 1606 548 1175 
1669909017 1372 1495 565 1045 
1669909019 1405 1510 509 1125 
1669909021 1415 1424 566 1150 
1669909023 1445 1484 681 1146 
1669909025 1308 1492 583 1122 
1669909027 1387 1572 498 1181 
1669909029 1414 1594 589 1130 
1669909031 1406 1587 597 1172 
1669909033 1375 1549 588 1153 
1669909035 1430 1547 605 1168 
1669909037 1412 1549 607 1166 
1669909039 1408 1641 603 1149 
1669909041 1341 1649 617 1198 
1669909043 1438 1636 613 1171 
1669909045 1400 1584 621 1162 
1669909047 1415 1624 607 1203 
1669909049 1355 1535 617 1224 
1669909051 1372 1573 587 1203 
1669909053 1347 1587 590 1115 
1669909055 1337 1575 571 1088 
1669909057 1288 1541 568 1152 
1669909059 1277 1544 588 1151 
1669909061 1260 1478 409 1123 
1669909063 1256 1538 532 1085 
1669909065 1252 1469 551 1138 
1669909067 1293 1484 489 1152 
1669909069 1258 1523 568 1144 
1669909071 1244 1480 559 1032 
1669909073 1240 1491 532 1119 
1669909075 1293 1331 547 1112 
1669909077 1268 1507 551 1146 
1669909079 1285 1458 571 1108 
1669909081 1303 1504 470 1039 
1669909083 1298 1539 541 1126 
1669909085 1310 1448 476 1000 
1669909087 1339 1541 531 1136 
1669909089 1296 1552 561 1124 
1669909091 1333 1531 524 1027 
1669909093 1376 1569 586 1114 
1669909095 1327 1497 550 1151 
1669909097 1349 1566 569 1124 
1669909099 1357 1580 479 1102 
1669909101 1388 1598 601 1147 
1669909103 1357 1512 603 1129 
1669909105 1301 1560 573 1143 
1669909107 1379 1566 570 1176 
1669909109 1383 1482 483 1141 
1669909111 1370 1607 592 1176 
1669909113 1307 1579 577 1124 
1669909115 1399 1598 495 1115 
1669909117 1313 1543 570 1137 
1669909119 1423 1539 591 1158 
1669909121 1412 1569 600 1178 
1669909123 1423 1499 599 1060 
1669909125 1423 1630 614 1164 
1669909127 1433 1589 601 1177 
1669909129 1435 1627 612 1196 
1669909131 1403 1628 615 1172 
1669909133 1417 1556 591 1166 
1669909135 1436 1554 623 1180 
1669909137 1412 1633 521 1077 
1669909139 1440 1574 605 1178 
1669909141 1450 1645 628 1212 
1669909143 1443 1548 449 1158 
1669909145 1413 1639 626 1176 
1669909147 1429 1647 624 1178 
1669909149 1438 1665 602 1101 
1669909151 1446 1662 639 1202 
1669909153 1419 1618 641 1171 
1669909155 1441 1574 634 1195 
1669909157 1437 1638 640 1228 
1669909159 1444 1560 579 1152 
1669909161 1412 1662 648 1217 
1669909163 1414 1557 621 1184 
1669909165 1436 1658 647 1096 
1669909167 1416 1555 622 1190 
1669909169 1388 1645 627 1088 
1669909171 1405 1645 628 1193 
1669909173 1411 1660 640 1186 
1669909175 1432 1573 538 1205 
1669909177 1423 1630 614 1193 
1669909179 1430 1635 593 1196 
1669909181 1420 1574 590 1180 
1669909183 1444 1656 619 1186 
1669909185 1417 1628 616 1219 
1669909187 1444 1555 526 1165 
1669909189 1444 1633 601 1186 
1669909191 1441 1610 628 1111 
1669909193 1411 1574 533 1137 
1669909195 1430 1617 611 1175 
1669909197 1424 1436 588 1152 
1669909199 1430 1565 589 1171 
1669909201 1421 1621 585 1154 
1669909203 1388 1606 601 1129 
1669909205 1395 1587 578 1156 
1669909207 1355 1523 548 1133 
1669909209 1345 1531 560 1112 
1669909211 1310 1516 527 1022 
1669909213 1332 1472 535 1113 
1669909215 1316 1497 530 1133 
1669909217 1262 1500 555 1102 
1669909219 1267 1467 546 1047 
1669909221 1262 1520 546 1022 
1669909223 1286 1509 572 1056 
1669909225 1266 1519 481 1160 
1669909227 1276 1473 583 1156 
1669909229 1278 1424 490 1185 
1669909231 1272 1514 583 1170 
1669909233 1319 1556 577 1178 
1669909235 1284 1583 596 1179 
1669909237 1321 1498 581 1198 
1669909239 1343 1588 522 1100 
1669909241 1313 1583 574 1214 
1669909243 1299 1526 528 1196 
1669909245 1253 1552 617 1203 
1669909247 1334 1593 612 1173 
1669909249 1374 1503 609 1202 
1669909251 1286 1520 608 1182 
1669909253 1343 1538 551 1096 
1669909255 1380 1650 648 1121 
1669909257 1395 1653 631 1205 
1669909259 1426 1575 528 1173 
1669909261 1419 1608 625 1171 
1669909263 1438 1526 529 1155 
1669909265 1434 1632 607 1169 
1669909267 1402 1631 506 1077 
1669909269 1394 1509 571 1137 
1669909271 1359 1587 558 1177 
1669909273 1367 1580 593 1106 
1669909275 1328 1432 520 1020 
1669909277 1300 1474 474 1134 
1669909279 1285 1481 517 1013 
1669909281 1296 1507 541 1153 
1669909283 1288 1452 459 1104 
1669909285 1282 1418 460 1038 
1669909287 1255 1504 570 958 
1669909289 1299 1492 561 1138 
1669909291 1235 1523 588 1082 
1669909293 1286 1538 605 1154 
1669909295 1334 1582 614 1199 
1669909297 1339 1587 583 1177 
1669909299 1250 1597 608 1112 
1669909301 1376 1588 604 1226 
1669909303 1388 1546 632 1218 
1669909305 1385 1620 641 1210 
1669909307 1431 1615 605 1189 
1669909309 1444 1615 523 1167 
1669909311 1434 1660 521 1196 
1669909313 1420 1592 528 1177 
1669909315 1431 1609 591 1179 
1669909317 1429 1606 528 1140 
1669909319 1387 1573 551 1148 
1669909321 1376 1576 599 1165 
1669909323 1390 1573 548 1051 
1669909325 1378 1573 566 1035 
1669909327 1371 1578 580 1129 
1669909329 1346 1440 551 1104 
1669909331 1333 1509 532 1113 
1669909333 1292 1438 518 1034 
1669909335 1290 1462 557 1128 
1669909337 1291 1514 572 1131 
1669909339 1252 1434 565 1145 
1669909341 1279 1500 549 1143 
1669909343 1277 1414 492 1156 
1669909345 1286 1457 576 1161 
1669909347 1295 1426 574 1069 
1669909349 1267 1513 582 1073 
1669909351 1310 1554 599 1183 
1669909353 1322 1488 611 1184 
1669909355 1298 1547 605 1090 
1669909357 1325 1514 522 1220 
1669909359 1331 1554 541 1166 
1669909361 1384 1607 597 1188 
1669909363 1277 1562 638 1216 
1669909365 1371 1536 604 1235 
1669909367 1418 1537 617 1208 
1669909369 1416 1525 618 1198 
1669909371 1430 1665 618 1187 
1669909373 1446 1558 642 1080 
1669909375 1403 1577 634 1199 
1669909377 1436 1576 624 1198 
1669909379 1434 1638 522 1142 
1669909381 1419 1513 572 1180 
1669909383 1399 1491 574 1057 
1669909385 1377 1482 563 1132 
1669909387 1344 1408 450 1096 
1669909389 1325 1423 535 1084 
1669909391 1310 1507 536 1129 
1669909393 1293 1489 543 1113 
1669909395 1299 1418 585 1143 
1669909397 1291 1450 586 1135 
1669909399 1264 1538 603 1135 
1669909401 1296 1379 570 1163 
1669909403 1229 1449 578 1182 
1669909405 1368 1558 623 1219 
1669909407 1269 1505 625 1220 
1669909409 1342 1642 586 1131 
1669909411 1402 1645 613 1180 
1669909413 1439 1623 625 1177 
1669909415 1426 1656 640 1107 
1669909417 1408 1559 613 1082 
1669909419 1413 1564 591 1175 
1669909421 1409 1637 517 1167 
1669909423 1437 1541 612 1148 
1669909425 1384 1601 595 1139 
1669909427 1412 1507 570 1172 
1669909429 1391 1513 568 1172 
1669909431 1391 1536 580 1129 
1669909433 1396 1506 590 1047 
1669909435 1362 1510 601 1115 
1669909437 1362 1408 578 1110 
1669909439 1353 1542 563 1132 
1669909441 1337 1546 469 1135 
1669909443 1362 1495 537 1107 
1669909445 1258 1545 536 1148 
1669909447 1319 1558 560 1135 
1669909449 1318 1555 559 1098 
1669909451 1360 1565 540 1038 
1669909453 1322 1543 572 1019 
1669909455 1330 1539 565 1142 
1669909457 1336 1466 557 1138 
1669909459 1339 1528 554 1017 
1669909461 1323 1541 544 1142 
1669909463 1354 1563 585 1109 
1669909465 1269 1575 547 1118 
1669909467 1372 1502 487 1030 
1669909469 1349 1583 563 1135 
1669909471 1406 1505 571 1158 
1669909473 1396 1421 548 1127 
1669909475 1371 1569 586 1048 
1669909477 1412 1593 571 1158 
1669909479 1386 1590 512 1158 
1669909481 1378 1499 582 1060 
1669909483 1408 1516 610 1084 
1669909485 1409 1548 490 1137 
1669909487 1408 1564 511 1172 
1669909489 1410 1630 621 1178 
1669909491 1389 1557 599 1134 
1669909493 1417 1629 505 1155 
1669909495 1426 1621 608 1140 
1669909497 1394 1601 588 1176 
1669909499 1389 1632 604 1195 
1669909501 1437 1556 593 1158 
1669909503 1391 1571 610 1095 
1669909505 1419 1577 593 1073 
1669909507 1420 1654 524 1202 
1669909509 1408 1616 627 1187 
1669909511 1409 1617 536 1202 
1669909513 1415 1585 604 1214 
1669909515 1378 1636 628 1184 
1669909517 1401 1603 603 1207 
1669909519 1372 1639 637 1212 
1669909521 1386 1608 610 1222 
1669909523 1379 1569 519 1173 
1669909525 1336 1528 601 1097 
1669909527 1311 1514 530 1217 
1669909529 1321 1483 602 1201 
1669909531 1319 1539 570 1207 
1669909533 1311 1542 581 1194 
1669909535 1284 1439 581 1184 
1669909537 1303 1449 584 1201 
1669909539 1263 1464 583 1145 
1669909541 1255 1519 480 1143 
1669909543 1277 1541 558 1132 
1669909545 1273 1454 561 1146 
1669909547 1237 1426 569 1155 
1669909549 1252 1525 569 1052 
1669909551 1280 1422 572 1061 
1669909553 1268 1474 543 1116 
1669909555 1267 1516 572 1164 
1669909557 1278 1490 548 1026 
1669909559 1157 1493 585 1141 
1669909561 1245 1419 574 1155 
1669909563 1189 1514 548 1163 
1669909565 1188 1415 554 1157 
1669909567 1298 1433 545 1142 
1669909569 1298 1529 563 1130 
1669909571 1300 1477 569 1169 
1669909573 1298 1461 503 1178 
1669909575 1270 1362 576 1139 
1669909577 1274 1486 599 1182 
1669909579 1290 1471 591 1183 
1669909581 1300 1453 573 1069 
1669909583 1299 1469 575 1173 
1669909585 1300 1477 554 1174 
1669909587 1267 1412 561 1151 
1669909589 1274 1540 498 1134 
1669909591 1293 1509 540 1170 
1669909593 1187 1446 585 1143 
1669909595 1251 1482 559 1145 
1669909597 1278 1523 581 1155 
1669909599 1285 1492 563 1124 
1669909601 1281 1487 519 1113 
1669909603 1303 1428 548 1108 
1669909605 1318 1437 520 1125 
1669909607 1323 1507 555 1103 
1669909609 1329 1554 556 1102 
1669909611 1264 1527 565 1104 
1669909613 1276 1454 554 1119 
1669909615 1400 1562 604 1135 
1669909617 1418 1559 572 1160 
1669909619 1437 1633 594 1191 
1669909621 1444 1549 620 1188 
1669909623 1401 1636 621 1150 
1669909625 1421 1542 603 1197 
1669909627 1447 1649 616 1110 
1669909629 1407 1624 523 1173 
1669909631 1420 1562 610 1206 
1669909633 1418 1566 515 1201 
1669909635 1370 1483 623 1199 
1669909637 1353 1567 604 1197 
1669909639 1342 1550 538 1225 
1669909641 1375 1503 524 1191 
1669909643 1319 1612 622 1226 
1669909645 1249 1580 520 1205 
1669909647 1324 1467 585 1188 
1669909649 1321 1580 590 1193 
1669909651 1221 1517 569 1149 
1669909653 1286 1540 510 1192 
1669909655 1210 1523 578 1084 
1669909657 1284 1453 556 1159 
1669909659 1297 1435 562 975 
1669909661 1297 1496 557 1151 
1669909663 1189 1420 553 1124 
1669909665 1252 1462 546 1161 
1669909667 1256 1503 528 1170 
1669909669 1259 1474 516 1119 
1669909671 1304 1503 523 1098 
1669909673 1212 1495 536 1103 
1669909675 1315 1540 472 1041 
1669909677 1351 1566 565 1129 
1669909679 1374 1559 546 1046 
1669909681 1369 1564 567 1115 
1669909683 1383 1522 590 1141 
1669909685 1438 1602 518 1048 
1669909687 1400 1624 623 1168 
1669909689 1416 1638 606 1178 
1669909691 1424 1545 618 1192 
1669909693 1417 1539 616 1164 
1669909695 1430 1624 600 1116 
1669909697 1423 1599 628 1091 
1669909699 1449 1623 625 1181 
1669909701 1443 1598 615 1202 
1669909703 1410 1601 604 1178 
1669909705 1403 1606 631 1165 
1669909707 1431 1611 621 1189 
1669909709 1413 1546 622 1086 
1669909711 1404 1631 590 1206 
1669909713 1442 1656 622 1065 
1669909715 1438 1636 633 1208 
1669909717 1424 1551 596 1197 
1669909719 1395 1596 525 1154 
1669909721 1421 1586 494 1148 
1669909723 1317 1604 610 1153 
1669909725 1365 1527 493 1163 
1669909727 1366 1489 586 1133 
1669909729 1343 1498 565 1131 
1669909731 1370 1557 538 1039 
1669909733 1337 1527 544 1106 
1669909735 1302 1489 561 1084 
1669909737 1339 1545 464 1117 
1669909739 1330 1356 576 1048 
1669909741 1277 1436 553 1095 
1669909743 1299 1408 470 1153 
1669909745 1306 1414 536 1159 
1669909747 1258 1501 557 1129 
1669909749 1263 1406 543 1131 
1669909751 1292 1415 558 1147 
1669909753 1272 1489 469 1126 
1669909755 1271 1448 576 1152 
1669909757 1321 1488 472 1131 
1669909759 1334 1539 459 1126 
1669909761 1345 1477 572 1036 
1669909763 1357 1544 569 1122 
1669909765 1345 1460 538 1013 
1669909767 1354 1573 571 1103 
1669909769 1396 1496 489 1125 
1669909771 1381 1513 597 1161 
1669909773 1380 1616 578 1171 
1669909775 1418 1596 517 1160 
1669909777 1401 1626 593 1166 
1669909779 1426 1640 609 1171 
1669909781 1424 1557 586 1201 
1669909783 1445 1549 623 1196 
1669909785 1432 1631 623 1152 
1669909787 1398 1466 618 1201 
1669909789 1414 1635 585 1082 
1669909791 1410 1534 622 1209 
1669909793 1404 1548 601 1191 
1669909795 1335 1612 636 1195 
1669909797 1333 1617 589 1208 
1669909799 1405 1479 615 1198 
1669909801 1413 1609 633 1231 
1669909803 1302 1576 516 1118 
1669909805 1389 1533 599 1218 
1669909807 1326 1648 642 1224 
1669909809 1058 1303 573 1052 
1669909811 592 646 613 1002 
1669909813 2752 2809 622 1414 
1669909815 3536 3478 1221 1761 
1669909817 1807 2281 537 1224 
1669909819 1630 1774 616 1123 
1669909821 1479 1598 548 1222 
1669909823 1459 1641 601 1176 
1669909825 1445 1649 617 1200 
1669909827 1418 1617 590 1199 
1669909829 1423 1629 612 1199 
1669909831 1447 1593 583 1187 
1669909833 1441 1561 576 1167 
1669909835 1415 1622 610 1189 
1669909837 1396 1444 579 1154 
1669909839 1399 1522 602 1169 
1669909841 1385 1474 580 1128 
1669909843 1344 1583 477 1097 
1669909845 1320 1561 557 1137 
1669909847 1328 1522 540 1123 
1669909849 1333 1503 533 1111 
1669909851 1298 1505 529 1115 
1669909853 1305 1417 557 1152 
1669909855 1272 1513 530 1043 
1669909857 1258 1416 561 1123 
1669909859 1259 1408 548 1125 
1669909861 1182 1341 532 1152 
1669909863 1243 1430 571 1125 
1669909865 1182 1410 534 1155 
1669909867 1270 1531 573 1166 
1669909869 1255 1460 466 1146 
1669909871 1297 1508 564 1155 
1669909873 1279 1428 548 1133 
1669909875 1278 1404 575 1130 
1669909877 1261 1481 537 1146 
1669909879 1271 1438 571 1161 
1669909881 1268 1480 577 1139 
1669909883 1182 1428 457 1144 
1669909885 1256 1500 486 1133 
1669909887 1258 1487 573 1126 
1669909889 1261 1513 528 1135 
1669909891 1268 1407 524 1149 
1669909893 1292 1456 538 1153 
1669909895 1290 1424 582 1060 
1669909897 1302 1349 561 1147 
1669909899 1301 1430 571 1147 
1669909901 1258 1522 579 1137 
1669909903 1186 1487 461 1138 
1669909905 1262 1437 554 1165 
1669909907 1269 1429 565 1123 
1669909909 1276 1452 564 1052 
1669909911 1294 1455 575 1123 
1669909913 1246 1460 488 1140 
1669909915 1255 1453 563 1126 
1669909917 1229 1507 532 1119 
1669909919 1259 1454 584 1065 
1669909921 1273 1485 553 1168 
1669909923 1262 1541 479 1120 
1669909925 1275 1468 586 1192 
1669909927 1256 1409 568 1172 
1669909929 1295 1516 597 1184 
1669909931 1309 1547 554 1178 
1669909933 1200 1547 551 1055 
1669909935 1274 1377 590 1146 
1669909937 1303 1540 580 1173 
1669909939 1288 1529 582 1193 
1669909941 1320 1532 571 1176 
1669909943 1287 1555 570 1209 
1669909945 1302 1589 574 1187 
1669909947 1334 1498 590 1178 
1669909949 1321 1594 592 1193 
1669909951 1373 1546 607 1178 
1669909953 1350 1535 623 1169 
1669909955 1388 1578 644 1092 
1669909957 1396 1662 631 1181 
1669909959 1394 1655 625 1179 
1669909961 1432 1537 617 1211 
1669909963 1444 1594 630 1188 
1669909965 1414 1643 627 1181 
1669909967 1439 1632 602 1184 
1669909969 1450 1665 611 1197 
1669909971 1458 1669 613 1218 
1669909973 1408 1538 611 1182 
1669909975 1436 1584 599 1216 
1669909977 1409 1588 599 1163 
1669909979 1400 1634 604 1208 
1669909981 1312 1549 621 1167 
1669909983 1414 1658 628 1212 
1669909985 1330 1658 606 1226 
1669909987 1429 1549 607 1204 
1669909989 1421 1650 641 1197 
1669909991 1396 1604 614 1190 
1669909993 1421 1616 641 1207 
1669909995 1390 1459 623 1202 
1669909997 1323 1621 615 1097 
1669909999 1322 1646 613 1207 
1669910001 1435 1579 643 1197 
1669910003 1435 1635 594 1118 
1669910005 1420 1657 616 1008 
1669910007 1443 1619 531 1195 
1669910009 1412 1636 638 1217 
1669910011 1410 1554 636 1219 
1669910013 1406 1535 611 1162 
1669910015 1437 1556 596 1221 
1669910017 1428 1542 510 1184 
1669910019 1405 1597 615 1193 
1669910021 1451 1566 623 1204 
1669910023 1450 1639 592 1188 
1669910025 1407 1578 596 1089 
1669910027 1424 1569 519 1128 
1669910029 1420 1502 513 1157 
1669910031 1411 1563 563 1119 
1669910033 1401 1592 547 1118 
1669910035 1390 1488 493 1140 
1669910037 1368 1561 578 1047 
1669910039 1318 1558 560 1152 
1669910041 1332 1511 560 1158 
1669910043 1289 1504 540 1128 
1669910045 1195 1461 554 1147 
1669910047 1289 1439 472 1113 
1669910049 1258 1446 581 1123 
1669910051 1284 1498 548 1120 
1669910053 1294 1539 570 1043 
1669910055 1264 1539 579 1149 
1669910057 1260 1517 553 1148 
1669910059 1179 1428 596 1181 
1669910061 1313 1484 597 1073 
1669910063 1341 1561 579 1164 
1669910065 1337 1592 521 1162 
1669910067 1333 1575 610 1190 
1669910069 1360 1568 513 1182 
1669910071 1337 1502 611 1201 
1669910073 1352 1618 599 1098 
1669910075 1299 1619 615 1187 
1669910077 1399 1543 522 1081 
1669910079 1412 1629 625 1206 
1669910081 1400 1559 630 1205 
1669910083 1448 1620 638 1227 
1669910085 1342 1556 615 1163 
1669910087 1411 1539 630 1173 
1669910089 1428 1637 591 1178 
1669910091 1400 1446 604 1090 
1669910093 1395 1553 582 1082 
1669910095 1395 1580 601 1179 
1669910097 1404 1625 599 1167 
1669910099 1317 1539 583 1162 
1669910101 1412 1536 605 1162 
1669910103 1410 1542 591 1136 
1669910105 1401 1580 571 1123 
1669910107 1402 1552 558 1069 
1669910109 1370 1591 575 1130 
1669910111 1400 1504 604 1061 
1669910113 1397 1526 607 1130 
1669910115 1362 1599 585 1125 
1669910117 1384 1521 550 1171 
1669910119 1340 1478 571 1156 
1669910121 1379 1514 555 1140 
1669910123 1341 1554 564 1046 
1669910125 1312 1540 517 1087 
1669910127 1321 1438 554 1126 
1669910129 1347 1467 530 931 
1669910131 1322 1468 538 1139 
1669910133 1333 1542 572 1121 
1669910135 1357 1536 587 1139 
1669910137 1350 1576 479 1145 
1669910139 1357 1517 570 1150 
1669910141 1349 1560 494 1055 
1669910143 1384 1534 590 1029 
1669910145 1372 1604 500 1031 
1669910147 1384 1573 494 1148 
1669910149 1409 1519 503 1139 
1669910151 1384 1506 598 1183 
1669910153 1410 1504 582 1066 
1669910155 1291 1601 567 1154 
1669910157 1391 1544 582 1170 
1669910159 1406 1483 589 1118 
1669910161 1431 1623 603 1157 
1669910163 1419 1618 601 1171 
1669910165 1404 1567 498 1166 
1669910167 1408 1599 556 1056 
1669910169 1368 1527 585 1055 
1669910171 1386 1509 579 1130 
1669910173 1350 1552 492 1036 
1669910175 1366 1573 541 1021 
1669910177 1355 1530 528 1106 
1669910179 1312 1436 481 1132 
1669910181 1319 1524 479 1142 
1669910183 1283 1524 563 1031 
1669910185 1272 1486 558 1150 
1669910187 1188 1390 523 1128 
1669910189 1275 1525 569 1113 
1669910191 1269 1450 583 1172 
1669910193 1264 1538 580 1144 
1669910195 1230 1453 578 1158 
1669910197 1284 1475 560 1156 
1669910199 1215 1515 589 1193 
1669910201 1226 1582 589 1154 
1669910203 1304 1533 587 1202 
1669910205 1341 1501 603 1187 
1669910207 1374 1597 602 1195 
1669910209 1382 1539 596 1128 
1669910211 1388 1587 629 1213 
1669910213 1391 1563 584 1215 
1669910215 1449 1582 615 1204 
1669910217 1435 1616 598 1191 
1669910219 1442 1548 529 1180 
1669910221 1423 1576 632 986 
1669910223 1426 1619 592 1184 
1669910225 1397 1537 569 1064 
1669910227 1358 1518 567 1122 
1669910229 1398 1409 580 1174 
1669910231 1382 1579 581 1121 
1669910233 1365 1562 476 1130 
1669910235 1331 1463 546 1144 
1669910237 1300 1530 462 1098 
1669910239 1315 1493 551 1141 
1669910241 1276 1498 542 1118 
1669910243 1270 1532 574 1141 
1669910245 1288 1521 570 1134 
1669910247 1288 1525 495 1128 
1669910249 1329 1558 593 1195 
1669910251 1251 1575 592 1189 
1669910253 1384 1636 528 1187 
1669910255 1387 1580 610 1121 
1669910257 1412 1642 508 1104 
1669910259 1404 1589 593 1162 
1669910261 1424 1632 614 1160 
1669910263 1426 1630 588 1051 
1669910265 1391 1567 558 1161 
1669910267 1383 1529 580 1154 
1669910269 1314 1474 553 1134 
1669910271 1314 1530 559 1098 
1669910273 1269 1517 562 1126 
1669910275 1279 1413 462 940 
1669910277 1293 1540 556 1149 
1669910279 1275 1529 575 1178 
1669910281 1315 1464 606 1192 
1669910283 1316 1591 592 1198 
1669910285 1366 1601 604 1190 
1669910287 1363 1596 598 1221 
1669910289 1393 1654 622 1224 
1669910291 1315 1555 585 1179 
1669910293 1419 1630 626 1209 
1669910295 1435 1642 611 1153 
1669910297 1407 1601 585 1157 
1669910299 1376 1590 547 1149 
1669910301 1345 1511 573 1102 
1669910303 1338 1563 549 1096 
1669910305 1288 1536 568 935 
1669910307 1286 1412 545 1130 
1669910309 1252 1407 560 1113 
1669910311 1279 1520 559 1183 
1669910313 1263 1482 499 1176 
1669910315 1308 1507 579 1081 
1669910317 1353 1573 588 1201 
1669910319 1376 1590 538 1203 
1669910321 1421 1546 599 1213 
1669910323 1427 1580 613 1208 
1669910325 1424 1610 598 1096 
1669910327 1387 1623 600 1153 
1669910329 1410 1437 587 1126 
1669910331 1360 1565 579 1127 
1669910333 1369 1451 531 1110 
1669910335 1334 1431 535 1125 
1669910337 1187 1512 552 1134 
1669910339 1177 1496 482 1136 
1669910341 1273 1457 562 1077 
1669910343 1272 1563 568 1094 
1669910345 1318 1602 585 1175 
1669910347 1339 1540 607 1192 
1669910349 1375 1635 623 1229 
1669910351 1429 1581 596 1215 
1669910353 1426 1524 507 1186 
1669910355 1376 1623 585 1168 
1669910357 1438 1566 616 1169 
1669910359 1416 1609 600 1178 
1669910361 1345 1523 572 1147 
1669910363 1316 1471 548 1105 
1669910365 1317 1510 474 1043 
1669910367 1266 1510 473 1102 
1669910369 1270 1523 535 1145 
1669910371 1251 1488 575 1151 
1669910373 1272 1347 558 1133 
1669910375 1290 1559 559 1073 
1669910377 1308 1599 501 1205 
1669910379 1379 1497 615 1214 
1669910381 1383 1601 594 1221 
1669910383 1426 1566 617 1209 
1669910385 1416 1558 623 1196 
1669910387 1452 1635 598 994 
1669910389 1447 1601 606 1144 
1669910391 1420 1627 600 1063 
1669910393 1392 1607 497 1148 
1669910395 1367 1549 483 1099 
1669910397 1376 1450 563 1117 
1669910399 1320 1464 568 1129 
