1669910403 1404 1575 609 1119 
1669910406 1258 1483 551 1142 
1669910408 1242 1414 469 1025 
1669910410 1292 1518 488 1163 
1669910412 1267 1528 564 1186 
1669910414 1302 1468 584 1153 
1669910416 1300 1569 560 1196 
1669910418 1330 1499 592 1107 
1669910420 1332 1599 564 1212 
1669910422 1360 1533 518 1118 
1669910424 1360 1568 629 1187 
1669910426 1340 1593 619 1169 
1669910428 1381 1555 624 1241 
1669910430 1365 1590 625 1206 
1669910432 1368 1635 609 1177 
1669910434 1352 1565 636 1211 
1669910436 1352 1619 537 1178 
1669910438 1347 1515 620 1211 
1669910440 1334 1474 598 1201 
1669910442 1351 1579 621 1201 
1669910444 1329 1508 589 1074 
1669910446 1299 1564 570 1192 
1669910448 1307 1509 583 1167 
1669910450 1254 1541 573 1140 
1669910452 1286 1439 539 1147 
1669910454 1304 1481 534 1119 
1669910456 1302 1509 524 1137 
1669910458 1325 1471 557 1090 
1669910460 1388 1612 577 1158 
1669910462 1364 1607 579 1140 
1669910464 1438 1533 597 1149 
1669910466 1457 1646 636 1107 
1669910468 1397 1590 608 1223 
1669910470 1376 1607 636 1207 
1669910472 1314 1599 614 1191 
1669910474 1287 1550 587 1178 
1669910476 1283 1439 573 1165 
1669910478 1266 1497 574 1123 
1669910480 1308 1427 557 1143 
1669910482 1355 1500 529 1113 
1669910484 1382 1570 544 1143 
1669910486 1432 1629 566 1189 
1669910488 1413 1593 582 1195 
1669910490 1412 1630 634 1225 
1669910492 1392 1636 633 1178 
1669910494 1345 1483 568 1197 
1669910496 1305 1512 417 1162 
1669910498 1275 1531 472 1123 
1669910500 1294 1521 559 1153 
1669910502 1301 1519 546 1110 
1669910504 1374 1543 564 1042 
1669910506 1354 1598 503 1145 
1669910508 1406 1444 586 1195 
1669910510 1426 1394 537 1078 
1669910512 1381 1579 590 1221 
1669910514 1357 1609 587 1169 
1669910516 1297 1396 600 1186 
1669910518 1297 1466 578 1146 
1669910520 1254 1522 538 1151 
1669910522 1274 1465 553 1144 
1669910524 1307 1463 533 1136 
1669910526 1406 1546 579 1151 
1669910528 1439 1541 602 1045 
1669910530 1419 1548 611 1195 
1669910532 1398 1650 635 1206 
1669910534 1360 1555 631 1187 
1669910536 1320 1521 612 1219 
1669910538 1314 1489 584 1171 
1669910540 1294 1372 567 1149 
1669910542 1244 1483 557 1139 
1669910544 1298 1515 467 1125 
1669910546 1365 1488 539 1098 
1669910548 1403 1556 489 1113 
1669910550 1395 1551 584 1184 
1669910552 1443 1577 627 1075 
1669910554 1400 1534 604 1203 
1669910556 1379 1635 586 1076 
1669910558 1372 1609 528 1217 
1669910560 1292 1506 519 1186 
1669910562 1265 1497 581 1154 
1669910564 1265 1412 551 1128 
1669910566 1270 1521 559 1115 
1669910568 1322 1488 539 1100 
1669910570 1326 1427 539 1087 
1669910572 1394 1548 550 1164 
1669910574 1386 1513 552 1169 
1669910576 1425 1645 598 1100 
1669910578 1416 1636 596 1176 
1669910580 1392 1631 616 1201 
1669910582 1371 1522 628 1209 
1669910584 1351 1601 520 1202 
1669910586 1322 1557 576 1164 
1669910588 1265 1510 569 1129 
1669910590 1274 1355 540 1134 
1669910592 1255 1331 532 1157 
1669910594 1316 1520 563 1123 
1669910596 1379 1578 475 1103 
1669910598 1413 1606 566 1074 
1669910600 1428 1516 595 1172 
1669910602 1431 1575 596 1168 
1669910604 1442 1626 623 1180 
1669910606 1404 1525 629 1218 
1669910608 1377 1548 545 1172 
1669910610 1360 1574 531 1206 
1669910612 1332 1586 516 1183 
1669910614 1210 1460 594 1179 
1669910616 1254 1530 578 1154 
1669910618 1248 1497 575 1041 
1669910620 1271 1344 552 1117 
1669910622 1288 1502 392 1125 
1669910624 1301 1517 535 1143 
1669910626 1313 1374 540 1129 
1669910628 1352 1553 561 1115 
1669910630 1403 1588 565 1114 
1669910632 1395 1619 570 1139 
1669910634 1421 1633 517 1178 
1669910636 1414 1627 526 1203 
1669910638 1331 1560 605 1162 
1669910640 1359 1618 622 1112 
1669910642 1374 1450 624 1227 
1669910644 1359 1571 605 1168 
1669910646 1292 1501 605 1198 
1669910648 1297 1518 497 1163 
1669910650 1288 1516 492 1141 
1669910652 1282 1417 565 1101 
1669910654 1289 1481 541 1134 
1669910656 1266 1462 568 943 
1669910658 1306 1440 569 1130 
1669910660 1296 1541 564 1148 
1669910662 1361 1555 557 1117 
1669910664 1368 1509 563 1129 
1669910666 1419 1523 580 1075 
1669910668 1397 1557 590 1166 
1669910670 1435 1601 620 1213 
1669910672 1440 1568 517 1195 
1669910674 1403 1653 531 1148 
1669910676 1371 1536 606 1201 
1669910678 1283 1586 536 1223 
1669910680 1337 1528 632 1226 
1669910682 1335 1518 609 1184 
1669910684 1295 1448 589 1203 
1669910686 1268 1442 567 1132 
1669910688 1283 1406 485 1142 
1669910690 1289 1515 574 1131 
1669910692 1254 1489 574 1157 
1669910694 1302 1366 538 1114 
1669910696 1299 1479 551 1134 
1669910698 1350 1548 546 1126 
1669910700 1362 1547 470 1098 
1669910702 1351 1544 575 1139 
1669910704 1406 1561 563 1106 
1669910706 1394 1475 547 1147 
1669910708 1431 1522 570 1183 
1669910710 1336 1601 618 1189 
1669910712 1433 1602 619 1142 
1669910714 1418 1614 612 1089 
1669910716 1415 1534 626 1192 
1669910718 1434 1640 547 1201 
1669910720 1407 1625 633 1200 
1669910722 1384 1541 610 1210 
1669910724 1355 1589 531 1211 
1669910726 1347 1598 515 1192 
1669910728 1340 1405 600 1189 
1669910730 1330 1454 593 1162 
1669910732 1286 1534 572 1200 
1669910734 1289 1547 576 1195 
1669910736 1287 1512 584 1188 
1669910738 1276 1477 588 1163 
1669910740 1295 1450 581 1152 
1669910742 1183 1479 568 1163 
1669910744 1289 1524 583 1163 
1669910746 1252 1488 569 1130 
1669910748 820 1027 429 968 
1669910750 846 833 685 985 
1669910752 1582 2036 553 1152 
1669910754 1254 1437 525 1137 
1669910756 1164 1316 540 1143 
1669910758 1122 1266 569 1112 
1669910760 1564 2062 748 1337 
1669910762 1170 1364 596 1107 
1669910764 1342 1603 555 1165 
1669910766 1241 1460 450 1086 
1669910768 1343 1589 559 1114 
1669910770 1148 1328 511 1065 
1669910772 1242 1381 529 1089 
1669910774 1208 1399 536 1018 
1669910776 1386 1594 544 1116 
1669910778 1529 1905 524 1142 
1669910780 1300 1476 560 1135 
1669910782 1340 1418 570 1115 
1669910784 1118 1267 560 999 
1669910786 1819 2110 568 1272 
1669910788 1408 1639 532 1036 
1669910790 1368 1473 563 1136 
1669910792 1330 1441 567 1106 
1669910794 1353 1475 577 1132 
1669910796 1424 1688 549 1139 
1669910798 1363 1559 563 1117 
1669910800 1369 1540 561 1105 
1669910802 1331 1532 538 1126 
1669910804 1312 1512 532 1009 
1669910806 1346 1447 572 1161 
1669910808 1345 1432 541 1135 
1669910810 1238 1349 527 1083 
1669910812 1277 1478 560 1042 
1669910814 1356 1584 388 1143 
1669910816 892 863 509 1000 
1669910818 1155 1270 516 887 
1669910820 540 547 557 765 
1669910822 2307 2806 686 1368 
1669910824 1531 1839 466 1058 
1669910826 1344 1566 534 1123 
1669910828 1329 1431 546 1029 
1669910830 1366 1528 585 1125 
1669910832 1505 1713 490 1038 
1669910834 1395 1524 581 1138 
1669910836 1321 1531 529 1096 
1669910838 1331 1456 505 1127 
1669910840 1419 1627 590 1165 
1669910842 1140 1185 562 1102 
1669910844 542 522 437 858 
1669910846 2289 2847 789 1437 
1669910848 2380 2975 612 1378 
1669910850 1494 1714 584 1145 
1669910852 1458 1635 628 1186 
1669910854 1110 1182 624 1112 
1669910856 754 606 620 838 
1669910858 3561 3506 1266 2045 
1669910860 2278 2770 560 1369 
1669910862 1485 1755 620 1112 
1669910864 1388 1502 636 1227 
1669910866 1033 1080 619 1139 
1669910868 574 444 606 734 
1669910870 2169 2208 544 1266 
1669910872 2147 2650 610 1325 
1669910874 1413 1634 603 1159 
1669910876 1035 1052 586 1132 
1669910878 572 608 493 933 
1669910880 927 900 476 986 
1669910882 1332 1151 471 1012 
1669910884 1079 1224 536 1109 
1669910886 565 396 544 577 
1669910888 416 2748 513 693 
1669910890 3664 1513 1009 2451 
1669910892 1426 3307 932 955 
1669910894 857 477 487 1055 
1669910896 1998 2118 610 1658 
1669910898 1717 1732 1196 1253 
1669910900 568 3578 361 542 
1669910902 1149 1359 482 1117 
1669910904 2354 356 1378 2340 
1669910906 976 1713 420 570 
1669910908 731 3313 414 685 
1669910910 2428 2810 443 919 
1669910912 959 2733 669 1549 
1669910914 1657 1171 963 1346 
1669910916 3148 3576 788 560 
1669910918 764 2329 457 1188 
1669910920 1050 200 891 554 
1669910922 743 1183 581 1394 
1669910924 1471 988 526 1802 
1669910926 560 601 537 743 
1669910928 1364 695 1076 1472 
1669910930 740 1066 813 539 
1669910932 1074 2689 648 1171 
1669910934 1598 2435 657 1129 
1669910936 1786 464 622 920 
1669910938 2648 1011 602 539 
1669910940 1343 531 556 759 
1669910942 2071 1919 734 650 
1669910944 1709 3324 558 837 
1669910946 1503 1944 593 908 
1669910948 1416 1419 546 1070 
1669910950 1401 1453 585 1101 
1669910952 1420 1517 595 1082 
1669910954 1360 1548 588 1126 
1669910956 1414 1523 556 1005 
1669910958 1393 1531 570 1125 
1669910960 1372 1562 509 1105 
1669910962 1418 1555 585 1108 
1669910964 1388 1476 601 1077 
1669910966 1400 1463 574 1108 
1669910968 1393 1488 602 1131 
1669910970 1367 1576 477 1070 
1669910972 1345 1477 563 1123 
1669910974 994 2021 547 1635 
1669910976 620 575 557 646 
1669910978 1575 1663 471 1205 
1669910980 1600 1263 565 1193 
1669910982 1458 1043 490 1163 
1669910984 1638 1312 593 1170 
1669910986 1389 1670 572 1136 
1669910988 2204 391 564 1179 
1669910990 1296 2128 543 1116 
1669910992 868 593 506 1449 
1669910994 1658 1617 936 1340 
1669910996 1362 1375 581 1265 
1669910998 1577 1509 580 1213 
1669911000 1433 1444 598 1100 
1669911002 832 690 554 1049 
1669911004 1984 582 863 1591 
1669911006 1437 1505 584 1134 
1669911008 1271 1506 493 1158 
1669911010 1321 1437 486 1160 
1669911012 1306 1467 570 1128 
1669911014 1286 1510 562 1148 
1669911016 1295 1585 582 1068 
1669911018 1281 1650 557 1147 
1669911020 1285 1571 573 1144 
1669911022 1200 1596 570 1125 
1669911024 1294 1410 493 1148 
1669911026 1290 1603 578 1114 
1669911028 1283 1521 568 1107 
1669911030 1268 1649 521 1050 
1669911032 1292 1485 554 1131 
1669911034 1290 1488 578 1120 
1669911036 1275 1556 484 1111 
1669911038 1279 1483 539 1149 
1669911040 1272 1490 556 1111 
1669911042 1294 1486 557 1033 
1669911044 1270 1582 581 1125 
1669911046 1315 1592 560 1146 
1669911048 1205 1594 567 1094 
1669911050 1306 1624 575 1144 
1669911052 1286 1590 583 1134 
1669911054 1284 1626 597 1139 
1669911056 1282 1512 538 1150 
1669911058 1296 1591 559 1135 
1669911060 1288 1570 590 1101 
1669911062 1320 1618 573 1133 
1669911064 1285 1595 567 1086 
1669911066 1299 1527 485 1139 
1669911068 1286 1490 588 1137 
1669911070 1307 1481 546 1150 
1669911072 1301 1477 550 1146 
1669911074 1322 1506 411 1081 
1669911076 1316 1613 552 1142 
1669911078 1282 1598 586 1047 
1669911080 1330 1626 468 1115 
1669911082 1320 1616 560 1022 
1669911084 1322 1673 567 1042 
1669911086 1329 1615 565 1095 
1669911088 1225 1533 537 1097 
1669911090 1289 1480 499 1133 
1669911092 1297 1551 568 1106 
1669911094 1305 1550 581 1128 
1669911096 1327 1472 496 1103 
1669911098 1287 1601 550 1121 
1669911100 1322 1586 553 1105 
1669911102 1346 1575 567 1114 
1669911104 1299 1482 480 1111 
1669911106 1319 1597 555 1128 
1669911108 1263 1646 480 1028 
1669911110 1303 1579 491 1134 
1669911112 1323 1617 578 1113 
1669911114 1297 1470 483 1130 
1669911116 1309 1514 584 1112 
1669911118 1272 1504 541 1126 
1669911120 1315 1590 494 1051 
1669911122 1288 1502 549 1103 
1669911124 1296 1507 570 1140 
1669911126 1312 1600 502 1146 
1669911128 1322 1419 548 1135 
1669911130 1318 3357 1017 1198 
1669911132 1339 1480 588 1045 
1669911134 1211 1575 560 1042 
1669911136 1301 1589 554 1122 
1669911138 1262 1616 585 1134 
1669911140 1296 1566 559 1123 
1669911142 1299 1516 493 1121 
1669911144 1257 1571 567 1126 
1669911146 1298 1408 570 1034 
1669911148 1290 1562 475 1004 
1669911150 1319 1505 564 1121 
1669911152 1317 1581 560 1034 
1669911154 1324 1603 579 1141 
1669911156 1310 1501 566 1142 
1669911158 1226 1469 529 1107 
1669911160 1292 1618 495 1102 
1669911162 1336 1507 561 1131 
1669911164 1235 1579 573 1081 
1669911166 1321 1609 542 1112 
1669911168 1275 1461 564 1136 
1669911170 1296 1591 567 1097 
1669911172 1330 1623 574 1112 
1669911174 1111 1773 443 1099 
1669911176 1438 2422 543 1092 
1669911178 1297 1742 569 1131 
1669911180 1316 1486 538 1146 
1669911182 1282 1473 565 1126 
1669911184 1315 1560 584 1142 
1669911186 1293 1480 567 1135 
1669911188 1315 1585 542 1013 
1669911190 1315 1464 560 1161 
1669911192 1331 1572 565 1095 
1669911194 1316 1603 583 1155 
1669911196 1312 1586 492 1042 
1669911198 1344 1576 590 1036 
1669911200 1333 1581 537 1091 
1669911202 1340 1488 557 1124 
1669911204 1336 1423 547 1125 
1669911206 1343 1895 550 1051 
1669911208 1291 1478 582 1129 
1669911210 1288 1380 470 1136 
1669911212 1322 1538 567 1109 
1669911214 1320 1501 573 1114 
1669911216 1332 1476 483 1110 
1669911218 1310 1553 580 1115 
1669911220 1334 1489 550 1125 
1669911222 1340 1571 557 1105 
1669911224 1331 1571 581 1031 
1669911226 1306 1546 580 1137 
1669911228 1335 1595 548 1146 
1669911230 1319 1465 580 1119 
1669911232 1341 1503 566 1061 
1669911234 1355 1445 569 1139 
1669911236 1356 1480 495 1124 
1669911238 1351 1594 597 1105 
1669911240 1341 1480 497 1118 
1669911242 1287 1538 589 1128 
1669911244 1358 1566 572 1152 
1669911246 1316 1555 551 1120 
1669911248 1341 1596 566 951 
1669911250 1323 1544 582 1114 
1669911252 1330 1505 569 1127 
1669911254 1352 1707 593 1163 
1669911256 2333 2966 678 1528 
1669911258 1419 1228 481 1151 
1669911260 1378 1255 567 1170 
1669911262 1301 1458 473 1129 
1669911264 1332 1513 550 1165 
1669911266 1289 1493 484 1122 
1669911268 1312 1563 576 1060 
1669911270 1302 1519 566 1058 
1669911272 1274 1359 563 1146 
1669911274 1174 1368 558 1129 
1669911276 1265 1622 554 1168 
1669911278 1204 1564 548 1043 
1669911280 1289 1538 557 1129 
1669911282 1285 1583 478 1152 
1669911284 1315 1468 495 1120 
1669911286 1285 1537 478 1129 
1669911288 1293 1587 588 1170 
1669911290 1223 1450 557 1111 
1669911292 1330 1485 566 1153 
1669911294 1303 1547 486 1151 
1669911296 1328 1474 543 1152 
1669911298 1321 1590 557 1151 
1669911300 1336 1497 574 1134 
1669911302 1325 1494 571 1129 
1669911304 1344 1514 593 1149 
1669911306 1337 1564 562 1121 
1669911308 1338 1618 559 1134 
1669911310 1322 1593 544 1066 
1669911312 1224 1592 474 1146 
1669911314 1350 1496 592 1035 
1669911316 1352 1506 563 1096 
1669911318 1348 1540 573 1126 
1669911320 1485 2646 639 1109 
1669911322 1610 2456 713 1187 
1669911324 1685 3144 800 1343 
1669911326 2260 2752 765 1457 
1669911328 1287 1462 595 1058 
1669911330 1335 994 569 1153 
1669911332 1360 1713 482 1086 
1669911334 1516 1488 608 1133 
1669911336 1402 1319 532 987 
1669911338 1433 1802 606 1162 
1669911340 1443 1678 584 1170 
1669911342 1307 1275 597 1116 
1669911344 1411 1669 476 1090 
1669911346 1234 1416 570 1166 
1669911348 1407 1738 562 1018 
1669911350 1426 1625 552 991 
1669911352 1339 1899 576 1102 
1669911354 1369 1713 495 1073 
1669911356 1465 1659 554 1097 
1669911358 1341 1379 488 1095 
1669911360 1313 1476 545 1137 
1669911362 1351 1437 484 1132 
1669911364 1355 1562 587 1039 
1669911366 1361 1479 572 1152 
1669911368 1338 1563 551 1109 
1669911370 1328 1303 586 1056 
1669911372 1295 1597 554 1130 
1669911374 1371 1489 541 1106 
1669911376 1332 1414 552 1114 
1669911378 1297 1469 545 1086 
1669911380 1200 1406 584 1022 
1669911382 1356 1497 571 1138 
1669911384 1316 1529 540 1139 
1669911386 1267 1327 567 1103 
1669911388 1362 1578 572 1046 
1669911390 1307 1444 558 1147 
1669911392 1302 1586 565 1111 
1669911394 1296 1578 565 1092 
1669911396 1365 1657 572 1033 
1669911398 1347 1652 589 1124 
1669911400 1354 1640 579 1035 
1669911402 1312 1471 575 1122 
1669911404 1355 1568 536 1147 
1669911406 1314 1627 570 1166 
1669911408 1313 1574 577 1124 
1669911410 1346 1497 550 1040 
1669911412 1371 1615 554 1157 
1669911414 1368 1660 586 1171 
1669911416 1312 1518 590 1043 
1669911418 1357 1560 593 1042 
1669911420 1333 1410 580 1124 
1669911422 1370 1651 543 1093 
1669911424 1308 1427 579 1143 
1669911426 1364 1655 567 1142 
1669911428 1277 1471 556 1084 
1669911430 1237 1493 579 1163 
1669911432 1331 1404 577 1149 
1669911434 1289 1591 558 1050 
1669911436 1358 1487 578 1176 
1669911438 1379 1464 557 1143 
1669911440 1315 1589 567 1134 
1669911442 1298 1420 497 1104 
1669911444 1304 1568 562 1103 
1669911446 1331 1435 577 1147 
1669911448 1353 1590 496 1159 
1669911450 1301 1593 580 1143 
1669911452 1364 1522 585 1132 
1669911454 1292 1522 529 1127 
1669911456 1317 1543 558 1120 
1669911458 1256 1540 554 1124 
1669911460 1317 1594 499 1146 
1669911462 1333 1512 590 1119 
1669911464 1328 1412 558 1144 
1669911466 1328 1576 551 1132 
1669911468 1325 1414 582 1151 
1669911470 1326 1469 577 1106 
1669911472 1334 1609 560 1139 
1669911474 1377 1502 573 1178 
1669911476 1291 1621 572 1099 
1669911478 1351 1474 565 1132 
1669911480 1332 1484 594 1134 
1669911482 1316 1892 554 1090 
1669911484 1302 1663 545 1110 
1669911486 1339 1503 544 1150 
1669911488 1330 1772 472 999 
1669911490 1369 1609 602 1136 
1669911492 1213 1333 555 1141 
1669911494 1376 1451 566 1158 
1669911496 1317 1412 499 1152 
1669911498 1330 1572 575 1114 
1669911500 1376 1466 482 1140 
1669911502 1329 1527 477 1096 
1669911504 1336 1409 550 1015 
1669911506 1333 1500 583 1107 
1669911508 1353 1679 572 1114 
1669911510 1600 1500 620 1261 
1669911512 1307 1470 536 1115 
1669911514 1310 1744 566 1103 
1669911516 1376 1577 571 1147 
1669911518 1288 1606 573 1058 
1669911520 1335 1597 483 1090 
1669911522 1345 1470 581 1178 
1669911524 1296 1615 547 1133 
1669911526 1328 1381 548 1181 
1669911528 1362 1458 593 1141 
1669911530 1354 1351 572 1192 
1669911532 1345 1594 571 1112 
1669911534 1459 1581 638 1178 
1669911536 1329 1395 589 1161 
1669911538 1305 1568 567 1125 
1669911540 1436 1579 567 1128 
1669911542 1226 1292 579 1144 
1669911544 1444 1947 631 1226 
1669911546 1198 1418 579 1108 
1669911548 1223 1489 548 1144 
1669911550 1289 1532 568 1042 
1669911552 1260 1425 603 1146 
1669911554 1325 1553 558 1059 
1669911556 1302 1545 541 1090 
1669911558 1244 1397 584 1019 
1669911560 1266 1416 461 1099 
1669911562 1234 1578 503 1089 
1669911564 1211 1521 436 945 
1669911566 1304 1491 482 1025 
1669911568 1314 1434 569 1147 
1669911570 1363 1624 552 1141 
1669911572 1257 1485 557 1104 
1669911574 1289 1499 490 1005 
1669911576 1258 1412 567 1106 
1669911578 1243 1406 503 1115 
1669911580 1275 1567 480 1047 
1669911582 1267 1539 556 1152 
1669911584 1214 1574 548 1142 
1669911586 1259 1489 573 1154 
1669911588 1262 1551 550 1115 
1669911590 1296 1474 485 1119 
1669911592 1290 1570 568 1108 
1669911594 1260 1393 551 1075 
1669911596 1306 1564 568 1136 
1669911598 1291 1607 545 1132 
1669911600 1268 1317 465 1119 
1669911602 1293 1556 592 1151 
1669911604 1326 1909 594 1130 
1669911606 1362 1515 546 1148 
1669911608 1308 1368 574 1144 
1669911610 1314 1518 559 1107 
1669911612 1289 1328 564 1044 
1669911614 1293 1578 560 1013 
1669911616 1332 1552 586 1045 
1669911618 1291 1311 545 1105 
1669911620 1302 1540 587 1110 
1669911622 1333 1691 534 1136 
1669911624 1222 1485 561 1141 
1669911626 1187 1426 455 1090 
1669911628 1351 1636 583 1161 
1669911630 1315 1393 574 959 
1669911632 1299 1489 561 1120 
1669911634 1307 1584 563 1113 
1669911636 1311 1554 592 1115 
1669911638 1299 1445 572 1135 
1669911640 1302 1559 552 1157 
1669911642 1318 1470 566 1162 
1669911644 1294 1559 589 1104 
1669911646 1324 1609 572 1036 
1669911648 1350 1481 577 1135 
1669911650 1351 1631 583 1148 
1669911652 1531 1875 613 1209 
1669911654 1349 1452 545 1101 
1669911656 1316 1501 578 1040 
1669911658 1374 1500 573 1153 
1669911660 1346 1520 573 1134 
1669911662 1326 1432 592 1133 
1669911664 1306 1509 560 1142 
1669911666 1333 1542 501 1141 
1669911668 1301 1455 550 1156 
1669911670 1325 1521 559 1125 
1669911672 1316 1568 587 1109 
1669911674 1333 1567 558 1164 
1669911676 1337 1620 499 1126 
1669911678 1339 1444 577 1125 
1669911680 1337 1466 484 1133 
1669911682 1305 1573 537 1138 
1669911684 1341 1536 556 1054 
1669911686 1316 1484 496 1140 
1669911688 1352 1580 496 1129 
1669911690 1350 1488 512 1034 
1669911692 1321 1403 548 1157 
1669911694 1306 1489 547 1118 
1669911696 1324 1559 543 1143 
1669911698 1325 1588 563 1152 
1669911700 1350 1596 595 1149 
1669911702 1321 1567 581 1139 
1669911704 1357 1588 563 1126 
1669911706 1340 1505 541 1112 
1669911708 1319 1574 582 1147 
1669911710 1247 1546 549 1141 
1669911712 1307 1590 541 1161 
1669911714 1243 1485 558 1166 
1669911716 1310 1504 535 1032 
1669911718 1312 1598 558 1170 
1669911720 1309 1553 573 1128 
1669911722 1320 1401 478 1153 
1669911724 1338 1566 582 1063 
1669911726 1307 1587 573 1171 
1669911728 1331 1609 550 1119 
1669911730 1325 1471 541 1160 
1669911732 1317 1491 552 1138 
1669911734 1310 1413 565 1158 
1669911736 1312 1570 582 1169 
1669911738 1347 1477 548 1056 
1669911740 1300 1483 536 1159 
1669911742 1314 1529 571 1119 
1669911744 1344 1387 548 1127 
1669911746 1346 1455 572 1140 
1669911748 1309 1557 563 1160 
1669911750 1340 1590 589 1154 
1669911752 1290 1472 544 1125 
1669911754 1320 1480 572 1158 
1669911756 1343 1491 575 1147 
1669911758 1338 1494 485 1134 
1669911760 1323 1571 581 1146 
1669911762 1356 1492 545 1159 
1669911764 1319 1591 541 1141 
1669911766 1308 1462 576 1160 
1669911768 1305 1540 555 1147 
1669911770 1349 1488 574 1134 
1669911772 1321 1553 564 1126 
1669911774 1318 1559 559 1115 
1669911776 1341 1575 565 1161 
1669911778 1347 1564 551 1144 
1669911780 1345 1447 571 1140 
1669911782 1333 1489 554 1137 
1669911784 1356 1587 476 1021 
1669911786 1336 1482 582 1179 
1669911788 1334 1488 543 1115 
1669911790 1356 1555 541 1121 
1669911792 1347 1451 560 1075 
1669911794 1348 1593 544 1127 
1669911796 1335 1493 486 1155 
1669911798 1350 1591 487 1142 
1669911800 1363 1509 585 1161 
1669911802 1358 1556 569 1171 
1669911804 1354 1546 495 1153 
1669911806 1311 1571 540 1029 
1669911808 1313 1566 582 1173 
1669911810 1321 1479 553 1137 
1669911812 1329 1477 576 1158 
1669911814 1318 1555 567 1141 
1669911816 1347 1502 495 1141 
1669911818 1334 1567 575 1132 
1669911820 1321 1561 567 1162 
1669911822 1251 1451 471 1038 
1669911824 1323 1552 571 1128 
1669911826 1338 1487 571 1154 
1669911828 1342 1571 573 1110 
1669911830 1314 1571 549 1152 
1669911832 1350 1562 562 1040 
1669911834 1367 1558 496 1153 
1669911836 1354 1481 575 1052 
1669911838 1351 1462 565 1149 
1669911840 1332 1580 491 1148 
1669911842 1331 1547 568 1133 
1669911844 1357 1459 563 1132 
1669911846 1350 1575 575 1160 
1669911848 1356 1649 553 1155 
1669911850 1325 1506 545 1157 
1669911852 1343 1586 587 1120 
1669911854 1365 1484 592 1070 
1669911856 1330 1598 558 1069 
1669911858 1346 1566 501 1142 
1669911860 1329 1456 582 1128 
1669911862 1329 1564 499 1141 
1669911864 1313 1476 545 1147 
1669911866 1313 1437 565 1133 
1669911868 1344 1573 549 1130 
1669911870 1350 1461 546 1061 
1669911872 1325 1587 575 1145 
1669911874 1350 1537 533 1117 
1669911876 1350 1559 563 1125 
1669911878 1322 1483 564 1064 
1669911880 1348 1562 594 1171 
1669911882 1343 1573 550 1140 
1669911884 1340 1589 561 1120 
1669911886 1331 1587 535 1148 
1669911888 1299 1567 551 1160 
1669911890 1311 1584 590 1131 
1669911892 1355 1497 559 1048 
1669911894 1326 1501 576 1144 
1669911896 1328 1383 478 1053 
1669911898 1319 1538 549 1136 
1669911900 1320 1574 570 1143 
1669911902 1347 1476 574 1063 
1669911904 1358 1578 597 1158 
1669911906 1349 1586 574 1128 
1669911908 1355 1483 578 1153 
1669911910 1327 1588 558 1146 
1669911912 1348 1578 557 1127 
1669911914 1254 1547 560 1120 
1669911916 1335 1585 548 1165 
1669911918 1357 1465 574 1142 
1669911920 1340 1467 554 1050 
1669911922 1355 1581 574 1135 
1669911924 1346 1456 551 1141 
1669911926 1359 1561 572 1131 
1669911928 1344 1475 482 1156 
1669911930 1312 1425 572 1057 
1669911932 1314 1487 548 1151 
1669911934 1319 1534 557 1126 
1669911936 1355 1569 572 1140 
1669911938 1317 1574 487 1127 
1669911940 1327 1577 571 1161 
1669911942 1321 1588 573 1171 
1669911944 1314 1606 558 1159 
1669911946 1346 1487 573 1132 
1669911948 1350 1512 566 1122 
1669911950 1315 1582 585 1144 
1669911952 1364 1475 572 1070 
1669911954 1329 1598 579 1149 
1669911956 1360 1604 577 1123 
1669911958 1333 1597 548 1167 
1669911960 1313 1486 546 1035 
1669911962 1351 1580 566 1143 
1669911964 1358 1565 539 1151 
1669911966 1341 1538 585 1173 
1669911968 1354 1566 587 1157 
1669911970 1320 1591 482 1116 
1669911972 1348 1592 582 1170 
1669911974 1336 1501 563 1118 
1669911976 1340 1518 565 1116 
1669911978 1321 1570 560 1036 
1669911980 1304 1416 566 1055 
1669911982 1343 1594 494 1162 
1669911984 1355 1562 580 1170 
1669911986 1339 1540 556 1139 
1669911988 1351 1571 543 1119 
1669911990 1253 1581 540 1053 
1669911992 1317 1538 591 1155 
1669911994 1353 1466 570 1161 
1669911996 1326 1493 542 1064 
1669911998 1366 1589 487 1043 
1669912000 1252 1476 480 1153 
1669912002 1326 1562 583 1135 
1669912004 1313 1579 552 1147 
1669912006 1358 1464 589 1111 
1669912008 1339 1468 569 1123 
1669912010 1345 1448 559 1118 
1669912012 1317 1494 583 1135 
1669912014 1318 1592 534 1159 
1669912016 1329 1552 502 1157 
1669912018 1338 1464 555 1156 
1669912020 1325 1558 551 1143 
1669912022 1351 1486 564 1157 
1669912024 1338 1570 584 1067 
1669912026 1313 1592 557 1155 
1669912028 1321 1596 586 1079 
1669912030 1348 1394 558 1059 
1669912032 1358 1464 567 1161 
1669912034 1355 1393 539 1127 
1669912036 1352 1475 559 1152 
1669912038 1359 1558 572 1053 
1669912040 1317 1487 565 1147 
1669912042 1321 1553 575 1154 
1669912044 1333 1547 565 1124 
1669912046 1330 1452 487 1134 
1669912048 1352 1559 566 1150 
1669912050 1338 1566 574 1066 
1669912052 1355 1583 548 1137 
1669912054 1358 1392 468 1022 
1669912056 1361 1572 497 1127 
1669912058 1357 1577 538 1164 
1669912060 1363 1487 564 1164 
1669912062 1335 1487 577 1142 
1669912064 1328 1496 555 1171 
1669912066 1249 1454 469 1112 
1669912068 1340 1526 583 1164 
1669912070 1330 1491 539 1152 
1669912072 1325 1480 553 1124 
1669912074 1298 1492 541 1122 
1669912076 1251 1528 574 1063 
1669912078 1250 1455 539 1152 
1669912080 1359 1576 493 1124 
1669912082 1354 1571 588 1067 
1669912084 1350 1588 563 1123 
1669912086 1351 1547 572 1141 
1669912088 1334 1462 566 1126 
1669912090 1360 1600 493 1142 
1669912092 1320 1587 561 1148 
1669912094 1314 1579 552 1172 
1669912096 1321 1559 546 1177 
1669912098 1355 1571 540 1139 
1669912100 1322 1473 567 1139 
1669912102 1326 1561 569 1155 
1669912104 1252 1584 544 1044 
1669912106 1350 1483 582 1178 
1669912108 1330 1584 560 1149 
1669912110 1253 1463 552 1166 
1669912112 1252 1580 587 1132 
1669912114 1347 1477 568 1164 
1669912116 1339 1553 560 1135 
1669912118 1347 1555 571 1175 
1669912120 1352 1454 590 1159 
1669912122 1359 1470 582 1170 
1669912124 1354 1578 562 1167 
1669912126 1355 1586 543 1127 
1669912128 1355 1498 549 1173 
1669912130 1334 1579 541 1158 
1669912132 1329 1493 533 1114 
1669912134 1338 1475 555 1119 
1669912136 1364 1504 481 1159 
1669912138 1337 1546 503 1151 
1669912140 1327 1578 583 1153 
1669912142 1366 1573 561 1139 
1669912144 1340 1465 540 1057 
1669912146 1331 1570 489 1142 
1669912148 1303 1586 580 1177 
1669912150 1335 1459 566 1168 
1669912152 1230 1491 560 1046 
1669912154 1304 1577 567 1161 
1669912156 1347 1483 559 1164 
1669912158 1227 1444 577 1148 
1669912160 1324 1597 577 1173 
1669912162 1351 1571 548 1145 
1669912164 1358 1496 497 1151 
1669912166 1356 1568 495 1131 
1669912168 1349 1480 551 1138 
1669912170 1350 1501 584 1129 
1669912172 1349 1467 567 1156 
1669912174 1339 1441 574 1170 
1669912176 1355 1555 550 1072 
1669912178 1345 1562 584 1174 
1669912180 1342 1576 487 1126 
1669912182 1353 1589 576 1063 
1669912184 1317 1570 557 1124 
1669912186 1342 1601 564 969 
1669912188 1345 1587 556 1145 
1669912190 1359 1494 584 1078 
1669912192 1357 1570 549 1146 
1669912194 1357 1576 488 1039 
1669912196 1360 1490 589 1050 
1669912198 1326 1576 573 1123 
1669912200 1327 1457 556 1168 
1669912202 1331 1475 574 1174 
1669912204 1329 1580 547 1170 
1669912206 1347 1553 492 1176 
1669912208 1316 1500 579 1172 
1669912210 1329 1542 562 1064 
1669912212 1340 1461 577 1147 
1669912214 1327 1448 550 1161 
1669912216 1352 1594 592 1173 
1669912218 1351 1455 575 1169 
1669912220 1332 1560 470 1139 
1669912222 1361 1558 561 1159 
1669912224 1352 1366 561 1118 
1669912226 1347 1573 568 1124 
1669912228 1354 1459 540 1168 
1669912230 1314 1550 559 1107 
1669912232 1336 1601 575 1123 
1669912234 1355 1570 496 1150 
1669912236 1334 1544 468 1057 
1669912238 1322 1514 564 1063 
1669912240 1362 1600 570 1047 
1669912242 1355 1455 563 1156 
1669912244 1334 1563 487 1109 
1669912246 1352 1516 570 1166 
1669912248 1329 1577 572 1129 
1669912250 1353 1585 553 1144 
1669912252 1254 1478 493 1154 
1669912254 1328 1489 585 1159 
1669912256 1350 1467 478 1053 
1669912258 1350 1569 570 1139 
1669912260 1353 1371 568 1050 
1669912262 1324 1590 569 1153 
1669912264 1358 1475 560 1033 
1669912266 1345 1549 576 1155 
1669912268 1346 1497 582 1137 
1669912270 1359 1574 561 1156 
1669912272 1255 1455 558 1137 
1669912274 1355 1559 551 1163 
1669912276 1345 1517 570 1041 
1669912278 1355 1482 487 1116 
1669912280 1360 1481 556 1040 
1669912282 1331 1539 570 1145 
1669912284 1329 1557 571 1152 
1669912286 1347 1466 495 1128 
1669912288 1353 1451 558 1147 
1669912290 1348 1593 572 1141 
1669912292 1331 1562 489 1150 
1669912294 1325 1564 573 1158 
1669912296 1335 1448 578 1136 
1669912298 1341 1452 560 967 
1669912300 1364 1595 578 1133 
1669912302 1362 1601 560 1150 
1669912304 1338 1604 581 1054 
1669912306 1365 1568 588 1150 
1669912308 1360 1486 552 1146 
1669912310 1351 1586 583 1129 
1669912312 1329 1549 563 1128 
1669912314 1324 1566 566 1166 
1669912316 1357 1584 585 1160 
1669912318 1346 1488 525 1134 
1669912320 1354 1490 581 1126 
1669912322 1306 1590 565 1135 
1669912324 1341 1470 538 1133 
1669912326 1339 1572 496 1136 
1669912328 1330 1593 574 1160 
1669912330 1360 1576 586 1149 
1669912332 1348 1581 560 1175 
1669912334 1342 1573 580 1037 
1669912336 1326 1570 554 1162 
1669912338 1350 1486 589 1138 
1669912340 1352 1497 582 1176 
1669912342 1333 1462 592 1143 
1669912344 1357 1562 465 1147 
1669912346 1362 1612 584 1179 
1669912348 1354 1544 504 1146 
1669912350 1357 1383 534 1162 
1669912352 1321 1484 588 1159 
1669912354 1351 1542 562 1175 
1669912356 1349 1586 560 1153 
1669912358 1357 1581 567 1170 
1669912360 1331 1527 552 1052 
1669912362 1360 1551 585 1121 
1669912364 1316 1457 569 1149 
1669912366 1352 1462 585 1137 
1669912368 1345 1589 590 1177 
1669912370 1353 1575 550 1155 
1669912372 1334 1595 569 1167 
1669912374 1331 1550 585 1135 
1669912376 1345 1554 588 1171 
1669912378 1369 1392 580 1140 
1669912380 1335 1481 572 1127 
1669912382 1355 1553 544 1151 
1669912384 1345 1561 583 1134 
1669912386 1333 1558 587 1151 
1669912388 1327 1550 579 1142 
1669912390 1333 1581 571 1124 
1669912392 1338 1407 554 1136 
1669912394 1356 1503 591 1160 
1669912396 1367 1562 590 1152 
1669912398 1328 1591 573 1153 
1669912400 1359 1558 546 1047 
1669912402 1355 1550 536 1124 
1669912404 1358 1584 569 1147 
1669912406 1335 1486 483 1151 
1669912408 1359 1548 566 1145 
1669912410 1345 1583 566 1144 
1669912412 1350 1466 503 1148 
1669912414 1339 1548 581 1151 
1669912416 1341 1566 572 1131 
1669912418 1348 1537 558 1152 
1669912420 1320 1586 578 1172 
1669912422 1365 1589 584 1174 
1669912424 1358 1561 545 1137 
1669912426 1320 1593 566 1163 
1669912428 1354 1559 545 1130 
1669912430 1363 1498 558 1052 
1669912432 1319 1585 575 1116 
1669912434 1360 1445 586 1146 
1669912436 1303 1549 537 1148 
1669912438 1362 1488 584 1090 
1669912440 1341 1551 547 1160 
1669912442 1323 1570 580 1174 
1669912444 1319 1488 544 1126 
1669912446 1334 1494 544 1067 
1669912448 1342 1586 495 1152 
1669912450 1317 1446 459 1121 
1669912452 1358 1552 571 1139 
1669912454 1320 1585 546 1031 
1669912456 1341 1579 557 1049 
1669912458 1326 1594 496 1067 
1669912460 1255 1473 525 1158 
1669912462 1254 1537 557 1117 
1669912464 1354 1487 585 1169 
1669912466 1336 1391 535 1162 
1669912468 1355 1626 555 1165 
1669912470 1335 1481 588 1170 
1669912472 1317 1444 547 1126 
1669912474 1322 1462 588 1132 
1669912476 1362 1558 572 1178 
1669912478 1326 1474 555 1156 
1669912480 1355 1575 545 1120 
1669912482 1355 1486 566 1133 
1669912484 1321 1567 567 1120 
1669912486 1317 1522 575 1150 
1669912488 1338 1530 549 1124 
1669912490 1318 1593 481 1142 
1669912492 1294 1577 549 1142 
1669912494 1296 1352 540 1167 
1669912496 1354 1358 569 1113 
1669912498 1355 1458 464 1156 
1669912500 1364 1572 586 1177 
1669912502 1361 1565 567 1156 
1669912504 1355 1546 570 1169 
1669912506 1360 1572 494 1158 
1669912508 1314 1485 569 1172 
1669912510 1333 1481 481 1115 
1669912512 1331 1467 576 1166 
1669912514 1258 1584 552 1053 
1669912516 1321 1488 576 1157 
1669912518 1317 1542 559 1147 
1669912520 1346 1484 551 1144 
1669912522 1353 1550 596 1168 
1669912524 1327 1559 554 1166 
1669912526 1354 1503 567 1132 
1669912528 1327 1594 581 1172 
1669912530 1361 1586 558 1147 
1669912532 1336 1535 568 1081 
1669912534 1329 1533 477 1142 
1669912536 1337 1546 562 1166 
1669912538 1235 1563 543 1152 
1669912540 1319 1574 478 1173 
1669912542 1332 1359 563 1172 
1669912544 1358 1585 570 1078 
1669912546 1324 1478 595 1109 
1669912548 1352 1485 530 1062 
1669912550 1357 1463 551 1136 
1669912552 1366 1463 577 1151 
1669912554 1340 1472 574 1166 
1669912556 1353 1473 488 1043 
1669912558 1337 1574 495 1142 
1669912560 1229 1396 574 1168 
1669912562 1347 1587 581 1146 
1669912564 1349 1436 581 1142 
1669912566 1326 1597 570 1172 
1669912568 1340 1535 540 1154 
1669912570 1347 1537 484 1055 
1669912572 1322 1548 492 1036 
1669912574 1313 1540 591 1160 
1669912576 1328 1480 553 1058 
1669912578 1313 1573 488 1169 
1669912580 1340 1492 566 1153 
1669912582 1320 1532 564 1145 
1669912584 1327 1599 584 1063 
1669912586 1326 1603 548 1147 
1669912588 1363 1461 573 1160 
1669912590 1355 1439 552 1150 
1669912592 1326 1466 492 1067 
1669912594 1349 1460 566 1162 
1669912596 1228 1498 399 1124 
1669912598 1307 1567 474 1036 
1669912600 1355 1570 561 1160 
1669912602 1343 1463 580 1143 
1669912604 1344 1571 539 1124 
1669912606 1319 1468 550 1180 
1669912608 1300 1563 556 1169 
1669912610 1346 1436 487 1162 
1669912612 1344 1458 572 1145 
1669912614 1346 1470 568 1169 
1669912616 1322 1483 580 1175 
1669912618 1364 1572 580 1084 
1669912620 1366 1562 586 1145 
1669912622 1326 1547 551 1156 
1669912624 1323 1441 575 1139 
1669912626 1326 1352 542 1043 
1669912628 1360 1554 498 1178 
1669912630 1250 1520 456 1075 
1669912632 1351 1531 579 1135 
1669912634 1352 1437 545 1153 
1669912636 1326 1453 582 1171 
1669912638 1344 1437 566 1154 
1669912640 1356 1516 577 1063 
1669912642 1316 1447 581 1162 
1669912644 1332 1389 531 1158 
1669912646 1358 1393 562 967 
1669912648 1342 1637 578 1134 
1669912650 1331 1633 581 1147 
1669912652 1336 1545 567 1160 
1669912654 1376 1684 562 1169 
1669912656 1384 1526 591 1128 
1669912658 1371 1526 558 1154 
1669912660 1344 1533 552 1161 
1669912662 1268 1598 576 1158 
1669912664 1324 1542 558 1170 
1669912666 1361 1543 542 1075 
1669912668 1328 1561 555 1141 
1669912670 1257 1544 495 1124 
1669912672 1225 1388 539 1053 
1669912674 1334 1429 533 1162 
1669912676 1310 1555 559 1118 
1669912678 1309 1442 490 1136 
1669912680 1317 1536 585 1154 
1669912682 1336 1418 488 1070 
1669912684 1249 1534 541 1129 
1669912686 1344 1448 564 1158 
1669912688 1345 1506 572 1151 
1669912690 1342 1443 574 1177 
1669912692 1358 1455 563 1174 
1669912694 1321 1434 581 1144 
1669912696 1314 1463 554 1059 
1669912698 1315 1521 537 1159 
1669912700 1352 1425 572 1170 
1669912702 1346 1453 554 1174 
1669912704 1349 1437 560 1184 
1669912706 1357 1540 573 1130 
1669912708 1344 1530 497 1156 
1669912710 1347 1445 471 1127 
1669912712 1316 1556 584 1152 
1669912714 1313 1422 494 1126 
1669912716 1341 1495 553 1130 
1669912718 1328 1443 563 1154 
1669912720 1311 1513 538 1067 
1669912722 1344 1427 560 1132 
1669912724 1346 1531 568 1153 
1669912726 1320 1463 577 1159 
1669912728 1341 1573 571 1162 
1669912730 1332 1423 567 1124 
1669912732 1310 1443 565 1156 
1669912734 1354 1543 562 1151 
1669912736 1313 1563 571 1142 
1669912738 1311 1417 552 1056 
1669912740 1338 1470 570 1139 
1669912742 1325 1507 578 1068 
1669912744 1345 1548 566 1177 
1669912746 1358 1551 483 1118 
1669912748 1315 1538 576 1037 
1669912750 1349 1456 579 1124 
1669912752 1352 1485 570 1130 
1669912754 1357 1445 565 1150 
1669912756 1354 1523 588 1160 
1669912758 1334 1602 569 1166 
1669912760 1352 1616 581 1172 
1669912762 1343 1543 548 1068 
1669912764 1366 1567 566 1152 
1669912766 1367 1641 593 1151 
1669912768 1341 1630 505 1152 
1669912770 1340 1554 583 1159 
1669912772 1349 1532 556 1144 
1669912774 1388 1541 580 1170 
1669912776 1373 1643 566 1158 
1669912778 1342 1463 485 1136 
1669912780 1366 1630 575 1111 
1669912782 1374 1553 546 1040 
1669912784 1385 1620 498 1142 
1669912786 1379 1605 561 1141 
1669912788 1360 1629 572 1167 
1669912790 1339 1492 500 1064 
1669912792 1375 1526 566 1161 
1669912794 1355 1516 585 1121 
1669912796 1381 1559 484 1077 
1669912798 1371 1655 586 1171 
1669912800 1356 1536 580 1155 
1669912802 1345 1638 574 1172 
1669912804 1371 1624 572 1041 
1669912806 1356 1599 493 1130 
1669912808 1371 1570 578 1078 
1669912810 1326 1592 542 1156 
1669912812 1347 1593 493 1136 
1669912814 1355 1531 487 1134 
1669912816 1318 1521 539 1127 
1669912818 1311 1530 577 1168 
1669912820 1311 1542 558 1144 
1669912822 1340 1434 586 1158 
1669912824 1332 1433 549 1126 
1669912826 1245 1492 476 1143 
1669912828 1350 1519 539 1140 
1669912830 1318 1453 556 1168 
1669912832 1338 1446 483 1145 
1669912834 1316 1424 555 1148 
1669912836 1348 1428 571 1063 
1669912838 1313 1541 539 1160 
1669912840 1225 1498 488 1144 
1669912842 1282 1463 554 1041 
1669912844 1345 1541 582 1180 
1669912846 1314 1508 558 1166 
1669912848 1345 1532 547 1122 
1669912850 1306 1421 479 1037 
1669912852 1323 1502 555 1166 
1669912854 1249 1542 550 1170 
1669912856 1351 1438 561 1133 
1669912858 1340 1523 564 1164 
1669912860 1373 1549 544 1048 
1669912862 1372 1513 472 1115 
1669912864 1363 1650 560 1146 
1669912866 1360 1668 558 1169 
1669912868 1375 1645 498 1120 
1669912870 1342 1641 559 1135 
1669912872 1334 1563 573 1160 
1669912874 1320 1536 548 1183 
1669912876 1347 1489 533 1149 
1669912878 1332 1395 561 1122 
1669912880 1310 1404 573 1165 
1669912882 1349 1510 575 1128 
1669912884 1349 1397 536 1066 
1669912886 1350 1420 554 1181 
1669912888 1319 1438 491 1112 
1669912890 1350 1340 566 1171 
1669912892 1368 1575 545 1136 
1669912894 1347 1469 535 1119 
1669912896 1375 1643 543 1133 
1669912898 1346 1565 546 1163 
1669912900 1373 1654 575 1148 
1669912902 1369 1648 565 1130 
1669912904 1347 1516 568 1146 
1669912906 1344 1472 594 1153 
1669912908 1348 1550 587 1050 
1669912910 1350 1494 585 1143 
1669912912 1314 1515 539 1141 
1669912914 1320 1533 571 1141 
1669912916 1315 1531 547 1117 
1669912918 1329 1537 570 1038 
1669912920 1322 1354 537 1165 
1669912922 1314 1527 565 1129 
1669912924 1347 1430 484 1153 
1669912926 1367 1582 583 1154 
1669912928 1382 1617 475 1153 
1669912930 1372 1639 546 1147 
1669912932 1358 1659 569 1123 
1669912934 1263 1617 558 1178 
1669912936 1353 1523 489 1130 
1669912938 1344 1472 547 1140 
1669912940 1223 1422 548 1148 
1669912942 1342 1522 545 1136 
1669912944 1325 1422 487 1152 
1669912946 1358 1433 548 1143 
1669912948 1342 1520 557 1055 
1669912950 1335 1496 469 1134 
1669912952 1323 1410 574 1144 
1669912954 1252 1456 559 1058 
1669912956 1362 1556 564 1057 
1669912958 1370 1546 547 1162 
1669912960 1350 1615 555 1110 
1669912962 1343 1591 569 1146 
1669912964 1346 1525 574 1077 
1669912966 1364 1583 484 1056 
1669912968 1356 1668 584 1076 
1669912970 1345 1663 596 1153 
1669912972 1345 1631 596 1177 
1669912974 1324 1580 569 1171 
1669912976 1330 1566 558 1168 
1669912978 1348 1457 477 1164 
1669912980 1330 1548 581 1125 
1669912982 1245 1502 572 1143 
1669912984 1336 1337 562 1163 
1669912986 1333 1442 551 1156 
1669912988 1338 1543 581 1174 
1669912990 1318 1419 555 1140 
1669912992 1329 1522 577 1168 
1669912994 1352 1546 563 1135 
1669912996 1330 1439 545 1135 
1669912998 1335 1433 540 1172 
1669913000 1359 1545 537 1161 
1669913002 1378 1392 551 1109 
1669913004 1364 1448 581 1155 
1669913006 1387 1630 594 1137 
1669913008 1338 1546 507 1162 
1669913010 1389 1585 575 1153 
1669913012 1384 1554 573 1113 
1669913014 1366 1568 595 1150 
1669913016 1341 1600 577 1155 
1669913018 1324 1405 478 1132 
1669913020 1333 1589 570 1164 
1669913022 1347 1553 568 1176 
1669913024 1335 1541 573 1140 
1669913026 1317 1509 546 1130 
1669913028 1349 1538 489 1049 
1669913030 1342 1417 547 1157 
1669913032 1323 1398 553 1153 
1669913034 1321 1540 557 1172 
1669913036 1316 1457 573 1166 
1669913038 1339 1406 490 1055 
1669913040 1347 1540 577 1146 
1669913042 1309 1413 560 1149 
1669913044 1362 1535 556 1143 
1669913046 1343 1531 537 1154 
1669913048 1353 1575 482 1165 
1669913050 1269 1584 574 1158 
1669913052 1305 1592 555 1150 
1669913054 1371 1657 585 1051 
1669913056 1346 1650 571 1132 
1669913058 1341 1568 580 1173 
1669913060 1353 1654 592 1070 
1669913062 1347 1653 580 1163 
1669913064 1377 1651 546 1172 
1669913066 1366 1541 550 1041 
1669913068 1339 1580 587 1055 
1669913070 1356 1567 548 1144 
1669913072 1351 1420 562 1154 
1669913074 1330 1263 545 1154 
1669913076 1320 1408 547 1061 
1669913078 1344 1504 408 1033 
1669913080 1332 1345 528 1125 
1669913082 1308 1427 557 1139 
1669913084 1357 1515 578 1158 
1669913086 1347 1502 560 1064 
1669913088 1334 1443 580 1050 
1669913090 1341 1496 566 1134 
1669913092 1354 1526 586 1070 
1669913094 1287 1430 572 1083 
1669913096 1320 1547 558 1040 
1669913098 1351 1521 549 1122 
1669913100 1328 1418 572 1154 
1669913102 1315 1406 574 1138 
1669913104 1352 1407 479 1116 
1669913106 1324 1396 563 1141 
1669913108 1354 1577 552 1061 
1669913110 1329 1334 553 1165 
1669913112 1372 1422 587 1129 
1669913114 1362 1560 574 1134 
1669913116 1339 1701 476 1026 
1669913118 1370 1607 578 1164 
1669913120 1292 1635 580 1147 
1669913122 1381 1641 584 1189 
1669913124 1584 1946 738 1305 
1669913126 1333 1575 597 1191 
1669913128 1350 1731 592 1178 
1669913130 1340 1719 571 1132 
1669913132 1331 1687 572 1170 
1669913134 1335 1571 497 1137 
1669913136 1347 1519 559 1125 
1669913138 1336 1615 578 1060 
1669913140 1313 1540 588 1074 
1669913142 1315 1422 567 1165 
1669913144 1310 1516 471 1046 
1669913146 1322 1503 566 1155 
1669913148 1314 1455 568 1163 
1669913150 1349 1522 556 1056 
1669913152 1315 1528 564 1147 
1669913154 1332 1427 553 1131 
1669913156 1328 1523 529 1151 
1669913158 1324 1342 568 1052 
1669913160 1307 1534 577 1133 
1669913162 1362 1576 557 1167 
1669913164 1356 1584 558 1149 
1669913166 1376 1540 551 1122 
1669913168 1336 1586 576 1145 
1669913170 1375 1663 549 1140 
1669913172 1370 1663 595 1069 
1669913174 1394 1698 605 1166 
1669913176 1503 2007 625 1236 
1669913178 1318 3443 557 1004 
1669913180 1087 1268 658 1459 
1669913182 1728 2531 647 1348 
1669913184 1315 1513 541 1170 
1669913186 1052 1360 491 922 
1669913188 1113 1115 569 1124 
1669913190 1279 1596 618 1228 
1669913192 1103 1101 618 1098 
1669913194 1169 864 415 1231 
1669913196 679 485 438 600 
1669913198 1319 1966 523 932 
1669913200 1702 2616 734 1499 
1669913202 1252 1109 516 884 
1669913204 985 717 492 1136 
1669913206 1433 1800 603 1347 
1669913208 1095 592 488 1067 
1669913210 1513 2121 705 1246 
1669913212 1058 1053 515 1105 
1669913214 1597 853 431 972 
1669913216 1320 1730 535 1127 
1669913218 1027 1037 581 1212 
1669913220 1317 1474 484 1186 
1669913222 1208 1041 570 1167 
1669913224 1283 1395 547 1119 
1669913226 1371 1448 561 1152 
1669913228 1615 1912 600 1213 
1669913230 1371 1523 483 1154 
1669913232 1324 1514 582 1151 
1669913234 1357 1440 486 1115 
1669913236 1545 1546 535 1216 
1669913238 1306 1183 524 1097 
1669913240 1402 1628 491 1100 
1669913242 1276 1418 596 999 
1669913244 1510 1552 690 1042 
1669913246 1379 1312 663 1055 
1669913248 1002 779 513 969 
1669913250 1265 1623 574 1128 
1669913252 1654 1936 799 1130 
1669913254 3128 2853 1252 2010 
1669913256 2100 2448 1150 1642 
1669913258 1193 1087 543 828 
1669913260 1383 1459 529 977 
1669913262 2116 2109 1038 1686 
1669913264 1470 2039 731 1374 
1669913266 1235 1321 475 990 
1669913268 1031 1340 451 918 
1669913270 1166 1098 421 1131 
1669913272 984 891 548 1022 
1669913274 1383 1661 709 1147 
1669913276 1030 1080 557 953 
1669913278 1442 1652 634 1273 
1669913280 1314 1603 532 1164 
1669913282 1888 2662 980 1404 
1669913284 1077 1108 492 975 
1669913286 1420 1626 611 1135 
1669913288 1297 1324 432 1094 
1669913290 1156 1322 632 1087 
1669913292 1752 1897 517 1223 
1669913294 1080 1152 395 1066 
1669913296 1851 1877 1011 1461 
1669913298 1249 984 735 1007 
1669913300 1121 1307 636 1152 
1669913302 1247 1284 524 982 
1669913304 1365 1403 478 1015 
1669913306 1276 1489 475 1123 
1669913308 1367 1546 625 1189 
1669913310 2063 2198 620 1490 
1669913312 1156 1381 583 1076 
1669913314 1314 1595 489 1102 
1669913316 1258 1506 553 998 
1669913318 1337 1602 583 1110 
1669913320 1357 1503 550 1074 
1669913322 1318 1612 585 1114 
1669913324 1585 1854 580 1209 
1669913326 1316 1552 560 1026 
1669913328 1351 1456 547 1148 
1669913330 1321 1583 577 1169 
1669913332 1316 1478 566 1168 
1669913334 1300 1621 490 1120 
1669913336 1353 1624 530 1186 
1669913338 1419 1839 611 1215 
1669913340 1065 1088 533 1174 
1669913342 1122 1227 439 1007 
1669913344 1234 963 484 1078 
1669913346 1345 1546 674 1210 
1669913348 1306 1722 600 1166 
1669913350 1284 1643 575 1152 
1669913352 1294 1438 598 1145 
1669913354 1268 1445 619 1170 
1669913356 1355 1606 568 1079 
1669913358 1315 1499 493 1147 
1669913360 1310 1551 592 1080 
1669913362 1314 1614 572 1084 
1669913364 1212 1210 501 1137 
1669913366 1361 1583 573 1183 
1669913368 1362 1764 606 1079 
1669913370 1205 830 491 1092 
1669913372 1422 2013 590 1141 
1669913374 1307 1497 578 1163 
1669913376 1360 1555 564 1189 
1669913378 1345 1581 585 1163 
1669913380 1287 1422 601 1123 
1669913382 1472 1806 630 1429 
1669913384 1412 1507 580 1220 
1669913386 995 1581 551 1028 
1669913388 1253 1862 596 1087 
1669913390 1262 1743 602 1148 
1669913392 1153 1043 542 955 
1669913394 955 1500 539 1052 
1669913396 1535 2375 904 1528 
1669913398 1296 1354 443 1133 
1669913400 1346 1206 531 1217 
1669913402 1376 1690 499 1168 
1669913404 1368 1589 539 1162 
1669913406 1337 1300 600 1157 
1669913408 1388 1636 651 1131 
1669913410 1273 1600 570 1027 
1669913412 1358 1510 585 1150 
1669913414 1330 1431 571 1153 
1669913416 1050 975 461 999 
1669913418 971 1038 517 999 
1669913420 1220 1504 532 1090 
1669913422 1891 2106 750 1433 
1669913424 1513 1703 671 1284 
1669913426 1300 1368 635 1171 
1669913428 1036 1637 782 1053 
1669913430 1901 2298 796 1577 
1669913432 882 883 497 786 
1669913434 1664 1945 603 1130 
1669913436 1162 1290 543 1068 
1669913438 1274 1573 591 1182 
1669913440 1282 1782 571 1191 
1669913442 2601 3438 1422 2082 
1669913444 1417 1541 435 1206 
1669913446 1470 1524 605 1170 
1669913448 648 400 364 750 
1669913450 1384 1803 725 1215 
1669913452 1346 1641 695 1100 
1669913454 1340 1376 618 1132 
1669913456 1548 1805 739 1283 
1669913458 1531 1952 577 1223 
1669913460 1390 1754 589 1209 
1669913462 1354 2370 600 1097 
1669913464 1285 1587 517 1099 
1669913466 1322 1633 593 1154 
1669913468 1286 1636 653 1145 
1669913470 1350 1767 655 1076 
1669913472 1444 2099 1036 1123 
1669913474 1353 1275 613 1228 
1669913476 1221 1051 620 1037 
1669913478 1531 2056 622 1172 
1669913480 1270 1329 544 1105 
1669913482 1347 1451 588 1146 
1669913484 1330 1542 601 1162 
1669913486 1388 1820 621 1202 
1669913488 1772 2385 698 1484 
1669913490 1396 3296 649 1119 
1669913492 1265 1648 642 1215 
1669913494 1317 1639 618 1133 
1669913496 1303 1288 619 1162 
1669913498 1368 1596 680 1218 
1669913500 978 892 614 948 
1669913502 1628 1845 625 1241 
1669913504 670 2372 415 603 
1669913506 1602 1222 642 1175 
1669913508 1188 1240 456 995 
1669913510 1642 3090 786 1413 
1669913512 1199 1824 700 1081 
1669913514 1534 2448 590 1257 
1669913516 1223 1758 688 1249 
1669913518 1349 2091 578 1194 
1669913520 1643 2185 717 1417 
1669913522 2064 3131 430 681 
1669913524 763 539 598 1212 
1669913526 1590 1387 737 1222 
1669913528 2404 482 420 817 
1669913530 2959 2951 836 1430 
1669913532 1437 2419 603 1329 
1669913534 1261 1050 740 1165 
1669913536 871 1151 585 1028 
1669913538 1602 2628 645 1312 
1669913540 1298 1713 610 1266 
1669913542 1742 1053 751 1534 
1669913544 634 439 558 805 
1669913546 3480 2340 534 1716 
1669913548 453 594 460 545 
1669913550 1760 1934 508 817 
1669913552 1384 1952 679 1233 
1669913554 2828 973 919 1900 
1669913556 978 3007 553 935 
1669913558 1032 1562 676 1027 
1669913560 1049 1396 621 1112 
1669913562 1056 1688 546 1124 
1669913564 1156 1649 606 1155 
1669913566 1321 2105 638 1229 
1669913568 1108 1393 594 1050 
1669913570 1210 1677 629 1140 
1669913572 1207 1554 605 1172 
1669913574 1314 1915 633 1186 
1669913576 1182 1372 637 1039 
1669913578 3546 3385 1826 1691 
1669913580 988 3212 560 798 
1669913582 1122 1907 631 1139 
1669913584 1184 1523 637 1156 
1669913586 1285 1945 802 1350 
1669913588 1220 1699 589 1075 
1669913590 1117 1334 598 1077 
1669913592 1214 1725 626 1159 
1669913594 1086 1297 553 1043 
1669913596 1112 1245 598 1066 
1669913598 1532 1988 682 1357 
1669913600 1490 2025 747 1367 
1669913602 1237 1580 639 1116 
1669913604 1237 1647 623 1131 
1669913606 1186 1366 632 1083 
1669913608 1240 1600 559 1152 
1669913610 1198 1577 577 1167 
1669913612 1232 1478 638 1078 
1669913614 1186 1324 683 1147 
1669913616 1239 1599 501 1151 
1669913618 1259 1563 669 1193 
1669913620 1255 1557 654 1195 
1669913622 1252 1425 634 1090 
1669913624 1394 1734 662 1203 
1669913626 1191 1469 630 1186 
1669913628 979 1341 623 1155 
1669913630 1232 1352 579 1182 
1669913632 1207 1375 627 1114 
1669913634 1068 939 541 1063 
1669913636 1425 2062 984 1282 
1669913638 1455 1848 818 1392 
1669913640 1353 1864 678 1236 
1669913642 1377 1891 642 1131 
1669913644 1325 1534 593 1043 
1669913646 1310 1782 707 1174 
1669913648 1233 1975 672 1195 
1669913650 1266 1645 635 1251 
1669913652 1263 1574 653 1204 
1669913654 1254 1479 620 1082 
1669913656 1191 1546 658 1054 
1669913658 1313 1701 650 1223 
1669913660 1256 1555 646 1188 
1669913662 1317 1527 632 1175 
1669913664 1309 1617 654 1194 
1669913666 1315 1570 620 1223 
1669913668 1266 1550 647 1207 
1669913670 1265 1427 642 1166 
1669913672 1385 1830 691 1220 
1669913674 1274 1548 618 1080 
1669913676 1326 1721 674 1180 
1669913678 1274 1739 572 1221 
1669913680 1320 1774 500 1068 
1669913682 1267 1388 566 1181 
1669913684 1303 1502 661 1202 
1669913686 1346 1604 678 1200 
1669913688 1334 1633 677 1157 
1669913690 1312 1596 686 1205 
1669913692 1228 1610 667 1196 
1669913694 1331 1733 582 1236 
1669913696 1299 1528 588 1166 
1669913698 1287 1453 643 1152 
1669913700 1186 1126 635 1234 
1669913702 1314 1327 642 1098 
1669913704 1355 1388 651 1179 
1669913706 1090 1315 638 1022 
1669913708 1271 1318 858 1591 
1669913710 661 858 568 694 
1669913712 1651 2669 606 1383 
1669913714 1040 3519 497 853 
1669913716 1254 2227 594 993 
1669913718 1276 1788 704 1176 
1669913720 1388 1953 640 999 
1669913722 1120 3103 768 1846 
1669913724 2684 3113 599 858 
1669913726 1404 3575 1692 1773 
1669913728 899 3410 1007 1677 
1669913730 1780 1547 653 973 
1669913732 1128 1004 703 1175 
1669913734 440 3130 521 707 
1669913736 501 3381 483 1216 
1669913738 2056 2461 719 1150 
1669913740 2554 1836 707 1221 
1669913742 1671 2315 694 1181 
1669913744 1376 2977 661 1174 
1669913746 3539 1245 447 931 
1669913748 3231 3125 1194 1564 
1669913750 1189 1480 781 1308 
1669913752 1290 1915 600 1268 
1669913754 1253 2023 646 1188 
1669913756 1144 1690 651 1184 
1669913758 1169 1663 648 1190 
1669913760 997 1602 605 1019 
1669913762 1244 1681 695 1218 
1669913764 1146 1579 684 1118 
1669913766 1233 1752 691 1211 
1669913768 1147 1656 593 1085 
1669913770 1203 1600 606 1180 
1669913772 1271 1606 704 1205 
1669913774 1517 1985 670 1188 
1669913776 1273 1700 680 1095 
1669913778 1141 1549 651 1173 
1669913780 1117 1376 696 1019 
1669913782 1029 1313 651 1117 
1669913784 1355 1929 623 1250 
1669913786 1171 1442 706 1197 
1669913788 1230 1550 683 1182 
1669913790 1120 1400 566 1153 
1669913792 1167 1582 664 1215 
1669913794 1138 1642 682 1198 
1669913796 1090 1292 652 1075 
1669913798 1275 1748 586 1170 
1669913800 1184 1620 612 1178 
1669913802 1275 1655 679 1220 
1669913804 1250 1579 677 1182 
1669913806 1165 1530 602 1191 
1669913808 1256 1479 655 1099 
1669913810 1258 1532 678 1110 
1669913812 1211 1531 683 1218 
1669913814 1291 1614 718 1200 
1669913816 1277 1506 600 1102 
1669913818 1141 1273 567 1112 
1669913820 1119 1610 608 1204 
1669913822 1041 1717 749 1285 
1669913824 1298 1652 586 1187 
1669913826 1154 1519 688 1187 
1669913828 1248 1454 680 1250 
1669913830 1291 1453 684 1194 
1669913832 1314 1582 626 1204 
1669913834 1277 1408 680 1176 
1669913836 1287 1601 681 1198 
1669913838 1257 1647 662 1191 
1669913840 1272 1516 687 1177 
1669913842 1277 1659 641 1161 
1669913844 1315 1586 708 1096 
1669913846 1356 1692 683 1193 
1669913848 1303 1542 713 1206 
1669913850 1354 1664 711 1262 
1669913852 1191 1366 702 1157 
1669913854 1285 1723 678 1227 
1669913856 1328 1394 681 1205 
1669913858 1288 1428 691 1097 
1669913860 1296 1417 594 1181 
1669913862 1283 1473 672 1136 
1669913864 1341 1632 706 1244 
1669913866 1140 1421 666 1196 
1669913868 1387 1495 675 1176 
1669913870 1456 1633 695 1233 
1669913872 1377 1272 754 1222 
1669913874 1070 2388 715 919 
1669913876 1191 2037 675 1260 
1669913878 1321 1750 720 1262 
1669913880 1262 1689 688 1221 
1669913882 1309 1679 688 1115 
1669913884 1268 1478 604 1101 
1669913886 1285 1412 728 1099 
1669913888 1292 1560 693 1186 
1669913890 1308 1560 699 1193 
1669913892 1268 1509 708 1231 
1669913894 1314 1618 741 1223 
1669913896 1224 1545 689 1224 
1669913898 1286 1511 705 1205 
1669913900 1282 1345 708 1205 
1669913902 1360 1510 718 1222 
1669913904 1255 1632 706 1199 
1669913906 1285 1424 585 1191 
1669913908 1316 1539 690 1200 
1669913910 1330 1459 705 1220 
1669913912 1328 1525 611 1175 
1669913914 1345 1534 701 1238 
1669913916 1359 1632 724 1243 
1669913918 1578 1503 498 894 
1669913920 1242 1462 754 1265 
1669913922 1160 1289 697 1153 
1669913924 1340 1612 699 1242 
1669913926 1268 1619 685 1175 
1669913928 1310 1483 699 1196 
1669913930 1319 1615 683 1207 
1669913932 788 1228 727 1136 
1669913934 1263 1352 654 1250 
1669913936 1381 1470 718 1202 
1669913938 1416 1608 714 1217 
1669913940 1326 1448 692 1019 
1669913942 1326 1629 684 1128 
1669913944 1278 1479 673 1168 
1669913946 1342 1516 714 1225 
1669913948 1315 1365 660 1089 
1669913950 1373 1586 688 1218 
1669913952 1364 1578 724 1248 
1669913954 1322 1582 699 1217 
1669913956 1233 1537 612 1117 
1669913958 1318 1599 714 1185 
1669913960 1345 1590 658 1247 
1669913962 1193 1529 703 1207 
1669913964 1313 1545 702 1208 
1669913966 1130 1458 715 1195 
1669913968 1407 1597 714 1234 
1669913970 1308 1553 720 1156 
1669913972 1255 1502 717 1193 
1669913974 1302 1485 686 1231 
1669913976 1328 1572 701 1220 
1669913978 1271 1588 695 1226 
1669913980 1348 1607 709 1208 
1669913982 1218 1565 698 1232 
1669913984 1226 1357 614 1182 
1669913986 1385 1513 678 1139 
1669913988 1316 1421 679 1111 
1669913990 1405 1534 723 1219 
1669913992 1323 1427 704 1210 
1669913994 1375 1677 726 1238 
1669913996 1203 1417 621 1146 
1669913998 1344 1644 715 1240 
