1669914002 1291 1551 718 1218 
1669914005 1283 1991 726 1150 
1669914007 1229 1636 740 1232 
1669914009 1355 713 373 798 
1669914011 2028 1496 685 1198 
1669914013 1385 482 563 662 
1669914015 1160 1337 705 1170 
1669914017 1166 1828 708 1257 
1669914019 866 980 678 1214 
1669914021 1178 1528 562 1117 
1669914023 837 2595 1055 1851 
1669914025 914 1527 691 1285 
1669914027 1102 1437 697 1203 
1669914029 1356 1708 782 1266 
1669914031 1248 1441 700 1227 
1669914033 1350 1513 617 1184 
1669914035 1475 1676 673 1293 
1669914037 1346 1546 714 1213 
1669914039 1335 1477 741 1224 
1669914041 1488 1773 724 1232 
1669914043 1260 1451 722 1218 
1669914045 1253 1436 632 1222 
1669914047 1259 1483 725 1218 
1669914049 1280 1588 693 1222 
1669914051 1346 1597 629 1194 
1669914053 1366 1635 735 1222 
1669914055 1332 1601 705 1192 
1669914057 1368 1602 732 1244 
1669914059 1340 1408 718 1119 
1669914061 1327 1561 737 1206 
1669914063 1282 1575 723 1243 
1669914065 1358 1626 710 1143 
1669914067 1357 1485 702 1230 
1669914069 1363 1514 692 1239 
1669914071 1434 1724 729 1248 
1669914073 1344 1906 721 1285 
1669914075 1297 1351 720 1098 
1669914077 1336 1434 714 1220 
1669914079 1271 1585 723 1224 
1669914081 1231 1608 622 1234 
1669914083 1325 1515 697 1242 
1669914085 1314 1549 733 1222 
1669914087 1262 1295 697 1154 
1669914089 1318 1440 716 1199 
1669914091 1360 1492 657 1190 
1669914093 1361 1555 724 1237 
1669914095 578 786 667 1017 
1669914097 1108 1732 801 1428 
1669914099 1627 1714 672 1157 
1669914101 1387 1276 689 1136 
1669914103 1205 1018 527 925 
1669914105 1649 2071 777 1273 
1669914107 1711 2262 676 1327 
1669914109 1495 1876 738 1262 
1669914111 1327 1493 696 1202 
1669914113 1286 1539 749 1252 
1669914115 1392 1578 669 1264 
1669914117 1946 2097 791 1341 
1669914119 1482 1715 698 1224 
1669914121 1394 1519 709 1230 
1669914123 1343 1428 726 1280 
1669914125 1338 1483 703 1247 
1669914127 1322 1619 765 1275 
1669914129 1218 1293 685 1145 
1669914131 1280 1300 720 1207 
1669914133 1324 1360 715 1203 
1669914135 1465 1460 701 1432 
1669914137 1330 1576 753 1311 
1669914139 1350 1567 741 1269 
1669914141 1339 1459 754 1171 
1669914143 1336 1470 724 1228 
1669914145 1874 1331 697 1101 
1669914147 1373 1366 649 1162 
1669914149 1352 1431 764 1303 
1669914151 1304 1521 723 1272 
1669914153 1331 1437 697 1235 
1669914155 1376 1408 733 1243 
1669914157 1451 1849 732 1105 
1669914159 1349 1489 647 1197 
1669914161 1337 1401 692 1198 
1669914163 1365 1533 736 1247 
1669914165 1391 1365 801 1372 
1669914167 1446 1303 705 1284 
1669914169 1389 1217 733 1211 
1669914171 1154 1137 682 1147 
1669914173 1442 2120 725 1184 
1669914175 1260 1899 691 1131 
1669914177 1322 1835 762 1339 
1669914179 1347 1786 719 1251 
1669914181 1406 1646 529 1058 
1669914183 1370 1496 717 1124 
1669914185 1361 1577 632 1198 
1669914187 1313 1386 753 1251 
1669914189 1328 1491 710 1105 
1669914191 1309 1504 745 1220 
1669914193 1268 1329 682 1187 
1669914195 1368 1590 746 1110 
1669914197 1253 1593 752 1239 
1669914199 1357 1580 756 1248 
1669914201 1322 1261 726 1118 
1669914203 1397 1626 624 1207 
1669914205 1364 1781 698 1022 
1669914207 1341 1578 810 1298 
1669914209 1998 3435 1269 1652 
1669914211 1479 2210 733 1227 
1669914213 1376 1689 729 1208 
1669914215 1256 1594 636 1194 
1669914217 1342 1521 718 1218 
1669914219 1418 1524 678 1282 
1669914221 1358 1266 750 1219 
1669914223 1324 1303 713 1199 
1669914225 1478 1855 770 1293 
1669914227 1361 1551 726 1139 
1669914229 1360 1618 765 1134 
1669914231 1359 1505 743 1183 
1669914233 1376 1592 722 1097 
1669914235 1342 1575 727 1082 
1669914237 1343 1447 670 1212 
1669914239 1419 1778 761 1254 
1669914241 1403 1641 767 1279 
1669914243 1334 1300 714 1225 
1669914245 1267 1572 750 1247 
1669914247 1284 1368 719 1197 
1669914249 1404 1499 741 1242 
1669914251 1142 995 646 1101 
1669914253 3298 3053 2061 1502 
1669914255 1874 2134 767 1241 
1669914257 905 1222 617 1224 
1669914259 1125 1775 629 1227 
1669914261 1325 1787 858 1285 
1669914263 1330 1869 743 1254 
1669914265 1309 1475 696 1268 
1669914267 1428 1983 790 1286 
1669914269 1745 2849 816 1464 
1669914271 1862 3052 950 1157 
1669914273 1248 1556 699 1150 
1669914275 1333 1806 881 1243 
1669914277 1579 2077 647 1321 
1669914279 1421 1710 734 1178 
1669914281 1417 1657 737 1278 
1669914283 1350 1936 702 1166 
1669914285 1290 1454 646 1168 
1669914287 1376 1967 724 1181 
1669914289 1199 1146 744 988 
1669914291 1246 1028 684 1067 
1669914293 1406 878 675 1301 
1669914295 1319 1330 694 1253 
1669914297 1361 1365 701 1221 
1669914299 1389 1483 705 1215 
1669914301 1470 1594 676 1247 
1669914303 1257 1192 661 1162 
1669914305 1294 1170 671 1148 
1669914307 1017 499 577 986 
1669914309 1121 1118 570 1153 
1669914311 1356 1703 750 1278 
1669914313 1476 1899 722 1262 
1669914315 888 550 641 1025 
1669914317 986 877 722 1121 
1669914319 1236 1177 705 1162 
1669914321 1104 1196 781 1138 
1669914323 1329 1676 774 1280 
1669914325 1329 1533 664 1144 
1669914327 1361 1537 704 1198 
1669914329 1385 1564 668 1098 
1669914331 1336 1527 719 1217 
1669914333 1428 1585 744 1263 
1669914335 1325 1424 709 1177 
1669914337 1353 1442 630 1018 
1669914339 1510 1623 794 1305 
1669914341 1340 1680 636 1247 
1669914343 1374 1660 759 1260 
1669914345 1369 1477 585 1216 
1669914347 1385 1468 718 1239 
1669914349 1409 1494 664 1261 
1669914351 1382 1576 654 1253 
1669914353 1299 1387 539 1187 
1669914355 1239 1499 708 1201 
1669914357 1302 1434 731 1102 
1669914359 1277 1519 708 1231 
1669914361 1347 1542 722 1237 
1669914363 1303 1474 723 1186 
1669914365 1283 1704 732 1117 
1669914367 1269 1399 713 1201 
1669914369 1200 1248 639 1164 
1669914371 1344 1559 717 1232 
1669914373 1358 1601 750 1227 
1669914375 1375 1575 735 1193 
1669914377 1339 1462 661 1189 
1669914379 1327 1518 644 1214 
1669914381 1365 1554 737 1239 
1669914383 1331 1464 708 1208 
1669914385 1260 1378 613 1067 
1669914387 1306 1426 658 1212 
1669914389 1673 752 649 2205 
1669914391 2178 3426 895 1054 
1669914393 1506 2086 702 1120 
1669914395 1343 1512 710 1149 
1669914397 1619 1435 592 965 
1669914399 1493 1315 764 1159 
1669914401 1041 1872 756 1173 
1669914403 1234 1472 717 1168 
1669914405 1378 1979 705 1128 
1669914407 1208 1575 723 1185 
1669914409 1360 1422 741 1261 
1669914411 1414 1579 739 1231 
1669914413 1341 1579 745 1186 
1669914415 1414 1693 754 1235 
1669914417 1518 2002 705 1233 
1669914419 1354 1623 700 1112 
1669914421 1453 1696 703 1181 
1669914423 1410 2133 822 875 
1669914425 1459 2626 865 1533 
1669914427 1386 2352 823 1347 
1669914429 1362 2429 737 1242 
1669914431 1346 1338 810 1319 
1669914433 1504 1558 707 1360 
1669914435 1424 1628 724 1234 
1669914437 1682 2893 722 1149 
1669914439 1334 1840 622 1119 
1669914441 2245 2830 1007 1510 
1669914443 1198 599 462 694 
1669914445 819 605 613 1006 
1669914447 1218 3480 653 808 
1669914449 1506 2118 903 1621 
1669914451 2161 2666 983 1604 
1669914453 1117 1126 700 1147 
1669914455 1003 1040 820 1193 
1669914457 1375 2037 718 1104 
1669914459 1466 1186 875 1419 
1669914461 1497 2417 592 1107 
1669914463 1182 1400 706 1196 
1669914465 1207 1358 736 1143 
1669914467 1214 1699 811 1143 
1669914469 1941 2144 1031 1617 
1669914471 1965 2398 1152 1749 
1669914473 2553 3471 1094 1729 
1669914475 989 1108 783 1065 
1669914477 1085 1302 752 1127 
1669914479 1326 1916 784 1232 
1669914481 1479 2027 795 1314 
1669914483 1078 1441 677 1046 
1669914485 1093 1403 723 1177 
1669914487 1183 1601 731 1195 
1669914489 1366 1719 762 1180 
1669914491 1256 1590 619 1122 
1669914493 1999 2377 1461 1740 
1669914495 1970 1916 704 1563 
1669914497 1028 806 653 953 
1669914499 2037 2027 758 1430 
1669914501 1214 908 711 1192 
1669914503 1163 1282 571 997 
1669914505 2583 3371 1164 1512 
1669914507 1160 531 602 1143 
1669914509 1192 1714 798 1069 
1669914511 1867 2746 930 1275 
1669914513 1045 1071 564 1045 
1669914515 1570 2403 872 1278 
1669914517 1653 2596 726 1265 
1669914519 2027 3036 805 1423 
1669914521 1236 1508 732 1114 
1669914523 1071 1045 763 1054 
1669914525 1236 1095 731 1158 
1669914527 1284 1106 659 1178 
1669914529 1430 1590 757 1208 
1669914531 1517 1810 723 1269 
1669914533 1870 2293 817 1299 
1669914535 1300 1198 614 1185 
1669914537 1248 1711 876 1143 
1669914539 1358 1908 866 1177 
1669914541 2782 3571 1244 1334 
1669914543 1341 553 852 1357 
1669914545 1250 1754 802 1110 
1669914547 2349 3402 772 1303 
1669914549 930 711 854 1184 
1669914551 1929 2950 873 1288 
1669914553 1534 2357 729 1108 
1669914555 2071 3574 787 1285 
1669914557 1793 2276 572 1233 
1669914559 1824 3262 916 1442 
1669914561 1735 1990 638 1208 
1669914563 497 508 555 934 
1669914565 829 1054 503 909 
1669914567 1420 2425 821 1245 
1669914569 1691 2269 825 1371 
1669914571 1500 1996 698 1290 
1669914573 1310 1530 717 1131 
1669914575 1444 1591 754 1289 
1669914577 1320 1496 707 1248 
1669914579 1211 1530 692 1174 
1669914581 1166 1479 722 1173 
1669914583 1165 1649 704 1075 
1669914585 1611 1645 841 1480 
1669914587 1354 1495 726 1244 
1669914589 1134 1305 692 1187 
1669914591 1685 2216 803 1338 
1669914593 1365 1619 760 1148 
1669914595 1324 1453 724 1100 
1669914597 1337 1489 731 1165 
1669914599 1295 1425 737 1198 
1669914601 1360 1579 751 1260 
1669914603 1287 1659 666 1213 
1669914605 1065 1203 724 1149 
1669914607 1232 1449 522 1081 
1669914609 1322 1549 749 1178 
1669914611 1313 1378 781 1219 
1669914613 1162 1277 722 1179 
1669914615 1453 1639 751 1265 
1669914617 1377 1615 758 1259 
1669914619 1397 1545 748 1233 
1669914621 1394 1584 774 1291 
1669914623 1450 1587 737 1276 
1669914625 1809 1834 873 1563 
1669914627 1339 1888 785 1174 
1669914629 1237 1704 736 1196 
1669914631 1310 1362 825 1304 
1669914633 1456 1699 702 1264 
1669914635 1555 1756 861 1398 
1669914637 1472 1662 668 1295 
1669914639 1086 1462 831 981 
1669914641 974 1030 761 1067 
1669914643 1369 1555 786 1285 
1669914645 1375 1673 734 1248 
1669914647 1376 1578 737 1243 
1669914649 1426 1760 708 1256 
1669914651 1213 1328 639 1111 
1669914653 1448 1634 799 1327 
1669914655 1340 1505 766 1176 
1669914657 1293 1622 676 1190 
1669914659 1387 1617 764 1250 
1669914661 1413 1628 770 1157 
1669914663 1365 1620 668 1226 
1669914665 1357 1542 764 1287 
1669914667 1378 1854 777 1183 
1669914669 896 797 794 1041 
1669914671 565 333 527 816 
1669914673 3081 3217 1536 2104 
1669914675 1520 1578 711 1302 
1669914677 1002 828 729 1083 
1669914679 1373 1522 753 1254 
1669914681 1531 1533 771 1312 
1669914683 1270 1606 744 1193 
1669914685 1117 1193 688 1035 
1669914687 1498 1533 774 1269 
1669914689 1273 1513 771 1211 
1669914691 1595 2101 750 1351 
1669914693 1330 1571 751 1130 
1669914695 1266 1372 661 1164 
1669914697 1289 1384 653 1182 
1669914699 1362 1523 737 1241 
1669914701 1317 1496 777 1290 
1669914703 1449 1424 689 1316 
1669914705 1018 595 657 1124 
1669914707 971 1076 713 939 
1669914709 1591 1690 875 1405 
1669914711 1490 1750 755 1302 
1669914713 1132 1285 542 1092 
1669914715 595 577 586 794 
1669914717 2649 3421 1534 1755 
1669914719 1694 1278 742 1223 
1669914721 814 1506 731 934 
1669914723 1567 2131 782 1305 
1669914725 1576 2090 820 1303 
1669914727 1365 1772 700 1146 
1669914729 1450 1741 656 1268 
1669914731 1348 1725 738 1226 
1669914733 1302 1463 775 1273 
1669914735 1305 1512 758 1264 
1669914737 1409 1567 770 1237 
1669914739 1357 1579 747 1220 
1669914741 1366 1367 731 1206 
1669914743 1270 1561 732 1133 
1669914745 1256 1301 801 1111 
1669914747 1446 1709 782 1272 
1669914749 1439 1775 752 1246 
1669914751 1531 1810 828 1349 
1669914753 1490 1886 727 1300 
1669914755 1384 1726 732 1257 
1669914757 1288 1362 767 1194 
1669914759 959 747 690 1088 
1669914761 1424 1599 763 1237 
1669914763 1417 1694 806 1249 
1669914765 1416 1916 740 1280 
1669914767 1223 1680 712 1164 
1669914769 1407 1671 737 1231 
1669914771 1476 1480 685 1326 
1669914773 1830 2332 849 1428 
1669914775 1036 883 619 1111 
1669914777 1355 1345 782 1298 
1669914779 1413 1446 691 1251 
1669914781 1373 1469 770 1275 
1669914783 1394 1548 750 1277 
1669914785 1318 1467 751 1222 
1669914787 1289 1373 716 1214 
1669914789 1356 1412 750 1152 
1669914791 1609 2070 811 1287 
1669914793 1554 1977 888 1383 
1669914795 1403 1862 663 1207 
1669914797 1444 1721 765 1226 
1669914799 1424 1577 745 1267 
1669914801 1486 2195 662 1299 
1669914803 1012 1007 640 1137 
1669914805 1183 1211 765 1082 
1669914807 1627 2216 724 1275 
1669914809 1242 1316 677 1065 
1669914811 1340 1489 694 1217 
1669914813 1409 1737 760 1223 
1669914815 912 622 412 965 
1669914817 1238 1164 705 1169 
1669914819 1491 1633 800 1118 
1669914821 1335 1620 696 1213 
1669914823 1354 1839 754 1248 
1669914825 1419 1890 735 1249 
1669914827 1404 1855 735 1237 
1669914829 1678 1767 903 1456 
1669914831 1107 810 615 1031 
1669914833 1445 1784 756 1138 
1669914835 1148 1202 721 1087 
1669914837 1154 947 752 1143 
1669914839 1379 1448 721 1261 
1669914841 1645 2110 829 1333 
1669914843 1257 1173 769 1173 
1669914845 1416 1498 662 1134 
1669914847 1358 1482 744 1101 
1669914849 1450 1652 822 1248 
1669914851 1211 1312 745 1185 
1669914853 1309 1393 769 1197 
1669914855 1388 1693 779 1276 
1669914857 1362 1738 711 1174 
1669914859 1301 1727 799 1185 
1669914861 1484 1817 675 1291 
1669914863 1335 1546 745 1211 
1669914865 1359 1642 753 1269 
1669914867 1352 1609 781 1234 
1669914869 1679 2183 819 1338 
1669914871 1157 1563 619 1082 
1669914873 1672 2114 875 1368 
1669914875 936 1053 609 1098 
1669914877 1429 1603 920 1348 
1669914879 1765 2019 864 1426 
1669914881 1108 1306 838 1124 
1669914883 1209 1453 670 1175 
1669914885 1238 1542 729 1208 
1669914887 1082 1172 666 1178 
1669914889 1458 1678 707 1317 
1669914891 1500 1789 603 1183 
1669914893 1571 1912 801 1333 
1669914895 843 805 643 997 
1669914897 1522 1871 862 1370 
1669914899 1798 2298 848 1401 
1669914901 799 663 689 1250 
1669914903 667 520 520 1055 
1669914905 1840 2640 868 1388 
1669914907 1354 2048 707 1204 
1669914909 1114 1288 825 1139 
1669914911 1605 1991 827 1309 
1669914913 1365 1501 734 1194 
1669914915 1626 2022 816 1321 
1669914917 1494 1655 762 1313 
1669914919 1291 1547 739 1170 
1669914921 1487 1809 741 1318 
1669914923 1192 1422 686 1168 
1669914925 1419 1790 711 1263 
1669914927 1415 1785 760 1266 
1669914929 1708 2248 856 1435 
1669914931 466 407 530 841 
1669914933 1451 2014 802 1254 
1669914935 927 1156 732 979 
1669914937 939 1056 423 828 
1669914939 1826 1862 1023 1515 
1669914941 1162 1265 787 1158 
1669914943 1338 1555 678 1210 
1669914945 1513 2400 793 1341 
1669914947 1423 1642 736 1364 
1669914949 1317 1442 756 1216 
1669914951 1269 1476 731 1230 
1669914953 1392 1592 726 1252 
1669914955 1157 1221 714 1192 
1669914957 1291 1446 651 1187 
1669914959 1175 1296 704 1157 
1669914961 1523 1936 725 1318 
1669914963 1100 988 713 1139 
1669914965 1432 1561 802 1290 
1669914967 1375 1719 777 1199 
1669914969 1348 1419 700 1260 
1669914971 1317 1384 733 1246 
1669914973 1368 1486 641 1249 
1669914975 1376 1669 747 1284 
1669914977 1358 1496 736 1162 
1669914979 1389 1675 771 1260 
1669914981 1412 1640 759 1249 
1669914983 1332 1469 735 1248 
1669914985 1451 1541 758 1186 
1669914987 1373 1665 795 1222 
1669914989 1245 1287 763 1218 
1669914991 1273 1432 744 1214 
1669914993 1324 1474 740 1173 
1669914995 1429 1701 696 1273 
1669914997 1297 1279 786 1251 
1669914999 1302 1602 682 1187 
1669915001 1420 1613 692 1323 
1669915003 1273 1409 735 1239 
1669915005 1286 1357 692 1235 
1669915007 1230 1331 785 1209 
1669915009 1700 1851 839 1309 
1669915011 1395 1631 723 1183 
1669915013 1452 1650 822 1277 
1669915015 1487 1628 718 1320 
1669915017 1218 1216 774 1199 
1669915019 1548 1878 838 1246 
1669915021 1300 1616 797 1199 
1669915023 1312 1467 790 1217 
1669915025 1300 1506 699 1203 
1669915027 1672 1993 866 1392 
1669915029 1409 1457 763 1320 
1669915031 1317 1256 777 1286 
1669915033 1825 2804 777 1396 
1669915035 665 419 461 1006 
1669915037 1590 2709 677 1321 
1669915039 1359 2042 680 1228 
1669915041 1159 1456 501 1101 
1669915043 1839 2814 852 1259 
1669915045 2601 2766 1098 1707 
1669915047 1541 3119 636 801 
1669915049 1026 1919 685 1036 
1669915051 1569 1491 765 1439 
1669915053 1358 1382 708 1175 
1669915055 1324 1181 752 1270 
1669915057 1343 1071 748 1256 
1669915059 1491 1539 680 1290 
1669915061 1437 1656 804 1268 
1669915063 1353 1356 808 1176 
1669915065 1298 1426 660 1168 
1669915067 1429 1581 774 1287 
1669915069 1386 1906 799 1252 
1669915071 438 1296 442 503 
1669915073 2469 1307 1292 2066 
1669915075 2385 2646 1035 1896 
1669915077 1510 1663 686 1250 
1669915079 1574 1921 864 1357 
1669915081 1367 1605 707 1222 
1669915083 1305 1498 665 1232 
1669915085 1392 1488 776 1263 
1669915087 1444 1595 766 1306 
1669915089 1344 1560 757 1271 
1669915091 1240 1434 630 1163 
1669915093 1382 1614 723 1241 
1669915095 1362 1612 733 1167 
1669915097 1322 1510 776 1241 
1669915099 1368 1511 738 1297 
1669915101 1364 1533 726 1166 
1669915103 1355 1512 736 1232 
1669915105 1680 1546 801 1502 
1669915107 1694 1599 773 1365 
1669915109 519 933 575 617 
1669915111 2161 1925 1200 1867 
1669915113 1357 1599 719 1210 
1669915115 1283 1563 769 1217 
1669915117 1111 1231 606 1116 
1669915119 1584 1801 935 1213 
1669915121 1429 1509 880 1298 
1669915123 681 474 768 1229 
1669915125 747 511 683 1247 
1669915127 2164 2889 961 1499 
1669915129 1915 886 909 1651 
1669915131 1832 1973 743 1369 
1669915133 1553 1811 780 1122 
1669915135 1260 1428 774 1112 
1669915137 1442 1786 802 1172 
1669915139 1300 1720 790 1255 
1669915141 1227 1492 711 1173 
1669915143 1123 1362 686 1104 
1669915145 1195 1596 748 1115 
1669915147 1342 1614 740 1217 
1669915149 668 1205 536 910 
1669915151 1379 529 861 974 
1669915153 3526 3332 3347 3261 
1669915155 914 1209 831 1362 
1669915157 610 1153 656 681 
1669915159 959 1413 706 588 
1669915161 3678 3490 3626 3566 
1669915163 2902 578 2749 2740 
1669915165 1491 1886 1461 1630 
1669915167 1400 1040 705 1422 
1669915169 920 544 661 1050 
1669915171 508 513 588 641 
1669915173 2725 3091 1333 1881 
1669915175 602 1111 484 484 
1669915177 1651 2072 972 1318 
1669915179 1997 2673 822 1435 
1669915181 591 1006 377 774 
1669915183 2579 2687 1093 1493 
1669915185 2667 2415 1139 1673 
1669915187 2009 2492 686 1355 
1669915189 1277 1215 592 1035 
1669915191 1111 1301 757 1014 
1669915193 1532 1910 697 1271 
1669915195 1635 1982 805 1301 
1669915197 1518 1874 798 1314 
1669915199 1581 1886 805 1323 
1669915201 1398 1732 705 1210 
1669915203 1492 1849 743 1167 
1669915205 635 836 450 702 
1669915207 1129 1256 544 1176 
1669915209 1952 2229 1009 1571 
1669915211 2812 383 1629 1524 
1669915213 460 601 807 747 
1669915215 839 3264 681 962 
1669915217 1337 2270 730 1151 
1669915219 1849 2138 1130 1497 
1669915221 1236 1226 751 1116 
1669915223 1482 562 635 1135 
1669915225 1075 596 546 1151 
1669915227 756 3324 646 1081 
1669915229 1225 1861 803 1177 
1669915231 3670 415 1711 1800 
1669915233 1982 1742 649 1200 
1669915235 1153 3000 841 985 
1669915237 1256 2315 580 979 
1669915239 1728 2600 885 1537 
1669915241 459 1873 452 660 
1669915243 1352 1023 703 1105 
1669915245 1469 1712 738 1155 
1669915247 1628 1872 829 1325 
1669915249 1429 1702 767 1282 
1669915251 1684 1927 822 1410 
1669915253 1333 1620 751 1251 
1669915255 1766 2224 913 1235 
1669915257 1580 1698 934 1431 
1669915259 998 1041 572 1063 
1669915261 1191 1019 883 1225 
1669915263 905 2146 482 558 
1669915265 1686 1127 943 1482 
1669915267 782 2732 598 674 
1669915269 1308 2190 922 1341 
1669915271 2071 2352 1041 1461 
1669915273 1535 1931 740 1210 
1669915275 1422 1698 759 1228 
1669915277 1363 1716 759 1277 
1669915279 849 1277 663 825 
1669915281 3408 686 1844 2441 
1669915283 2387 1774 949 1646 
1669915285 1819 2877 685 1298 
1669915287 1631 1869 869 1142 
1669915289 1695 2077 790 1284 
1669915291 1759 2184 782 1357 
1669915293 1572 2184 756 1244 
1669915295 1561 2034 744 1164 
1669915297 1313 1695 714 1109 
1669915299 2080 2606 849 1473 
1669915301 1833 3491 1246 1240 
1669915303 464 543 382 599 
1669915305 2638 1174 1747 1789 
1669915307 2330 1644 908 1483 
1669915309 1888 1961 705 1332 
1669915311 1661 1864 757 1279 
1669915313 1622 2024 776 1269 
1669915315 1899 2108 844 1279 
1669915317 1201 467 577 814 
1669915319 902 712 740 1019 
1669915321 1554 1918 850 1321 
1669915323 2468 3122 1148 1787 
1669915325 1181 1247 695 1141 
1669915327 981 929 736 1119 
1669915329 1368 1730 773 1231 
1669915331 1375 1710 774 1289 
1669915333 1451 1754 770 1289 
1669915335 1521 1863 766 1318 
1669915337 1469 1853 771 1300 
1669915339 1758 1498 820 1462 
1669915341 1267 1073 462 1082 
1669915343 1674 1855 764 1292 
1669915345 1522 1744 762 1318 
1669915347 1229 1310 795 1158 
1669915349 1214 1339 705 1208 
1669915351 984 1225 732 1124 
1669915353 1369 1633 788 1273 
1669915355 1521 1686 817 1302 
1669915357 1308 1403 719 1209 
1669915359 1316 1490 746 1151 
1669915361 1325 1528 698 1132 
1669915363 1309 1621 744 1157 
1669915365 1350 1787 724 1236 
1669915367 1830 2307 918 1426 
1669915369 1342 1333 733 1178 
1669915371 1427 1622 781 1272 
1669915373 1149 1367 677 1195 
1669915375 1355 1573 788 1303 
1669915377 1319 1613 717 1220 
1669915379 1368 1596 588 1205 
1669915381 1473 1776 747 1284 
1669915383 1461 1781 749 1248 
1669915385 1473 1298 792 1399 
1669915387 441 510 364 491 
1669915389 1280 913 759 1111 
1669915391 1373 1436 758 1241 
1669915393 1407 1587 744 1283 
1669915395 1497 1693 747 1277 
1669915397 1466 1698 768 1287 
1669915399 1518 1784 799 1298 
1669915401 1454 1599 723 1241 
1669915403 1420 1604 764 1234 
1669915405 1256 1279 721 1198 
1669915407 1328 1529 719 1234 
1669915409 1374 1622 592 1271 
1669915411 1655 1987 855 1398 
1669915413 1456 1636 654 1205 
1669915415 1265 1434 691 1176 
1669915417 1640 969 743 1362 
1669915419 1447 1704 794 1243 
1669915421 1099 1341 735 1169 
1669915423 1201 1458 753 1202 
1669915425 1317 1437 763 1216 
1669915427 1404 1564 775 1268 
1669915429 1101 1365 682 1142 
1669915431 2243 1427 882 1321 
1669915433 969 2889 569 993 
1669915435 2124 1979 943 1594 
1669915437 3058 3148 1990 2454 
1669915439 2384 519 1467 2232 
1669915441 812 1005 763 899 
1669915443 2991 2523 1886 2482 
1669915445 3100 869 3072 2957 
1669915447 393 980 398 526 
1669915449 1606 3727 1375 2253 
1669915451 461 483 584 522 
1669915453 1115 1179 845 1052 
1669915455 1222 1492 779 1165 
1669915457 1445 1709 935 1307 
1669915459 1427 1614 767 1208 
1669915461 1270 1490 695 1116 
1669915463 1179 1319 524 1075 
1669915465 1100 1356 855 1172 
1669915467 1691 2173 945 1448 
1669915469 1132 1240 680 1137 
1669915471 1332 1577 750 1200 
1669915473 1297 1410 706 1162 
1669915475 1329 1491 712 1235 
1669915477 1304 1420 732 1189 
1669915479 3034 1528 1390 1613 
1669915481 1939 1738 812 1274 
1669915483 1635 1869 738 1323 
1669915485 1491 1610 726 1302 
1669915487 1085 1758 608 1001 
1669915489 1148 1199 645 1081 
1669915491 1072 1593 810 1192 
1669915493 1196 1797 693 1256 
1669915495 1777 3299 971 1280 
1669915497 1455 2338 763 1192 
1669915499 1370 1930 736 1232 
1669915501 1380 1742 744 1257 
1669915503 430 336 1395 1658 
1669915505 1108 2010 701 1194 
1669915507 1473 672 836 1470 
1669915509 1102 438 1331 1465 
1669915511 2005 2396 951 1568 
1669915513 1251 2509 768 1254 
1669915515 605 3397 452 562 
1669915517 3147 2968 2605 2595 
1669915519 723 1114 346 643 
1669915521 2448 2682 1031 1691 
1669915523 3155 2056 2483 2706 
1669915525 1622 2055 966 1278 
1669915527 1188 1895 527 1028 
1669915529 2492 1183 1732 2315 
1669915531 1632 2670 1104 1450 
1669915533 1527 1859 856 1276 
1669915535 1864 399 1030 1633 
1669915537 1373 2377 963 1201 
1669915539 1392 2959 753 935 
1669915541 2432 482 1563 2212 
1669915543 1484 1831 871 1199 
1669915545 1944 685 1025 1565 
1669915547 2537 3484 861 1308 
1669915549 2892 481 1518 2307 
1669915551 1878 2026 723 1438 
1669915553 1539 1313 774 1225 
1669915555 1773 2367 742 1389 
1669915557 494 517 562 770 
1669915559 1720 1802 806 1402 
1669915561 1226 3159 709 905 
1669915563 1801 1482 789 1667 
1669915565 1459 2386 740 1163 
1669915567 1374 1776 768 1255 
1669915569 1315 1713 738 1049 
1669915571 1362 1636 740 1200 
1669915573 1409 1521 731 1291 
1669915575 1348 2294 812 1113 
1669915577 1317 679 1153 1446 
1669915579 1733 2991 1204 1415 
1669915581 2539 3465 1747 2394 
1669915583 2756 3110 1258 1882 
1669915585 3539 768 2920 3431 
1669915587 1241 1985 814 1305 
1669915589 2442 3537 2029 1987 
1669915591 2195 3203 986 1269 
1669915593 1804 2542 727 1146 
1669915595 1069 372 471 829 
1669915597 1032 470 584 1241 
1669915599 1393 421 624 1094 
1669915601 1857 2397 929 1395 
1669915603 1141 823 741 1250 
1669915605 929 1107 531 1007 
1669915607 2414 3384 1082 1285 
1669915609 1841 2256 917 1287 
1669915611 475 443 518 556 
1669915613 780 795 810 557 
1669915615 349 477 414 551 
1669915617 2277 3573 1365 1621 
1669915619 1931 2679 1050 1842 
1669915621 1472 2012 731 1346 
1669915623 1600 1401 1301 2100 
1669915625 2403 1083 885 1681 
1669915627 1829 375 853 2254 
1669915629 1045 1259 1477 2001 
1669915631 2013 3573 1319 2001 
1669915633 2981 3496 2615 2521 
1669915635 3063 1823 1405 1618 
1669915637 2479 3417 860 781 
1669915639 605 1872 642 682 
1669915641 1597 1176 499 1181 
1669915643 1424 3615 708 1170 
1669915645 1299 3304 995 1215 
1669915647 2272 3241 1048 1891 
1669915649 1036 1954 550 555 
1669915651 2760 642 1287 1759 
1669915653 1223 1684 788 1328 
1669915655 2195 2285 1675 2053 
1669915657 1617 1401 895 1596 
1669915659 5 3 4 7 
1669915661 2 1 2 2 
1669915663 1 2 0 1 
1669915665 2 1 1 2 
1669915667 0 0 1 2 
1669915669 5 0 4 2 
1669915671 1 6 7 1 
1669915673 2 3 3 4 
1669915675 0 3 1 6 
1669915677 1 2 3 2 
1669915679 1 4 1 4 
1669915681 1 2 0 0 
1669915683 0 0 2 4 
1669915685 2 2 2 5 
1669915687 5 6 3 5 
1669915689 3 2 3 6 
1669915691 3 1 3 1 
1669915693 3 2 0 3 
1669915695 2 2 3 2 
1669915697 0 0 0 2 
1669915699 2 8 1 3 
1669915701 4 4 1 2 
1669915703 4 5 2 2 
1669915705 1 2 0 4 
1669915707 6 5 4 2 
1669915709 1 0 0 3 
1669915711 0 1 2 0 
1669915713 2 2 0 0 
1669915715 0 1 2 2 
1669915717 4 2 4 5 
1669915719 1 2 2 5 
1669915721 2 3 4 1 
1669915723 0 1 2 0 
1669915725 1 1 3 0 
1669915727 3 2 0 1 
1669915729 0 0 1 2 
1669915731 0 1 1 3 
1669915733 4 4 3 4 
1669915735 5 1 4 4 
1669915737 3 4 0 3 
1669915739 5 5 0 2 
1669915741 2 4 2 4 
1669915743 2 0 0 3 
1669915745 3 0 0 3 
1669915747 0 4 0 3 
1669915749 2 5 6 4 
1669915751 4 6 3 5 
1669915753 2 3 6 3 
1669915755 0 0 3 4 
1669915757 2 2 1 0 
1669915759 1 2 1 4 
1669915761 3 4 1 4 
1669915763 1 1 1 2 
1669915765 3 4 0 2 
1669915767 5 3 1 4 
1669915769 4 4 2 6 
1669915771 4 4 2 1 
1669915773 1 2 0 3 
1669915775 4 0 2 1 
1669915777 0 2 3 1 
1669915779 1 2 1 4 
1669915781 4 9 4 3 
1669915783 3 4 5 1 
1669915785 0 4 4 2 
1669915787 0 4 2 6 
1669915789 0 0 2 1 
1669915791 0 1 1 0 
1669915793 2 3 1 0 
1669915795 1 2 4 3 
1669915797 2 3 1 5 
1669915799 4 3 2 4 
1669915801 0 0 4 5 
1669915803 4 4 2 3 
1669915805 0 2 0 1 
1669915807 0 0 0 0 
1669915809 3 0 1 1 
1669915811 1 3 0 0 
1669915813 2 1 1 0 
1669915815 2 2 0 0 
1669915817 0 0 2 0 
1669915819 1 2 0 0 
1669915821 2 1 1 2 
1669915823 3 2 3 0 
1669915825 0 0 0 1 
1669915827 3 5 0 1 
1669915829 2 3 2 2 
1669915831 2 3 4 2 
1669915833 3 1 0 0 
1669915835 0 0 0 2 
1669915837 2 4 0 2 
1669915839 3 2 2 0 
1669915841 0 0 2 1 
1669915843 0 0 0 2 
1669915845 1 0 0 0 
1669915847 0 2 0 1 
1669915849 0 1 0 0 
1669915851 2 5 1 2 
1669915853 0 1 0 2 
1669915855 1 0 0 3 
1669915857 2 3 2 4 
1669915859 1 3 0 1 
1669915861 1 3 3 1 
1669915863 2 1 0 2 
1669915865 0 0 2 0 
1669915867 2 2 1 2 
1669915869 0 3 0 1 
1669915871 1 0 2 4 
1669915873 0 1 0 0 
1669915875 0 0 0 0 
1669915877 0 1 0 2 
1669915879 2 1 0 3 
1669915881 0 2 2 0 
1669915883 0 0 0 1 
1669915885 2 4 1 0 
1669915887 2 2 1 1 
1669915889 3 2 1 4 
1669915891 0 0 7 7 
1669915893 1 0 0 0 
1669915895 0 5 0 3 
1669915897 3476 443 2614 2933 
1669915899 3 4 1 5 
1669915901 1 1 0 0 
1669915903 3 0 2 0 
1669915905 0 0 1 0 
1669915907 0 1 1 2 
1669915909 1 2 0 2 
1669915911 3 3 1 3 
1669915913 2 4 1 2 
1669915915 3 2 1 0 
1669915917 0 3 5 0 
1669915919 1 3 0 1 
1669915921 3 0 1 2 
1669915923 2 3 1 1 
1669915925 0 5 1 0 
1669915927 2 4 0 0 
1669915929 1 4 2 2 
1669915931 3 4 0 1 
1669915933 3 3 2 1 
1669915935 2 2 2 0 
1669915937 0 3 2 1 
1669915939 3 1 2 1 
1669915941 2 1 1 1 
1669915943 2 3 1 0 
1669915945 1645 2 0 0 
1669915947 0 1 0 0 
1669915949 0 0 2 0 
1669915951 0 3 0 0 
1669915953 3 1 0 2 
1669915955 1 1 0 0 
1669915957 0 0 0 0 
1669915959 2 1 3 0 
1669915961 0 2 2 0 
1669915963 0 3 4 2 
1669915965 3 1 0 1 
1669915967 4 2 2 3 
1669915969 1 4 0 0 
1669915971 1 4 0 2 
1669915973 2 1 0 2 
1669915975 3 1 2 0 
1669915977 1 4 0 1 
1669915979 0 3 0 0 
1669915981 3529 2982 3544 3521 
1669915983 1 2 1 2 
1669915985 0 3 2 3 
1669915987 0 3 1 2 
1669915989 4 2 1 0 
1669915991 0 0 1 2 
1669915993 0 0 1 0 
1669915995 0 1 2 3 
1669915997 1 2 1 0 
1669915999 0 3 1 2 
1669916001 1 3 2 0 
1669916003 1 3 1 3 
1669916005 3 4 0 0 
1669916007 0 3 2 2 
1669916009 0 3 3 3 
1669916011 0 3 2 0 
1669916013 0 0 1 0 
1669916015 0 2 1 0 
1669916017 2 0 1 2 
1669916019 0 4 2 2 
1669916021 1 0 1 3 
1669916023 1 1 1 2 
1669916025 0 0 3 1 
1669916027 3 2 2 0 
1669916029 1 1 0 2 
1669916031 0 3 1 2 
1669916033 0 0 0 1 
1669916035 2 2 2 0 
1669916037 0 0 0 0 
1669916039 1 4 2 2 
1669916041 0 3 3 1 
1669916043 1 2 1 0 
1669916045 0 0 0 1 
1669916047 2 3 1 3 
1669916049 1 0 1 1 
1669916051 2 3 3 3 
1669916053 1 0 0 2 
1669916055 1 0 0 3 
1669916057 0 1 1 4 
1669916059 0 4 2 2 
1669916061 2 4 0 0 
1669916063 0 1 0 2 
1669916065 1 2 0 2 
1669916067 1 1 2 0 
1669916069 3 0 0 2 
1669916071 1 1 3 0 
1669916073 0 2 0 2 
1669916075 3 3 2 0 
1669916077 3 3 0 3 
1669916079 1 1 1 0 
1669916081 2 2 1 0 
1669916083 2 5 2 3 
1669916085 1 3 1 2 
1669916087 1 2 2 0 
1669916089 0 0 4 1 
1669916091 3 2 0 2 
1669916093 3 2 0 0 
1669916095 2 0 1 1 
1669916097 3 1 0 3 
1669916099 0 1 0 0 
1669916101 0 2 3 1 
1669916103 0 4 2 1 
1669916105 0 1 3 0 
1669916107 2 2 1 1 
1669916109 0 1 1 0 
1669916111 1 0 0 1 
1669916113 2 2 0 0 
1669916115 1 5 1 0 
1669916117 5 1 2 0 
1669916119 2 0 1 3 
1669916121 1 3 3 3 
1669916123 1 3 1 1 
1669916125 0 0 2 0 
1669916127 0 1 4 5 
1669916129 3 1 0 0 
1669916131 1 2 2 4 
1669916133 1 2 0 0 
1669916135 1 2 1 2 
1669916137 2 0 0 2 
1669916139 2 0 2 0 
1669916141 0 2 2 1 
1669916143 0 1 2 3 
1669916145 0 0 0 1 
1669916147 2 0 0 0 
1669916149 0 4 0 3 
1669916151 2 0 2 2 
1669916153 0 1 1 2 
1669916155 1 3 1 0 
1669916157 0 0 2 0 
1669916159 2 1 0 0 
1669916161 1 3 1 2 
1669916163 0 0 1 3 
1669916165 0 4 1 2 
1669916167 5 1 2 0 
1669916169 2 9 1 1 
1669916171 0 0 1 2 
1669916173 0 4 0 0 
1669916175 1 0 1 0 
1669916177 1 0 1 3 
1669916179 0 3 2 1 
1669916181 0 1 0 2 
1669916183 2 1 1 0 
1669916185 2 2 2 0 
1669916187 0 1 0 3 
1669916189 4 3 2 4 
1669916191 4 2 3 4 
1669916193 1 0 0 0 
1669916195 2 2 2 0 
1669916197 1 3 1 1 
1669916199 0 1 0 0 
1669916201 1 3 1 2 
1669916203 2 4 0 1 
1669916205 0 0 2 0 
1669916207 0 1 2 2 
1669916209 2 2 2 2 
1669916211 0 0 0 0 
1669916213 0 1 2 0 
1669916215 0 1 2 0 
1669916217 0 1 2 1 
1669916219 4 1 0 0 
1669916221 0 1 2 2 
1669916223 1 4 0 0 
1669916225 1 0 0 2 
1669916227 3 5 3 0 
1669916229 0 1 1 2 
1669916231 1 0 0 0 
1669916233 1 1 2 3 
1669916235 0 1 1 0 
1669916237 2 2 0 0 
1669916239 2 5 0 1 
1669916241 0 0 3 1 
1669916243 2 2 2 1 
1669916245 2 2 1 3 
1669916247 0 1 2 1 
1669916249 1 4 2 2 
1669916251 1 1 0 0 
1669916253 0 1 2 1 
1669916255 4 1 2 0 
1669916257 4 1 1 1 
1669916259 0 0 0 1 
1669916261 1 0 0 2 
1669916263 0 0 2 0 
1669916265 1 0 0 1 
1669916267 4 0 0 2 
1669916269 0 1 0 0 
1669916271 1 1 3 3 
1669916273 1 0 1 0 
1669916275 0 2 1 1 
1669916277 1 3 2 0 
1669916279 0 1 0 1 
1669916281 0 0 2 3 
1669916283 3 2 0 3 
1669916285 2 3 0 0 
1669916287 2 1 1 2 
1669916289 1 6 4 2 
1669916291 3 0 0 1 
1669916293 1 3 0 0 
1669916295 0 0 3 1 
1669916297 3 2 1 1 
1669916299 2 0 0 3 
1669916301 0 3 0 0 
1669916303 3 2 2 0 
1669916305 1 2 0 2 
1669916307 0 0 2 4 
1669916309 0 1 2 1 
1669916311 0 2 0 0 
1669916313 1 2 0 3 
1669916315 0 1 3 4 
1669916317 4 6 2 1 
1669916319 1 2 0 2 
1669916321 1 1 2 1 
1669916323 3 2 1 1 
1669916325 1 0 0 2 
1669916327 1 2 1 4 
1669916329 0 4 1 3 
1669916331 3 1 2 1 
1669916333 0 2 1 0 
1669916335 1 1 0 0 
1669916337 0 4 2 2 
1669916339 0 1 0 1 
1669916341 3 0 0 0 
1669916343 0 0 1 1 
1669916345 1 2 0 0 
1669916347 0 5 4 3 
1669916349 1 2 2 1 
1669916351 1 2 2 0 
1669916353 0 0 1 0 
1669916355 2 1 1 0 
1669916357 2 0 2 1 
1669916359 0 2 0 1 
1669916361 2 0 0 1 
1669916363 0 0 1 0 
1669916365 0 1 2 1 
1669916367 2 1 1 1 
1669916369 1 2 2 0 
1669916371 2 1 3 0 
1669916373 1 1 2 1 
1669916375 1 3 0 0 
1669916377 0 2 1 0 
1669916379 0 1 0 2 
1669916381 2 0 0 0 
1669916383 0 2 0 2 
1669916385 4 2 2 1 
1669916387 1 4 2 0 
1669916389 0 0 2 1 
1669916391 0 2 0 0 
1669916393 1 1 0 1 
1669916395 0 3 3 4 
1669916397 1 1 0 1 
1669916399 3 3 1 1 
1669916401 1 5 3 1 
1669916403 1 3 2 2 
1669916405 5 5 2 1 
1669916407 5 4 1 2 
1669916409 1 2 0 2 
1669916411 1 5 0 2 
1669916413 0 3 1 2 
1669916415 1 3 3 1 
1669916417 1 3 2 4 
1669916419 3 5 2 3 
1669916421 4 5 5 2 
1669916423 3 6 4 1 
1669916425 3 2 1 2 
1669916427 1 4 0 0 
1669916429 0 3 1 3 
1669916431 3 5 3 3 
1669916433 2 3 3 1 
1669916435 4 6 2 4 
1669916437 3 3 3 4 
1669916439 2 4 3 4 
1669916441 0 2 1 3 
1669916443 0 2 3 3 
1669916445 1 1 0 3 
1669916447 1 1 2 2 
1669916449 3 4 2 4 
1669916451 2 2 2 4 
1669916453 3 4 3 6 
1669916455 3 3 2 2 
1669916457 0 2 0 1 
1669916459 1 3 2 0 
1669916461 1 2 3 1 
1669916463 0 3 0 2 
1669916465 3 3 3 3 
1669916467 3 4 2 3 
1669916469 4 2 5 1 
1669916471 6 4 1 4 
1669916473 0 0 0 0 
1669916475 2 3 1 2 
1669916477 0 0 0 3 
1669916479 0 2 0 0 
1669916481 4 3 2 3 
1669916483 2 2 3 4 
1669916485 4 1 3 3 
1669916487 1 1 3 1 
1669916489 0 3 0 1 
1669916491 0 3 1 2 
1669916493 2 4 1 2 
1669916495 0 2 1 5 
1669916497 2 2 0 7 
1669916499 6 3 4 5 
1669916501 4 2 0 2 
1669916503 3 4 3 5 
1669916505 0 2 1 2 
1669916507 0 0 1 1 
1669916509 4 3 0 4 
1669916511 0 0 2 3 
1669916513 6 2 4 6 
1669916515 4 5 4 3 
1669916517 0 3 3 2 
1669916519 2 3 4 3 
1669916521 3 1 3 4 
1669916523 0 2 0 1 
1669916525 2 2 1 3 
1669916527 0 2 1 1 
1669916529 2 5 3 3 
1669916531 4 3 2 4 
1669916533 1 3 5 3 
1669916535 3 2 4 4 
1669916537 0 0 0 2 
1669916539 2 0 0 1 
1669916541 0 1 2 2 
1669916543 0 2 1 3 
1669916545 4 4 0 2 
1669916547 3 5 3 1 
1669916549 2 4 1 5 
1669916551 0 3 0 3 
1669916553 2 0 0 0 
1669916555 0 1 2 2 
1669916557 1 3 1 1 
1669916559 2 2 1 1 
1669916561 3 7 3 2 
1669916563 2 1 3 4 
1669916565 1 16 1 3 
1669916567 3 4 3 0 
1669916569 1 2 1 3 
1669916571 0 0 1 4 
1669916573 2 4 1 0 
1669916575 1 0 1 0 
1669916577 4 6 2 4 
1669916579 5 4 3 5 
1669916581 5 4 4 2 
1669916583 3 3 3 4 
1669916585 2 2 2 2 
1669916587 3 4 2 6 
1669916589 1 2 0 3 
1669916591 0 1 0 4 
1669916593 1 4 5 5 
1669916595 2 2 2 3 
1669916597 1 4 0 2 
1669916599 3 2 2 4 
1669916601 0 0 0 0 
1669916603 1 2 1 3 
1669916605 0 2 1 2 
1669916607 2 0 0 1 
1669916609 2 3 3 4 
1669916611 1 3 2 0 
1669916613 5 2 2 1 
1669916615 3 3 2 3 
1669916617 3 2 1 2 
1669916619 1 1 1 2 
1669916621 3 2 3 2 
1669916623 1 2 0 2 
1669916625 4 1 2 6 
1669916627 2 2 2 4 
1669916629 0 3 3 2 
1669916631 3 2 4 3 
1669916633 0 1 1 3 
1669916635 3 2 1 2 
1669916637 2 3 2 2 
1669916639 0 3 1 1 
1669916641 4 3 0 2 
1669916643 1 3 4 3 
1669916645 2 1 2 5 
1669916647 0 0 3 1 
1669916649 1 3 1 4 
1669916651 0 1 0 2 
1669916653 1 2 0 2 
1669916655 0 1 0 0 
1669916657 2 3 2 3 
1669916659 3 2 3 5 
1669916661 2 3 1 2 
1669916663 3 2 2 2 
1669916665 0 4 2 2 
1669916667 0 3 2 1 
1669916669 0 3 0 3 
1669916671 3 1 2 0 
1669916673 2 2 1 5 
1669916675 5 3 0 3 
1669916677 1 4 0 3 
1669916679 2 2 3 2 
1669916681 2 2 2 2 
1669916683 1 0 0 1 
1669916685 0 4 1 1 
1669916687 3 0 1 1 
1669916689 4 3 1 3 
1669916691 2 6 3 3 
1669916693 3 5 2 0 
1669916695 2 3 2 2 
1669916697 0 3 0 1 
1669916699 1 0 3 3 
1669916701 2 1 2 2 
1669916703 0 2 3 3 
1669916705 3 3 3 4 
1669916707 5 3 4 2 
1669916709 3 5 2 1 
1669916711 2 4 0 2 
1669916713 2 3 0 2 
1669916715 0 2 2 2 
1669916717 2 3 0 2 
1669916719 2 2 1 1 
1669916721 4 2 1 3 
1669916723 2 4 2 3 
1669916725 4 3 2 4 
1669916727 5 3 3 5 
1669916729 0 2 1 5 
1669916731 0 1 1 0 
1669916733 0 2 2 2 
1669916735 1 2 1 1 
1669916737 2 0 4 4 
1669916739 0 4 2 2 
1669916741 1 4 2 3 
1669916743 4 4 4 3 
1669916745 0 0 1 3 
1669916747 1 2 1 2 
1669916749 0 0 3 2 
1669916751 2 0 0 3 
1669916753 2 1 4 4 
1669916755 3 3 5 2 
1669916757 5 4 2 3 
1669916759 3 3 0 1 
1669916761 1 2 1 0 
1669916763 0 4 1 2 
1669916765 0 1 3 2 
1669916767 0 0 3 1 
1669916769 1 5 5 4 
1669916771 2 0 4 6 
1669916773 5 4 5 6 
1669916775 5 3 2 1 
1669916777 0 1 0 2 
1669916779 0 0 0 2 
1669916781 1 2 0 0 
1669916783 0 0 2 3 
1669916785 3 5 0 3 
1669916787 0 2 3 3 
1669916789 3 3 2 2 
1669916791 5 4 2 4 
1669916793 0 0 0 1 
1669916795 1 3 0 1 
1669916797 5 6 2 4 
1669916799 1 1 2 3 
1669916801 2 2 4 5 
1669916803 4 1 4 1 
1669916805 2 5 3 3 
1669916807 4 1 4 6 
1669916809 0 0 0 1 
1669916811 0 1 3 3 
1669916813 1 0 3 1 
1669916815 3 1 1 2 
1669916817 3 3 3 4 
1669916819 0 1 2 4 
1669916821 3 5 1 3 
1669916823 6 6 1 4 
1669916825 2 3 5 2 
1669916827 1 3 1 3 
1669916829 2 3 1 1 
1669916831 2 3 0 1 
1669916833 6 2 1 4 
1669916835 4 1 1 4 
1669916837 3 4 1 3 
1669916839 4 3 4 1 
1669916841 3 0 0 1 
1669916843 0 0 0 2 
1669916845 3 0 2 2 
1669916847 1 1 2 4 
1669916849 5 14 3 2 
1669916851 1 2 5 4 
1669916853 1 3 0 4 
1669916855 2 0 0 1 
1669916857 3 1 0 0 
1669916859 1 2 4 1 
1669916861 0 0 1 4 
1669916863 0 2 0 3 
1669916865 9 0 2 11 
1669916867 0 0 0 0 
1669916869 0 5 1 8 
1669916871 3 2 3 2 
1669916873 0 1 0 3 
1669916875 5 5 2 0 
1669916877 16 10 0 5 
1669916879 0 2 2 5 
1669916881 6 6 1 5 
1669916883 7 3 2 3 
1669916885 3 3 2 1 
1669916887 4 4 0 1 
1669916889 2 2 1 2 
1669916891 2 1 2 0 
1669916893 1 4 0 0 
1669916895 0 4 1 0 
1669916897 2 4 3 5 
1669916899 6 3 4 1 
1669916901 3 3 3 4 
1669916903 2 2 2 2 
1669916905 0 0 3 0 
1669916907 0 1 1 0 
1669916909 0 4 1 2 
1669916911 0 2 2 0 
1669916913 5 3 2 0 
1669916915 5 2 4 3 
1669916917 0 1 0 3 
1669916919 0 4 1 2 
1669916921 0 1 2 2 
1669916923 1 1 2 2 
1669916925 0 3 1 0 
1669916927 0 2 1 2 
1669916929 4 4 1 4 
1669916931 4 3 0 4 
1669916933 4 0 3 2 
1669916935 3 4 1 1 
1669916937 0 3 1 3 
1669916939 0 0 0 1 
1669916941 2 1 2 2 
1669916943 1 3 3 1 
1669916945 0 2 3 4 
1669916947 1 1 2 4 
1669916949 3 2 3 3 
1669916951 1 0 5 3 
1669916953 0 1 3 1 
1669916955 1 2 0 0 
1669916957 1 2 2 2 
1669916959 2 2 0 5 
1669916961 4 4 1 1 
1669916963 3 4 1 2 
1669916965 2 4 3 3 
1669916967 3 1 4 2 
1669916969 0 0 1 4 
1669916971 0 0 2 3 
1669916973 0 0 1 1 
1669916975 2 2 0 2 
1669916977 2 4 1 4 
1669916979 3 5 4 3 
1669916981 3 2 1 4 
1669916983 2 3 2 5 
1669916985 0 3 0 0 
1669916987 3 1 3 1 
1669916989 4 2 0 1 
1669916991 0 3 1 2 
1669916993 1 2 0 1 
1669916995 4 2 0 3 
1669916997 4 12 4 5 
1669916999 0 3 4 2 
1669917001 0 1 0 1 
1669917003 0 1 1 3 
1669917005 0 2 2 0 
1669917007 0 0 0 3 
1669917009 1 5 4 3 
1669917011 7 6 2 2 
1669917013 2 4 5 0 
1669917015 1 5 3 2 
1669917017 2 2 3 3 
1669917019 0 3 0 1 
1669917021 2 3 3 4 
1669917023 0 2 0 5 
1669917025 0 5 4 5 
1669917027 0 0 0 0 
1669917029 3 4 2 3 
1669917031 4 5 1 3 
1669917033 1 2 0 1 
1669917035 0 0 2 2 
1669917037 1 2 2 2 
1669917039 2 4 0 1 
1669917041 5 4 2 4 
1669917043 2 2 3 5 
1669917045 3 3 2 6 
1669917047 1 4 0 4 
1669917049 1 1 4 1 
1669917051 3 1 1 0 
1669917053 1 0 3 1 
1669917055 1 0 2 1 
1669917057 2 4 1 3 
1669917059 2 1 2 0 
1669917061 2 3 1 3 
1669917063 6 1 3 1 
1669917065 0 2 1 1 
1669917067 2 2 3 1 
1669917069 3 2 0 0 
1669917071 1 3 2 1 
1669917073 1 4 3 5 
1669917075 3 2 3 2 
1669917077 4 6 5 2 
1669917079 4 3 1 2 
1669917081 1 3 1 0 
1669917083 2 0 0 2 
1669917085 0 2 1 2 
1669917087 0 4 0 2 
1669917089 4 3 2 5 
1669917091 3 4 5 3 
1669917093 3 1 3 5 
1669917095 3 4 4 3 
1669917097 0 4 4 2 
1669917099 1 2 2 3 
1669917101 0 0 1 1 
1669917103 2 1 3 0 
1669917105 2 7 0 5 
1669917107 2 5 2 3 
1669917109 3 3 3 3 
1669917111 5 4 2 5 
1669917113 3 3 4 4 
1669917115 2 2 0 3 
1669917117 1 3 1 2 
1669917119 0 0 0 0 
1669917121 0 4 3 4 
1669917123 2 4 1 6 
1669917125 4 6 1 2 
1669917127 1 3 5 2 
1669917129 0 0 0 1 
1669917131 0 0 0 3 
1669917133 3 3 0 2 
1669917135 0 1 0 1 
1669917137 5 5 2 5 
1669917139 2 2 3 5 
1669917141 3 2 0 3 
1669917143 1 3 4 3 
1669917145 0 2 1 1 
1669917147 1 0 0 0 
1669917149 3 1 1 2 
1669917151 0 1 0 1 
1669917153 2 1 3 4 
1669917155 4 2 0 3 
1669917157 4 2 4 6 
1669917159 3 4 3 3 
1669917161 2 3 1 0 
1669917163 1 1 3 0 
1669917165 1 4 0 3 
1669917167 1 0 0 2 
1669917169 2 1 2 3 
1669917171 0 3 2 2 
1669917173 2 2 3 0 
1669917175 3 2 6 2 
1669917177 3 6 2 3 
1669917179 1 0 2 0 
1669917181 0 2 1 0 
1669917183 1 2 2 2 
1669917185 1 0 0 2 
1669917187 5 2 6 1 
1669917189 1 0 1 1 
1669917191 1 2 1 2 
1669917193 5 3 3 3 
1669917195 2 2 0 1 
1669917197 0 1 0 3 
1669917199 3 3 0 2 
1669917201 1 0 4 1 
1669917203 3 2 1 3 
1669917205 0 2 2 1 
1669917207 0 3 1 0 
1669917209 4 4 0 0 
1669917211 3 0 0 0 
1669917213 0 1 0 0 
1669917215 2 1 1 1 
1669917217 1 0 2 0 
1669917219 0 1 2 1 
1669917221 1 4 2 2 
1669917223 0 0 1 1 
1669917225 1 2 0 1 
1669917227 0 3 1 2 
1669917229 1 4 4 1 
1669917231 0 2 0 0 
1669917233 2 0 0 0 
1669917235 0 3 1 1 
1669917237 0 1 1 0 
1669917239 0 0 2 1 
1669917241 2 2 0 3 
1669917243 1 2 2 1 
1669917245 1 2 1 2 
1669917247 1 1 4 1 
1669917249 0 2 2 1 
1669917251 0 1 0 0 
1669917253 1 2 0 0 
1669917255 2 2 1 0 
1669917257 4 2 0 0 
1669917259 1 2 0 0 
1669917261 0 0 2 2 
1669917263 4 5 1 1 
1669917265 0 1 2 3 
1669917267 2 0 0 0 
1669917269 1 3 3 1 
1669917271 0 2 1 1 
1669917273 0 2 0 0 
1669917275 0 1 2 0 
1669917277 3 0 0 1 
1669917279 2 0 1 3 
1669917281 2 0 1 1 
1669917283 0 0 0 0 
1669917285 0 4 2 4 
1669917287 1 0 0 2 
1669917289 0 2 2 0 
1669917291 0 2 3 1 
1669917293 0 0 2 0 
1669917295 2 1 0 0 
1669917297 3 1 1 0 
1669917299 1 4 1 0 
1669917301 2 0 1 2 
1669917303 1 3 0 2 
1669917305 3 1 3 4 
1669917307 3 3 2 0 
1669917309 1 0 1 1 
1669917311 0 2 0 0 
1669917313 0 3 1 1 
1669917315 3 2 0 0 
1669917317 1 3 0 1 
1669917319 3 2 1 0 
1669917321 5 2 1 3 
1669917323 0 2 2 1 
1669917325 2 0 0 4 
1669917327 4 3 1 0 
1669917329 2 3 2 0 
1669917331 3 3 1 5 
1669917333 0 4 2 1 
1669917335 0 0 0 0 
1669917337 1 0 2 0 
1669917339 0 2 1 2 
1669917341 0 3 1 2 
1669917343 2 1 0 0 
1669917345 0 2 2 0 
1669917347 3 1 0 0 
1669917349 0 1 0 0 
1669917351 0 1 3 0 
1669917353 1 5 0 0 
1669917355 1 2 2 3 
1669917357 1 0 0 0 
1669917359 0 1 0 3 
1669917361 1 5 2 1 
1669917363 0 2 1 2 
1669917365 2 0 4 1 
1669917367 0 3 0 0 
1669917369 0 3 0 0 
1669917371 2 2 0 1 
1669917373 0 0 0 0 
1669917375 1 3 1 0 
1669917377 1 0 0 1 
1669917379 1 2 2 0 
1669917381 1 2 0 3 
1669917383 1 2 2 3 
1669917385 0 4 0 2 
1669917387 0 1 0 1 
1669917389 2 4 2 3 
1669917391 2 3 0 1 
1669917393 3 2 0 3 
1669917395 0 0 3 2 
1669917397 0 2 5 0 
1669917399 2 0 1 3 
1669917401 0 1 0 0 
1669917403 0 3 0 2 
1669917405 1 0 0 0 
1669917407 2 2 0 0 
1669917409 0 0 2 1 
1669917411 0 0 1 0 
1669917413 0 0 2 1 
1669917415 0 1 0 1 
1669917417 2 2 1 0 
1669917419 1 3 2 2 
1669917421 1 0 0 0 
1669917423 0 0 1 0 
1669917425 3 1 2 0 
1669917427 0 1 1 0 
1669917429 0 2 0 3 
1669917431 0 3 0 2 
1669917433 1 5 1 2 
1669917435 0 1 1 3 
1669917437 0 0 0 3 
1669917439 0 1 2 5 
1669917441 1 1 0 1 
1669917443 0 1 2 1 
1669917445 0 3 0 0 
1669917447 2 0 2 1 
1669917449 0 3 0 4 
1669917451 0 3 1 3 
1669917453 1 1 1 0 
1669917455 0 1 3 0 
1669917457 2 3 0 2 
1669917459 0 3 1 0 
1669917461 0 4 2 1 
1669917463 0 2 0 3 
1669917465 0 2 2 2 
1669917467 0 2 0 2 
1669917469 0 2 0 3 
1669917471 0 1 0 1 
1669917473 0 0 2 4 
1669917475 4 1 3 0 
1669917477 2 0 0 0 
1669917479 0 2 1 5 
1669917481 3 2 2 1 
1669917483 0 3 2 1 
1669917485 3 4 1 2 
1669917487 0 2 2 0 
1669917489 1 2 1 2 
1669917491 3 3 2 5 
1669917493 3 4 5 3 
1669917495 3 0 2 4 
1669917497 3 4 2 4 
1669917499 1 2 4 3 
1669917501 1 0 0 1 
1669917503 4 3 1 4 
1669917505 0 4 0 1 
1669917507 2 2 1 0 
1669917509 0 0 1 1 
1669917511 3 1 2 1 
1669917513 0 0 0 1 
1669917515 0 0 0 3 
1669917517 1 1 0 0 
1669917519 1 1 0 0 
1669917521 0 1 0 0 
1669917523 0 1 0 0 
1669917525 0 2 2 2 
1669917527 0 0 0 2 
1669917529 4 1 0 0 
1669917531 2 0 1 1 
1669917533 2 2 1 1 
1669917535 2 4 0 1 
1669917537 1 0 1 1 
1669917539 1 0 0 0 
1669917541 1 2 0 1 
1669917543 3 0 1 0 
1669917545 1 0 3 0 
1669917547 4 3 3 2 
1669917549 2 4 2 3 
1669917551 2 4 2 1 
1669917553 2 4 3 0 
1669917555 1 1 0 1 
1669917557 3 1 3 2 
1669917559 4 2 0 5 
1669917561 0 1 3 2 
1669917563 4 2 0 3 
1669917565 1 3 1 1 
1669917567 1 5 3 3 
1669917569 1 5 0 3 
1669917571 1 2 0 3 
1669917573 1 3 2 2 
1669917575 3 2 0 4 
1669917577 1 0 0 0 
1669917579 1 5 1 4 
1669917581 2 1 4 0 
1669917583 0 5 4 2 
1669917585 2 4 4 0 
1669917587 0 3 2 0 
1669917589 1 0 0 0 
1669917591 2 0 2 1 
1669917593 2 1 2 4 
1669917595 0 2 4 1 
1669917597 3 4 1 4 
1669917599 4 3 3 4 
