1669917603 0 0 0 2 
1669917606 2 2 2 5 
1669917608 5 2 0 3 
1669917610 0 2 4 4 
1669917612 2 3 3 3 
1669917614 1 2 0 4 
1669917616 2 0 2 3 
1669917618 0 0 2 2 
1669917620 4 2 2 0 
1669917622 0 1 1 0 
1669917624 3 4 0 0 
1669917626 4 1 0 0 
1669917628 2 1 2 1 
1669917630 0 1 2 0 
1669917632 0 0 0 0 
1669917634 0 2 1 2 
1669917636 2 3 0 1 
1669917638 2 1 0 0 
1669917640 1 1 0 0 
1669917642 0 1 1 0 
1669917644 1 3 2 1 
1669917646 2 3 2 0 
1669917648 2 3 1 0 
1669917650 2 0 1 3 
1669917652 2 0 0 1 
1669917654 0 0 1 1 
1669917656 4 1 3 3 
1669917658 2 2 0 3 
1669917660 1 3 0 0 
1669917662 3 2 0 0 
1669917664 0 2 0 0 
1669917666 0 2 0 1 
1669917668 0 0 0 2 
1669917670 0 1 0 0 
1669917672 3 2 0 2 
1669917674 0 2 1 2 
1669917676 0 5 0 1 
1669917678 0 1 0 0 
1669917680 3 2 2 2 
1669917682 0 2 0 1 
1669917684 0 0 2 1 
1669917686 0 3 0 1 
1669917688 1 0 0 0 
1669917690 0 0 0 2 
1669917692 2 4 3 0 
1669917694 0 3 1 0 
1669917696 0 0 0 0 
1669917698 2 3 0 0 
1669917700 1 3 0 0 
1669917702 0 0 0 2 
1669917704 3 4 1 2 
1669917706 1 1 2 2 
1669917708 2 2 2 0 
1669917710 1 0 1 0 
1669917712 1 1 0 1 
1669917714 2 0 0 2 
1669917716 0 1 0 1 
1669917718 0 0 1 1 
1669917720 0 2 0 0 
1669917722 1 1 1 1 
1669917724 0 1 0 1 
1669917726 3 1 1 0 
1669917728 2 3 0 3 
1669917730 0 1 0 0 
1669917732 0 0 0 2 
1669917734 0 3 0 1 
1669917736 4 0 0 1 
1669917738 2 1 0 1 
1669917740 0 1 1 0 
1669917742 0 3 0 3 
1669917744 2 4 0 0 
1669917746 0 2 0 0 
1669917748 2 0 3 4 
1669917750 3 0 1 3 
1669917752 2 2 2 0 
1669917754 2 3 1 1 
1669917756 0 0 2 2 
1669917758 1 1 0 2 
1669917760 2 1 3 1 
1669917762 3 2 3 2 
1669917764 2 0 4 2 
1669917766 0 1 3 2 
1669917768 2 4 3 2 
1669917770 2 2 0 0 
1669917772 0 0 0 0 
1669917774 0 2 0 0 
1669917776 1 0 0 0 
1669917778 1 3 1 2 
1669917780 4 3 2 2 
1669917782 0 4 2 0 
1669917784 0 1 0 0 
1669917786 5 3 3 6 
1669917788 0 0 0 2 
1669917790 1 2 3 0 
1669917792 1 2 3 0 
1669917794 0 2 2 0 
1669917796 2 1 1 2 
1669917798 1 2 1 2 
1669917800 1 1 2 0 
1669917802 0 3 0 1 
1669917804 0 2 3 1 
1669917806 2 3 0 0 
1669917808 0 3 0 0 
1669917810 1 2 0 0 
1669917812 2 1 0 0 
1669917814 2 0 3 1 
1669917816 2 2 4 0 
1669917818 1 0 0 1 
1669917820 0 0 2 1 
1669917822 1 4 0 1 
1669917824 4 2 3 2 
1669917826 0 0 0 1 
1669917828 3 3 0 2 
1669917830 1 2 2 2 
1669917832 0 1 0 0 
1669917834 2 2 2 1 
1669917836 0 1 0 0 
1669917838 3 3 4 2 
1669917840 1 3 0 2 
1669917842 0 4 2 2 
1669917844 4 4 1 1 
1669917846 2 3 3 1 
1669917848 0 1 0 0 
1669917850 0 3 1 0 
1669917852 0 3 0 0 
1669917854 2 2 0 1 
1669917856 0 2 0 2 
1669917858 1 2 1 2 
1669917860 0 0 2 0 
1669917862 3 0 0 0 
1669917864 2 0 1 0 
1669917866 2 2 2 0 
1669917868 0 0 3 0 
1669917870 0 0 0 1 
1669917872 1 3 0 1 
1669917874 2 0 0 1 
1669917876 0 1 0 2 
1669917878 0 1 0 1 
1669917880 1 1 0 2 
1669917882 0 0 1 1 
1669917884 2 0 1 1 
1669917886 1 4 0 0 
1669917888 3 3 0 1 
1669917890 0 0 2 3 
1669917892 0 3 1 1 
1669917894 1 3 5 2 
1669917896 3 3 1 2 
1669917898 0 0 2 1 
1669917900 0 1 1 2 
1669917902 3 4 0 0 
1669917904 0 1 0 4 
1669917906 1 0 0 1 
1669917908 0 0 0 3 
1669917910 0 1 0 0 
1669917912 1 2 1 4 
1669917914 0 3 0 2 
1669917916 0 3 1 2 
1669917918 0 2 2 3 
1669917920 0 3 0 4 
1669917922 1 0 1 1 
1669917924 0 0 1 5 
1669917926 0 3 0 3 
1669917928 0 3 1 0 
1669917930 0 1 0 2 
1669917932 2 1 1 1 
1669917934 1 0 0 0 
1669917936 2 1 2 0 
1669917938 1 0 0 2 
1669917940 0 2 0 0 
1669917942 0 1 0 2 
1669917944 0 0 1 3 
1669917946 3 0 0 1 
1669917948 2 4 2 1 
1669917950 2 1 3 0 
1669917952 1 1 2 1 
1669917954 0 0 0 1 
1669917956 0 0 0 0 
1669917958 0 0 0 3 
1669917960 1 5 0 0 
1669917962 0 4 0 0 
1669917964 2 6 1 1 
1669917966 2 2 0 0 
1669917968 3 1 1 3 
1669917970 0 2 1 2 
1669917972 1 0 2 3 
1669917974 1 3 1 2 
1669917976 1 0 0 0 
1669917978 0 1 4 1 
1669917980 0 0 0 1 
1669917982 3 5 2 1 
1669917984 0 2 0 1 
1669917986 4 5 2 5 
1669917988 1 0 0 0 
1669917990 0 1 1 0 
1669917992 1 10 1 1 
1669917994 0 0 0 0 
1669917996 2 2 2 2 
1669917998 3 2 1 1 
1669918000 1 1 1 1 
1669918002 0 2 2 1 
1669918004 0 0 0 3 
1669918006 2 0 0 1 
1669918008 0 0 1 0 
1669918010 0 2 3 0 
1669918012 2 2 0 3 
1669918014 3 0 1 2 
1669918016 0 1 3 4 
1669918018 2 3 0 2 
1669918020 1 4 0 1 
1669918022 3 7 1 1 
1669918024 0 3 0 2 
1669918026 3 0 2 0 
1669918028 2 4 1 1 
1669918030 1 1 1 2 
1669918032 1 2 1 0 
1669918034 3 0 0 1 
1669918036 1 2 2 3 
1669918038 2 2 0 0 
1669918040 1 2 1 4 
1669918042 0 0 0 5 
1669918044 2 0 2 1 
1669918046 1 3 0 0 
1669918048 0 1 0 0 
1669918050 1 2 2 1 
1669918052 2 1 0 0 
1669918054 2 0 0 1 
1669918056 0 0 2 1 
1669918058 2 2 0 1 
1669918060 1 2 0 3 
1669918062 1 0 0 0 
1669918064 1 4 0 0 
1669918066 0 0 0 2 
1669918068 1 1 3 0 
1669918070 0 4 0 0 
1669918072 1 0 0 2 
1669918074 1 2 4 0 
1669918076 4 1 3 1 
1669918078 0 4 0 0 
1669918080 0 1 3 1 
1669918082 0 1 3 1 
1669918084 0 5 0 2 
1669918086 0 5 1 1 
1669918088 0 0 3 3 
1669918090 0 4 2 2 
1669918092 1 0 1 0 
1669918094 0 2 0 2 
1669918096 4 8 0 0 
1669918098 0 1 0 2 
1669918100 3 2 0 1 
1669918102 0 5 3 3 
1669918104 3 2 3 2 
1669918106 0 0 4 3 
1669918108 1 0 0 3 
1669918110 1 1 0 1 
1669918112 0 3 0 2 
1669918114 1 2 1 1 
1669918116 0 1 0 0 
1669918118 3 3 0 1 
1669918120 1 3 0 0 
1669918122 5 2 0 0 
1669918124 4 0 0 4 
1669918126 1 3 1 1 
1669918128 0 2 0 0 
1669918130 0 1 0 2 
1669918132 2 0 3 2 
1669918134 0 3 1 0 
1669918136 1 1 0 1 
1669918138 0 5 1 0 
1669918140 2 5 2 2 
1669918142 5 0 0 0 
1669918144 1 0 0 2 
1669918146 1 4 4 3 
1669918148 2 2 1 0 
1669918150 2 2 1 1 
1669918152 1 3 1 2 
1669918154 2 2 1 0 
1669918156 3 3 2 0 
1669918158 2 3 4 3 
1669918160 0 1 0 2 
1669918162 1 0 0 1 
1669918164 2 5 0 1 
1669918166 2 3 1 0 
1669918168 0 4 3 2 
1669918170 0 2 0 1 
1669918172 1 4 3 1 
1669918174 3 1 0 1 
1669918176 1 1 1 1 
1669918178 5 1 0 1 
1669918180 1 0 0 0 
1669918182 3 1 1 2 
1669918184 0 4 0 2 
1669918186 5 5 1 2 
1669918188 0 2 4 1 
1669918190 2 3 2 0 
1669918192 1 1 2 2 
1669918194 0 1 4 0 
1669918196 1 1 0 4 
1669918198 0 3 1 3 
1669918200 0 0 2 0 
1669918202 0 2 2 0 
1669918204 0 0 2 2 
1669918206 0 2 0 2 
1669918208 1 0 3 0 
1669918210 0 1 0 0 
1669918212 0 3 4 5 
1669918214 0 1 4 0 
1669918216 0 0 0 0 
1669918218 3 0 0 0 
1669918220 0 2 4 3 
1669918222 0 2 1 1 
1669918224 1 1 1 1 
1669918226 1 6 1 0 
1669918228 2 3 2 0 
1669918230 0 0 0 0 
1669918232 1 1 2 0 
1669918234 0 2 3 0 
1669918236 0 2 2 1 
1669918238 3 0 1 0 
1669918240 0 0 0 0 
1669918242 0 0 0 0 
1669918244 3 0 1 3 
1669918246 4 1 0 0 
1669918248 1 0 2 0 
1669918250 3 2 1 0 
1669918252 3 2 0 0 
1669918254 0 2 3 0 
1669918256 0 2 0 0 
1669918258 2 2 0 1 
1669918260 1 2 0 1 
1669918262 0 2 0 1 
1669918264 0 4 1 2 
1669918266 0 3 0 0 
1669918268 3 3 0 5 
1669918270 4 1 0 2 
1669918272 1 3 0 0 
1669918274 2 4 0 1 
1669918276 3 1 0 1 
1669918278 0 0 2 3 
1669918280 1 0 1 1 
1669918282 0 0 3 2 
1669918284 1 2 0 0 
1669918286 2 0 0 0 
1669918288 0 1 1 0 
1669918290 0 0 2 2 
1669918292 1 2 2 4 
1669918294 0 0 0 4 
1669918296 3 5 3 2 
1669918298 1 1 2 0 
1669918300 2 3 0 3 
1669918302 1 1 0 0 
1669918304 0 0 0 1 
1669918306 1 0 0 0 
1669918308 0 0 1 5 
1669918310 1 2 1 4 
1669918312 4 3 0 0 
1669918314 0 2 3 0 
1669918316 0 3 1 2 
1669918318 0 2 4 0 
1669918320 0 1 3 1 
1669918322 3 3 0 1 
1669918324 3 3 0 0 
1669918326 2 3 0 0 
1669918328 0 2 2 1 
1669918330 0 2 1 7 
1669918332 0 3 4 2 
1669918334 3 4 0 2 
1669918336 3 1 2 0 
1669918338 2 4 0 3 
1669918340 0 0 1 1 
1669918342 3 3 2 0 
1669918344 0 1 1 0 
1669918346 0 5 0 4 
1669918348 3 3 0 0 
1669918350 0 0 0 0 
1669918352 0 1 1 3 
1669918354 6 4 0 2 
1669918356 0 1 0 0 
1669918358 0 2 0 1 
1669918360 1 2 0 1 
1669918362 2 5 1 3 
1669918364 0 4 3 0 
1669918366 0 3 2 0 
1669918368 0 0 3 1 
1669918370 1 5 0 1 
1669918372 0 3 0 0 
1669918374 0 1 0 0 
1669918376 2 2 1 0 
1669918378 3 3 0 2 
1669918380 0 0 5 0 
1669918382 0 2 1 2 
1669918384 3 0 2 2 
1669918386 2 2 0 1 
1669918388 4 2 0 0 
1669918390 3 2 2 0 
1669918392 0 3 1 3 
1669918394 2 0 0 0 
1669918396 0 1 0 4 
1669918398 0 0 0 4 
1669918400 0 2 1 0 
1669918402 0 0 2 2 
1669918404 1 5 0 2 
1669918406 0 0 0 2 
1669918408 0 2 0 0 
1669918410 5 1 0 0 
1669918412 2 2 2 4 
1669918414 2 4 4 1 
1669918416 0 3 2 2 
1669918418 3 2 2 2 
1669918420 0 3 2 0 
1669918422 0 1 2 1 
1669918424 0 1 0 1 
1669918426 1 2 2 0 
1669918428 1 0 0 2 
1669918430 0 1 1 2 
1669918432 0 0 2 2 
1669918434 0 4 2 1 
1669918436 1 2 1 2 
1669918438 2 3 0 1 
1669918440 0 3 0 0 
1669918442 2 3 1 0 
1669918444 1 3 3 0 
1669918446 1 5 0 0 
1669918448 0 1 0 0 
1669918450 3 1 2 3 
1669918452 0 0 1 0 
1669918454 2 3 0 1 
1669918456 0 0 0 0 
1669918458 0 2 1 0 
1669918460 0 1 4 1 
1669918462 2 3 1 1 
1669918464 0 2 0 1 
1669918466 0 5 0 0 
1669918468 1 2 1 3 
1669918470 3 2 2 1 
1669918472 0 5 2 2 
1669918474 1 3 0 1 
1669918476 0 2 0 1 
1669918478 0 2 3 2 
1669918480 4 1 2 0 
1669918482 0 2 1 2 
1669918484 0 0 2 1 
1669918486 0 1 3 0 
1669918488 0 4 0 1 
1669918490 3 2 1 1 
1669918492 1 1 0 1 
1669918494 2 1 0 2 
1669918496 2 0 2 1 
1669918498 0 1 0 2 
1669918500 1 1 0 2 
1669918502 3 6 3 0 
1669918504 1 2 3 1 
1669918506 0 2 0 0 
1669918508 0 0 0 4 
1669918510 0 2 2 0 
1669918512 0 1 0 0 
1669918514 0 2 2 3 
1669918516 1 3 1 2 
1669918518 0 0 1 0 
1669918520 3 2 2 1 
1669918522 1 2 2 0 
1669918524 2 0 2 1 
1669918526 3 1 2 1 
1669918528 0 0 0 0 
1669918530 2 1 0 3 
1669918532 0 3 0 1 
1669918534 0 2 0 0 
1669918536 0 1 2 0 
1669918538 2 4 2 0 
1669918540 2 3 0 2 
1669918542 0 3 1 4 
1669918544 0 0 0 1 
1669918546 0 1 2 3 
1669918548 2 2 1 1 
1669918550 1 3 0 0 
1669918552 0 3 0 1 
1669918554 1 3 0 1 
1669918556 3 3 0 3 
1669918558 0 0 1 2 
1669918560 2 4 1 1 
1669918562 4 3 0 0 
1669918564 2 0 1 4 
1669918566 2 3 0 0 
1669918568 0 5 2 5 
1669918570 0 0 0 1 
1669918572 0 0 1 1 
1669918574 0 5 0 1 
1669918576 3 3 0 3 
1669918578 4 2 0 0 
1669918580 1 0 0 3 
1669918582 1 3 0 0 
1669918584 3 2 0 2 
1669918586 4 4 3 3 
1669918588 4 0 3 2 
1669918590 0 2 2 0 
1669918592 0 0 0 0 
1669918594 2 4 1 4 
1669918596 2 1 1 1 
1669918598 2 2 5 1 
1669918600 4 0 1 0 
1669918602 1 1 0 2 
1669918604 1 2 2 3 
1669918606 2 4 3 0 
1669918608 1 1 0 1 
1669918610 0 5 1 0 
1669918612 0 0 2 2 
1669918614 0 0 0 2 
1669918616 3 4 1 2 
1669918618 2 2 0 0 
1669918620 4 1 3 1 
1669918622 0 0 2 2 
1669918624 1 1 0 1 
1669918626 1 2 0 1 
1669918628 0 3 0 1 
1669918630 0 2 0 2 
1669918632 3 1 1 2 
1669918634 1 5 3 3 
1669918636 0 0 0 1 
1669918638 0 2 0 2 
1669918640 3 1 0 2 
1669918642 2 0 0 2 
1669918644 0 5 0 2 
1669918646 1 1 0 2 
1669918648 0 3 1 0 
1669918650 0 0 1 4 
1669918652 2 3 0 0 
1669918654 0 3 2 2 
1669918656 0 2 2 1 
1669918658 0 0 2 0 
1669918660 2 3 0 2 
1669918662 1 3 0 0 
1669918664 0 2 2 0 
1669918666 0 2 1 3 
1669918668 0 2 1 2 
1669918670 0 4 0 0 
1669918672 2 4 1 0 
1669918674 1 2 0 0 
1669918676 0 0 1 2 
1669918678 1 0 0 1 
1669918680 1 1 1 0 
1669918682 1 2 0 2 
1669918684 2 5 1 2 
1669918686 0 1 0 1 
1669918688 3 4 0 1 
1669918690 3 0 0 1 
1669918692 2 2 0 3 
1669918694 3 3 0 2 
1669918696 4 4 0 1 
1669918698 3 1 1 1 
1669918700 1 3 2 3 
1669918702 1 5 0 3 
1669918704 2 2 1 0 
1669918706 0 1 2 4 
1669918708 0 2 4 4 
1669918710 1 2 5 1 
1669918712 3 3 3 1 
1669918714 1 1 3 3 
1669918716 0 2 0 0 
1669918718 0 3 3 1 
1669918720 3 5 0 0 
1669918722 1 1 0 3 
1669918724 2 1 0 1 
1669918726 0 3 0 1 
1669918728 4 2 0 2 
1669918730 3 0 2 1 
1669918732 1 2 0 1 
1669918734 0 1 1 3 
1669918736 1 0 0 0 
1669918738 0 0 0 0 
1669918740 1 3 1 0 
1669918742 0 0 2 0 
1669918744 2 1 2 2 
1669918746 2 3 4 0 
1669918748 0 3 4 2 
1669918750 0 1 1 2 
1669918752 4 0 1 3 
1669918754 4 2 1 0 
1669918756 1 2 0 1 
1669918758 1 0 3 0 
1669918760 0 0 0 0 
1669918762 2 1 2 1 
1669918764 2 0 0 1 
1669918766 1 4 0 1 
1669918768 0 0 2 3 
1669918770 0 0 0 1 
1669918772 1 0 1 2 
1669918774 0 1 0 4 
1669918776 2 3 0 0 
1669918778 0 1 1 0 
1669918780 0 2 0 3 
1669918782 0 1 0 0 
1669918784 0 3 4 6 
1669918786 1 2 3 3 
1669918788 2 1 2 1 
1669918790 3 0 0 2 
1669918792 0 3 0 2 
1669918794 0 1 0 1 
1669918796 4 1 2 1 
1669918798 1 3 2 0 
1669918800 0 5 1 1 
1669918802 0 2 2 0 
1669918804 0 3 0 2 
1669918806 1 1 0 1 
1669918808 3 0 0 0 
1669918810 0 6 1 3 
1669918812 0 0 3 0 
1669918814 0 0 0 1 
1669918816 1 3 4 0 
1669918818 0 1 0 0 
1669918820 0 0 2 2 
1669918822 0 1 0 3 
1669918824 2 0 1 3 
1669918826 2 3 0 2 
1669918828 2 3 0 2 
1669918830 2 1 1 2 
1669918832 1 2 0 2 
1669918834 2 1 0 2 
1669918836 0 0 2 0 
1669918838 0 2 2 2 
1669918840 3 2 4 0 
1669918842 0 1 1 0 
1669918844 1 1 2 0 
1669918846 0 0 0 0 
1669918848 0 3 3 0 
1669918850 3 1 0 0 
1669918852 1 0 3 0 
1669918854 3 2 0 0 
1669918856 0 0 1 2 
1669918858 3 0 0 0 
1669918860 0 4 0 0 
1669918862 0 0 0 0 
1669918864 0 4 2 0 
1669918866 1 1 2 1 
1669918868 0 3 1 3 
1669918870 1 5 2 1 
1669918872 4 3 1 0 
1669918874 2 1 0 1 
1669918876 0 3 1 3 
1669918878 3 1 0 4 
1669918880 1 5 0 0 
1669918882 1 1 0 1 
1669918884 2 2 1 0 
1669918886 2 3 0 2 
1669918888 0 2 0 1 
1669918890 0 4 0 1 
1669918892 0 1 3 1 
1669918894 3 2 2 2 
1669918896 1 1 0 3 
1669918898 0 0 0 1 
1669918900 2 4 3 0 
1669918902 1 1 0 1 
1669918904 0 1 1 2 
1669918906 2 1 0 0 
1669918908 2 4 1 2 
1669918910 3 0 1 2 
1669918912 0 1 1 0 
1669918914 2 0 2 3 
1669918916 1 0 2 3 
1669918918 2 2 0 0 
1669918920 0 4 0 0 
1669918922 2 2 3 1 
1669918924 1 2 0 2 
1669918926 1 3 0 1 
1669918928 3 2 1 1 
1669918930 2 4 1 1 
1669918932 2 1 0 0 
1669918934 0 3 2 2 
1669918936 0 0 2 1 
1669918938 4 0 0 0 
1669918940 0 4 2 1 
1669918942 1 2 0 2 
1669918944 1 2 0 0 
1669918946 0 3 0 0 
1669918948 1 1 3 2 
1669918950 2 0 1 0 
1669918952 0 1 1 0 
1669918954 0 3 0 3 
1669918956 0 1 3 0 
1669918958 1 3 0 0 
1669918960 3 5 4 3 
1669918962 1 1 4 0 
1669918964 0 1 3 2 
1669918966 0 2 0 1 
1669918968 2 2 1 1 
1669918970 1 3 3 0 
1669918972 3 3 0 0 
1669918974 0 2 1 2 
1669918976 0 0 2 0 
1669918978 4 3 0 1 
1669918980 1 2 4 0 
1669918982 1 1 0 0 
1669918984 4 5 4 2 
1669918986 4 4 2 2 
1669918988 3 2 0 3 
1669918990 1 2 1 0 
1669918992 0 0 0 0 
1669918994 2 4 1 1 
1669918996 0 2 2 0 
1669918998 2 0 4 3 
1669919000 1 2 1 2 
1669919002 3 0 0 1 
1669919004 0 0 3 0 
1669919006 1 5 0 0 
1669919008 2 1 0 0 
1669919010 1 2 1 4 
1669919012 0 0 0 1 
1669919014 2 3 1 0 
1669919016 2 3 2 3 
1669919018 0 2 0 0 
1669919020 3 1 3 1 
1669919022 0 1 0 1 
1669919024 2 0 0 3 
1669919026 4 2 0 2 
1669919028 0 1 0 2 
1669919030 3 2 1 1 
1669919032 3 0 0 4 
1669919034 0 0 0 2 
1669919036 0 2 0 0 
1669919038 4 2 0 0 
1669919040 0 0 2 0 
1669919042 1 2 3 1 
1669919044 3 3 2 2 
1669919046 0 1 2 4 
1669919048 1 1 1 0 
1669919050 3 2 3 3 
1669919052 1 0 0 0 
1669919054 2 2 2 1 
1669919056 1 0 0 0 
1669919058 0 4 3 0 
1669919060 2 3 0 0 
1669919062 1 5 0 1 
1669919064 1 0 1 2 
1669919066 0 0 0 2 
1669919068 3 2 0 2 
1669919070 2 0 1 3 
1669919072 0 2 0 2 
1669919074 2 4 0 0 
1669919076 1 3 0 0 
1669919078 0 3 0 1 
1669919080 0 3 2 3 
1669919082 0 0 3 0 
1669919084 3 0 0 1 
1669919086 1 1 0 0 
1669919088 2 2 2 0 
1669919090 1 3 0 0 
1669919092 0 2 1 1 
1669919094 0 1 4 1 
1669919096 0 2 0 1 
1669919098 0 0 2 2 
1669919100 1 1 0 1 
1669919102 3 0 0 1 
1669919104 2 1 0 0 
1669919106 3 2 0 0 
1669919108 0 1 1 0 
1669919110 2 5 1 0 
1669919112 0 0 2 0 
1669919114 0 3 3 2 
1669919116 1 3 0 0 
1669919118 2 0 2 0 
1669919120 1 4 2 1 
1669919122 0 0 0 1 
1669919124 2 2 2 2 
1669919126 2 1 1 0 
1669919128 0 2 0 1 
1669919130 0 2 0 0 
1669919132 0 1 3 1 
1669919134 1 0 1 1 
1669919136 0 4 2 0 
1669919138 1 1 1 3 
1669919140 0 0 0 4 
1669919142 2 1 1 0 
1669919144 2 2 2 2 
1669919146 1 3 2 1 
1669919148 3 2 0 0 
1669919150 0 1 3 1 
1669919152 1 0 0 0 
1669919154 2 2 3 1 
1669919156 1 2 0 1 
1669919158 1 0 4 0 
1669919160 1 2 2 0 
1669919162 0 4 4 2 
1669919164 2 1 0 4 
1669919166 0 0 1 0 
1669919168 0 3 3 2 
1669919170 0 3 2 3 
1669919172 2 3 0 0 
1669919174 0 0 0 1 
1669919176 2 2 1 1 
1669919178 0 0 1 0 
1669919180 2 0 0 3 
1669919182 0 2 0 2 
1669919184 2 3 4 5 
1669919186 1 8 0 0 
1669919188 2 0 2 0 
1669919190 0 2 0 0 
1669919192 0 1 0 1 
1669919194 0 3 0 1 
1669919196 3 0 0 1 
1669919198 0 0 2 2 
1669919200 0 0 1 3 
1669919202 2 0 0 0 
1669919204 1 2 0 0 
1669919206 0 1 2 0 
1669919208 1 1 0 1 
1669919210 0 3 2 0 
1669919212 2 3 2 1 
1669919214 2 3 0 0 
1669919216 0 2 4 1 
1669919218 0 3 0 0 
1669919220 3 0 0 1 
1669919222 0 0 1 2 
1669919224 0 2 1 2 
1669919226 0 3 2 2 
1669919228 0 1 0 1 
1669919230 3 3 0 0 
1669919232 0 3 0 1 
1669919234 1 1 1 1 
1669919236 0 3 0 0 
1669919238 0 2 2 1 
1669919240 3 4 2 1 
1669919242 2 1 0 0 
1669919244 4 0 1 2 
1669919246 0 2 1 1 
1669919248 3 3 0 2 
1669919250 3 0 0 0 
1669919252 0 2 1 0 
1669919254 3 2 1 3 
1669919256 0 0 0 1 
1669919258 4 2 2 0 
1669919260 0 2 0 0 
1669919262 1 0 2 1 
1669919264 3 1 0 0 
1669919266 3 2 0 3 
1669919268 0 0 0 1 
1669919270 0 0 0 0 
1669919272 0 1 1 0 
1669919274 0 1 0 3 
1669919276 0 3 2 0 
1669919278 1 2 2 0 
1669919280 1 4 0 0 
1669919282 0 2 4 1 
1669919284 2 2 1 1 
1669919286 3 0 0 0 
1669919288 2 0 1 2 
1669919290 1 4 3 1 
1669919292 1 1 3 0 
1669919294 2 0 2 1 
1669919296 0 4 3 2 
1669919298 1 0 3 1 
1669919300 1 2 1 0 
1669919302 1 1 2 0 
1669919304 2 1 2 1 
1669919306 3 0 1 3 
1669919308 2 0 0 0 
1669919310 0 5 0 1 
1669919312 0 2 2 0 
1669919314 1 0 2 2 
1669919316 0 3 0 0 
1669919318 5 3 1 2 
1669919320 1 1 1 0 
1669919322 3 1 0 1 
1669919324 1 1 1 1 
1669919326 1 2 0 3 
1669919328 2 2 1 1 
1669919330 0 0 0 1 
1669919332 3 0 1 0 
1669919334 1 4 0 1 
1669919336 0 0 0 2 
1669919338 3 1 0 0 
1669919340 0 0 2 0 
1669919342 1 2 1 3 
1669919344 0 1 3 0 
1669919346 0 1 3 0 
1669919348 0 1 0 0 
1669919350 0 1 0 0 
1669919352 0 0 2 2 
1669919354 0 2 2 2 
1669919356 1 2 0 3 
1669919358 1 3 2 1 
1669919360 0 3 2 1 
1669919362 4 1 2 0 
1669919364 0 0 1 2 
1669919366 3 1 1 1 
1669919368 0 2 2 2 
1669919370 0 1 1 0 
1669919372 2 3 1 0 
1669919374 0 2 1 0 
1669919376 0 1 0 1 
1669919378 0 4 0 0 
1669919380 2 3 2 0 
1669919382 0 2 0 0 
1669919384 4 6 1 3 
1669919386 3 3 1 5 
1669919388 0 0 1 2 
1669919390 0 2 0 2 
1669919392 3 3 1 1 
1669919394 0 3 2 1 
1669919396 2 0 2 2 
1669919398 2 3 3 4 
1669919400 3 0 0 2 
1669919402 1 1 1 1 
1669919404 2 2 0 0 
1669919406 2 2 0 0 
1669919408 3 2 0 0 
1669919410 1 4 0 2 
1669919412 1 2 0 0 
1669919414 0 4 1 0 
1669919416 1 1 0 0 
1669919418 3 0 1 2 
1669919420 0 1 0 3 
1669919422 0 3 1 2 
1669919424 0 0 1 0 
1669919426 2 3 1 1 
1669919428 0 1 3 0 
1669919430 0 0 1 3 
1669919432 3 1 2 0 
1669919434 1 2 2 3 
1669919436 1 2 0 1 
1669919438 0 0 0 0 
1669919440 0 0 0 3 
1669919442 0 3 2 1 
1669919444 1 2 0 0 
1669919446 0 0 0 2 
1669919448 2 3 0 0 
1669919450 2 2 1 4 
1669919452 0 3 1 1 
1669919454 2 1 4 0 
1669919456 0 0 1 1 
1669919458 1 0 0 2 
1669919460 0 0 0 2 
1669919462 2 1 1 1 
1669919464 5 0 0 2 
1669919466 0 4 0 1 
1669919468 2 1 0 2 
1669919470 1 2 0 3 
1669919472 3 2 1 3 
1669919474 0 2 1 1 
1669919476 2 3 0 3 
1669919478 0 3 2 2 
1669919480 1 0 2 0 
1669919482 0 0 1 2 
1669919484 0 3 0 3 
1669919486 2 5 2 0 
1669919488 0 1 1 1 
1669919490 1 3 0 0 
1669919492 0 1 3 1 
1669919494 0 3 2 1 
1669919496 2 0 1 0 
1669919498 2 0 2 1 
1669919500 2 1 0 1 
1669919502 0 1 5 2 
1669919504 5 0 0 2 
1669919506 1 1 0 0 
1669919508 2 2 2 0 
1669919510 0 5 0 1 
1669919512 0 3 1 3 
1669919514 0 1 4 2 
1669919516 2 3 3 0 
1669919518 1 2 0 2 
1669919520 0 2 1 0 
1669919522 0 0 0 2 
1669919524 3 2 1 2 
1669919526 0 2 0 0 
1669919528 1 1 0 1 
1669919530 3 2 0 3 
1669919532 0 0 2 2 
1669919534 3 3 0 2 
1669919536 0 1 2 3 
1669919538 1 1 1 2 
1669919540 0 0 0 1 
1669919542 2 0 0 2 
1669919544 2 0 0 1 
1669919546 0 3 2 1 
1669919548 1 0 1 0 
1669919550 0 0 0 1 
1669919552 0 3 0 0 
1669919554 0 2 2 0 
1669919556 0 2 3 3 
1669919558 1 2 0 2 
1669919560 0 0 0 2 
1669919562 1 0 0 2 
1669919564 1 1 0 1 
1669919566 3 1 2 1 
1669919568 0 6 1 3 
1669919570 3 0 3 0 
1669919572 1 1 1 4 
1669919574 2 1 0 0 
1669919576 2 3 0 1 
1669919578 0 0 0 1 
1669919580 2 1 0 0 
1669919582 0 0 0 1 
1669919584 2 3 1 5 
1669919586 1 2 1 1 
1669919588 1 9 0 0 
1669919590 2 3 1 4 
1669919592 3 4 3 1 
1669919594 1 0 2 2 
1669919596 0 1 1 1 
1669919598 0 1 3 0 
1669919600 1 0 0 0 
1669919602 2 3 0 1 
1669919604 3 3 0 0 
1669919606 0 1 0 2 
1669919608 0 0 2 2 
1669919610 0 0 0 3 
1669919612 0 3 0 0 
1669919614 0 2 3 3 
1669919616 1 0 1 4 
1669919618 2 1 0 1 
1669919620 3 6 0 1 
1669919622 0 0 0 1 
1669919624 3 1 1 1 
1669919626 1 2 2 0 
1669919628 3 4 0 0 
1669919630 0 4 2 0 
1669919632 3 3 0 3 
1669919634 1 3 1 1 
1669919636 0 1 2 2 
1669919638 1 1 2 2 
1669919640 0 0 3 1 
1669919642 2 4 0 0 
1669919644 2 1 0 0 
1669919646 1 2 4 2 
1669919648 0 0 0 0 
1669919650 0 1 0 1 
1669919652 2 2 3 1 
1669919654 2 1 2 2 
1669919656 1 1 3 0 
1669919658 3 2 1 1 
1669919660 3 2 2 3 
1669919662 0 1 0 1 
1669919664 1 2 4 0 
1669919666 1 0 0 0 
1669919668 0 0 1 1 
1669919670 1 1 0 0 
1669919672 0 1 0 1 
1669919674 0 2 2 0 
1669919676 1 1 0 0 
1669919678 0 3 0 0 
1669919680 1 0 1 1 
1669919682 0 0 1 1 
1669919684 1 4 1 2 
1669919686 0 2 0 1 
1669919688 2 3 0 0 
1669919690 0 3 1 2 
1669919692 0 2 1 1 
1669919694 1 0 0 0 
1669919696 3 3 0 0 
1669919698 0 5 2 0 
1669919700 1 3 0 3 
1669919702 0 1 1 3 
1669919704 1 3 0 1 
1669919706 4 2 0 0 
1669919708 1 1 0 0 
1669919710 2 1 2 1 
1669919712 0 1 0 0 
1669919714 1 1 3 2 
1669919716 0 2 0 1 
1669919718 1 2 1 0 
1669919720 1 1 0 0 
1669919722 2 1 0 2 
1669919724 0 0 0 1 
1669919726 1 1 1 0 
1669919728 1 1 2 0 
1669919730 3 0 0 1 
1669919732 2 2 2 4 
1669919734 3 1 1 1 
1669919736 0 5 1 2 
1669919738 2 0 1 2 
1669919740 0 2 0 1 
1669919742 0 1 0 4 
1669919744 0 3 0 2 
1669919746 2 0 3 1 
1669919748 3 13 0 1 
1669919750 0 3 0 0 
1669919752 0 0 0 2 
1669919754 1 4 1 0 
1669919756 2 0 1 1 
1669919758 1 1 1 3 
1669919760 2 2 2 2 
1669919762 3 2 0 0 
1669919764 0 1 1 2 
1669919766 1 0 0 2 
1669919768 1 2 1 1 
1669919770 1 0 0 1 
1669919772 2 1 0 0 
1669919774 1 1 2 0 
1669919776 1 1 1 0 
1669919778 0 2 3 0 
1669919780 0 3 3 0 
1669919782 1 2 3 2 
1669919784 1 5 4 5 
1669919786 2 4 1 4 
1669919788 2 0 0 3 
1669919790 0 3 0 0 
1669919792 0 1 2 1 
1669919794 3 0 0 0 
1669919796 1 1 1 2 
1669919798 0 0 2 1 
1669919800 1 0 1 1 
1669919802 0 1 0 0 
1669919804 4 4 1 0 
1669919806 1 2 0 1 
1669919808 1 2 0 0 
1669919810 0 0 2 0 
1669919812 1 3 1 1 
1669919814 1 0 3 1 
1669919816 2 1 0 0 
1669919818 3 0 0 0 
1669919820 1 3 0 0 
1669919822 3 1 0 1 
1669919824 0 1 0 0 
1669919826 3 0 2 2 
1669919828 0 3 3 0 
1669919830 3 2 2 0 
1669919832 2 3 0 1 
1669919834 2 1 1 1 
1669919836 0 4 0 0 
1669919838 2 1 0 0 
1669919840 0 1 2 0 
1669919842 0 0 0 3 
1669919844 0 0 0 0 
1669919846 2 2 1 1 
1669919848 0 2 2 0 
1669919850 0 1 0 2 
1669919852 0 5 1 3 
1669919854 1 4 0 5 
1669919856 2 4 2 5 
1669919858 2 1 2 0 
1669919860 1 2 1 1 
1669919862 1 1 2 2 
1669919864 1 0 0 1 
1669919866 0 5 3 4 
1669919868 2 3 2 0 
1669919870 0 0 1 2 
1669919872 2 1 2 2 
1669919874 2 0 4 2 
1669919876 1 0 0 1 
1669919878 1 0 0 1 
1669919880 3 3 0 5 
1669919882 0 0 0 3 
1669919884 4 2 1 2 
1669919886 3 0 2 1 
1669919888 1 2 3 0 
1669919890 1 0 1 0 
1669919892 0 2 2 2 
1669919894 0 3 2 2 
1669919896 0 1 3 1 
1669919898 0 2 0 0 
1669919900 2 2 1 1 
1669919902 0 2 2 2 
1669919904 4 3 1 0 
1669919906 0 2 1 3 
1669919908 3 0 2 1 
1669919910 2 2 0 4 
1669919912 0 2 2 2 
1669919914 0 2 0 2 
1669919916 2 1 3 0 
1669919918 0 3 0 0 
1669919920 0 6 1 0 
1669919922 1 0 0 4 
1669919924 1 4 1 0 
1669919926 0 2 0 0 
1669919928 0 3 0 2 
1669919930 0 2 1 0 
1669919932 1 0 0 3 
1669919934 0 1 1 3 
1669919936 1 2 0 0 
1669919938 0 0 0 0 
1669919940 2 3 1 1 
1669919942 4 1 0 3 
1669919944 2 3 0 2 
1669919946 0 2 1 1 
1669919948 2 2 0 0 
1669919950 2 2 0 0 
1669919952 0 1 0 0 
1669919954 0 5 0 1 
1669919956 0 1 0 0 
1669919958 2 1 0 0 
1669919960 0 2 1 5 
1669919962 0 0 0 0 
1669919964 0 0 0 2 
1669919966 0 1 0 0 
1669919968 1 4 0 0 
1669919970 0 2 0 2 
1669919972 0 0 0 2 
1669919974 1 4 1 0 
1669919976 3 4 0 0 
1669919978 1 0 0 2 
1669919980 0 1 0 0 
1669919982 1 1 0 2 
1669919984 2 6 0 2 
1669919986 2 3 2 3 
1669919988 0 2 2 0 
1669919990 1 4 1 4 
1669919992 0 2 0 1 
1669919994 0 1 2 0 
1669919996 2 3 0 0 
1669919998 2 3 1 0 
1669920000 2 0 0 0 
1669920002 2 1 0 0 
1669920004 0 3 2 0 
1669920006 0 3 0 1 
1669920008 1 3 3 2 
1669920010 0 0 0 0 
1669920012 3 0 0 0 
1669920014 0 0 0 0 
1669920016 1 3 1 0 
1669920018 0 2 2 1 
1669920020 3 4 0 0 
1669920022 0 0 0 2 
1669920024 2 1 1 1 
1669920026 0 0 0 1 
1669920028 3 2 0 0 
1669920030 2 3 0 1 
1669920032 0 1 0 0 
1669920034 1 3 0 0 
1669920036 3 2 1 2 
1669920038 2 0 3 0 
1669920040 1 5 0 0 
1669920042 0 1 0 0 
1669920044 0 0 2 1 
1669920046 1 2 2 1 
1669920048 3 3 3 1 
1669920050 0 2 0 0 
1669920052 1 3 0 0 
1669920054 2 2 2 0 
1669920056 2 2 0 0 
1669920058 1 3 0 1 
1669920060 4 2 3 5 
1669920062 0 4 2 4 
1669920064 0 1 2 3 
1669920066 0 2 2 0 
1669920068 0 1 3 0 
1669920070 0 0 1 2 
1669920072 1 1 0 2 
1669920074 0 2 6 1 
1669920076 0 0 0 1 
1669920078 1 1 1 1 
1669920080 1 2 1 2 
1669920082 0 1 0 0 
1669920084 0 4 0 2 
1669920086 1 1 0 2 
1669920088 0 4 1 1 
1669920090 2 0 0 0 
1669920092 0 3 2 1 
1669920094 3 0 0 1 
1669920096 0 1 2 0 
1669920098 0 2 2 0 
1669920100 0 4 0 2 
1669920102 1 0 3 5 
1669920104 0 2 0 2 
1669920106 0 0 0 0 
1669920108 0 0 0 3 
1669920110 1 1 1 0 
1669920112 0 1 3 2 
1669920114 1 1 0 2 
1669920116 1 1 0 1 
1669920118 1 4 1 0 
1669920120 0 1 1 0 
1669920122 0 1 0 0 
1669920124 3 0 1 0 
1669920126 2 3 0 1 
1669920128 1 2 2 4 
1669920130 0 1 1 2 
1669920132 0 2 0 0 
1669920134 0 1 3 0 
1669920136 2 1 0 0 
1669920138 0 1 2 2 
1669920140 3 0 1 1 
1669920142 0 1 1 2 
1669920144 1 1 1 2 
1669920146 0 0 2 0 
1669920148 4 1 0 0 
1669920150 1 3 1 0 
1669920152 0 2 0 3 
1669920154 0 3 2 0 
1669920156 0 0 2 0 
1669920158 2 2 0 2 
1669920160 2 4 1 1 
1669920162 2 1 0 1 
1669920164 2 2 1 1 
1669920166 0 1 2 2 
1669920168 0 0 3 0 
1669920170 0 2 1 1 
1669920172 0 1 2 3 
1669920174 2 5 0 0 
1669920176 0 0 0 1 
1669920178 0 1 0 0 
1669920180 3 2 1 0 
1669920182 2 0 0 3 
1669920184 0 0 3 1 
1669920186 3 1 0 0 
1669920188 1 2 0 0 
1669920190 0 3 4 0 
1669920192 1 1 0 0 
1669920194 0 4 0 0 
1669920196 0 2 1 0 
1669920198 3 1 0 0 
1669920200 2 1 2 0 
1669920202 4 2 0 1 
1669920204 0 3 0 2 
1669920206 3 1 0 1 
1669920208 1 1 2 1 
1669920210 1 0 0 2 
1669920212 0 1 3 3 
1669920214 1 0 0 2 
1669920216 1 2 1 1 
1669920218 0 2 0 1 
1669920220 0 0 0 0 
1669920222 3 5 0 2 
1669920224 0 0 0 0 
1669920226 0 4 0 0 
1669920228 2 0 2 1 
1669920230 0 4 0 0 
1669920232 1 1 1 2 
1669920234 1 1 0 1 
1669920236 4 4 0 2 
1669920238 3 0 1 0 
1669920240 0 2 1 0 
1669920242 0 2 0 1 
1669920244 1 3 0 0 
1669920246 0 0 0 0 
1669920248 1 0 1 3 
1669920250 0 1 0 4 
1669920252 0 4 1 1 
1669920254 2 0 0 2 
1669920256 0 1 0 4 
1669920258 0 3 3 0 
1669920260 0 0 1 3 
1669920262 0 0 0 4 
1669920264 2 3 2 1 
1669920266 1 0 2 1 
1669920268 0 8 1 1 
1669920270 0 0 2 4 
1669920272 0 0 1 4 
1669920274 4 2 0 1 
1669920276 1 0 0 3 
1669920278 0 2 1 1 
1669920280 0 0 1 2 
1669920282 3 2 0 2 
1669920284 0 1 0 3 
1669920286 2 0 1 1 
1669920288 2 0 0 0 
1669920290 1 1 0 0 
1669920292 0 0 0 0 
1669920294 0 2 3 0 
1669920296 2 1 0 2 
1669920298 0 2 1 2 
1669920300 0 1 3 0 
1669920302 2 0 0 0 
1669920304 0 3 0 0 
1669920306 0 3 1 2 
1669920308 4 2 0 1 
1669920310 1 2 3 0 
1669920312 2 1 0 0 
1669920314 0 1 1 1 
1669920316 0 4 0 0 
1669920318 1 2 1 1 
1669920320 0 2 1 1 
1669920322 0 2 3 1 
1669920324 1 2 0 1 
1669920326 1 4 1 0 
1669920328 0 3 0 2 
1669920330 0 0 0 1 
1669920332 0 4 0 1 
1669920334 0 3 1 0 
1669920336 3 1 0 1 
1669920338 2 3 1 2 
1669920340 2 0 1 0 
1669920342 0 3 1 3 
1669920344 0 2 0 1 
1669920346 3 3 2 0 
1669920348 2 2 3 4 
1669920350 2 2 0 3 
1669920352 3 5 3 1 
1669920354 0 3 0 0 
1669920356 0 1 2 0 
1669920358 2 4 2 1 
1669920360 0 1 5 1 
1669920362 0 2 0 0 
1669920364 0 1 2 0 
1669920366 0 2 2 2 
1669920368 0 3 0 0 
1669920370 0 4 0 0 
1669920372 2 2 2 2 
1669920374 3 1 2 0 
1669920376 0 3 0 3 
1669920378 2 1 0 0 
1669920380 0 0 0 1 
1669920382 2 4 0 1 
1669920384 6 6 2 5 
1669920386 0 3 0 2 
1669920388 1 0 2 5 
1669920390 4 2 0 3 
1669920392 0 1 0 0 
1669920394 0 2 2 2 
1669920396 6 3 1 1 
1669920398 1 1 3 3 
1669920400 0 2 0 0 
1669920402 0 2 0 1 
1669920404 0 1 1 2 
1669920406 2 2 1 2 
1669920408 0 1 0 0 
1669920410 1 1 0 0 
1669920412 0 2 3 1 
1669920414 0 4 0 1 
1669920416 0 1 5 2 
1669920418 0 0 2 3 
1669920420 2 3 0 3 
1669920422 1 2 2 2 
1669920424 2 1 2 1 
1669920426 1 6 0 1 
1669920428 0 5 2 1 
1669920430 0 2 2 4 
1669920432 0 4 0 1 
1669920434 0 3 0 1 
1669920436 0 1 1 0 
1669920438 1 0 2 1 
1669920440 0 0 0 1 
1669920442 3 1 0 1 
1669920444 0 3 0 0 
1669920446 1 1 1 0 
1669920448 1 3 0 0 
1669920450 0 0 0 2 
1669920452 0 3 0 2 
1669920454 4 3 0 0 
1669920456 0 5 1 2 
1669920458 2 1 2 3 
1669920460 0 2 4 1 
1669920462 2 0 0 0 
1669920464 2 1 0 0 
1669920466 0 1 1 2 
1669920468 2 2 1 1 
1669920470 0 1 0 2 
1669920472 2 0 0 0 
1669920474 1 4 1 0 
1669920476 0 2 0 0 
1669920478 2 1 0 0 
1669920480 0 1 0 1 
1669920482 2 2 1 0 
1669920484 0 0 0 2 
1669920486 0 3 1 1 
1669920488 2 4 0 2 
1669920490 2 2 2 2 
1669920492 2 3 1 0 
1669920494 0 2 2 3 
1669920496 0 1 0 0 
1669920498 0 3 1 0 
1669920500 0 5 1 0 
1669920502 0 2 2 1 
1669920504 2 1 2 0 
1669920506 0 3 1 0 
1669920508 1 2 1 0 
1669920510 0 0 0 1 
1669920512 0 2 0 3 
1669920514 3 3 2 0 
1669920516 2 2 0 2 
1669920518 4 3 0 0 
1669920520 1 2 1 2 
1669920522 1 3 1 1 
1669920524 2 2 0 0 
1669920526 2 0 0 0 
1669920528 3 0 2 1 
1669920530 0 2 2 0 
1669920532 0 4 1 0 
1669920534 1 0 0 0 
1669920536 3 0 1 2 
1669920538 0 2 1 1 
1669920540 3 2 3 0 
1669920542 1 3 0 0 
1669920544 0 0 1 1 
1669920546 2 1 0 0 
1669920548 1 2 3 2 
1669920550 0 4 2 1 
1669920552 3 3 0 0 
1669920554 3 0 0 1 
1669920556 0 2 3 2 
1669920558 2 2 0 1 
1669920560 1 3 0 0 
1669920562 0 2 2 3 
1669920564 2 1 0 0 
1669920566 0 1 2 0 
1669920568 0 2 4 1 
1669920570 2 3 0 4 
1669920572 2 4 0 3 
1669920574 2 0 1 0 
1669920576 2 3 0 3 
1669920578 1 4 0 2 
1669920580 1 2 0 0 
1669920582 1 1 2 5 
1669920584 4 3 2 4 
1669920586 4 1 1 1 
1669920588 0 0 1 3 
1669920590 1 1 0 2 
1669920592 0 2 1 1 
1669920594 1 4 1 1 
1669920596 0 1 0 0 
1669920598 1 2 0 1 
1669920600 1 2 0 0 
1669920602 0 0 0 0 
1669920604 1 1 0 0 
1669920606 0 2 0 2 
1669920608 0 3 0 2 
1669920610 3 1 0 3 
1669920612 0 3 1 3 
1669920614 0 1 0 0 
1669920616 0 0 1 2 
1669920618 4 2 3 0 
1669920620 3 1 0 0 
1669920622 0 0 0 1 
1669920624 0 1 0 3 
1669920626 0 3 0 1 
1669920628 3 1 2 0 
1669920630 0 0 0 0 
1669920632 1 0 1 1 
1669920634 0 2 1 1 
1669920636 1 2 0 2 
1669920638 1 0 0 0 
1669920640 1 3 0 0 
1669920642 1 2 0 1 
1669920644 0 1 0 2 
1669920646 2 1 1 3 
1669920648 2 1 1 0 
1669920650 0 0 0 0 
1669920652 0 0 2 0 
1669920654 0 1 0 0 
1669920656 0 3 0 0 
1669920658 1 2 0 0 
1669920660 1 2 0 0 
1669920662 2 1 1 0 
1669920664 0 2 1 0 
1669920666 0 2 1 1 
1669920668 1 0 0 3 
1669920670 3 3 0 0 
1669920672 1 2 3 0 
1669920674 1 0 0 0 
1669920676 0 2 0 1 
1669920678 2 2 1 3 
1669920680 1 3 0 1 
1669920682 1 2 0 1 
1669920684 0 1 0 1 
1669920686 3 1 0 0 
1669920688 2 2 2 2 
1669920690 3 2 2 0 
1669920692 1 0 0 1 
1669920694 4 2 0 0 
1669920696 3 2 1 3 
1669920698 3 1 0 0 
1669920700 1 0 1 1 
1669920702 2 3 3 5 
1669920704 3 3 4 3 
1669920706 0 2 1 5 
1669920708 3 4 3 2 
1669920710 2 1 0 1 
1669920712 0 5 0 4 
1669920714 3 4 3 2 
1669920716 3 2 1 2 
1669920718 3 2 4 1 
1669920720 1 0 0 0 
1669920722 0 0 1 2 
1669920724 0 0 1 3 
1669920726 2 2 0 4 
1669920728 2 5 3 2 
1669920730 3 1 1 2 
1669920732 3 7 4 3 
1669920734 3 3 3 3 
1669920736 1 3 0 2 
1669920738 1 2 3 0 
1669920740 3 5 0 0 
1669920742 0 1 0 1 
1669920744 2 1 1 4 
1669920746 0 1 4 3 
1669920748 2 5 2 3 
1669920750 2 4 3 3 
1669920752 1 3 1 3 
1669920754 0 3 0 0 
1669920756 0 0 1 2 
1669920758 1 4 2 2 
1669920760 5 2 5 4 
1669920762 2 4 3 1 
1669920764 2 7 5 6 
1669920766 4 4 4 4 
1669920768 1 12 2 1 
1669920770 4 3 1 2 
1669920772 0 1 0 0 
1669920774 0 0 0 3 
1669920776 1 2 1 1 
1669920778 3 1 3 0 
1669920780 2 4 4 0 
1669920782 4 4 5 2 
1669920784 0 0 0 3 
1669920786 1 2 0 2 
1669920788 3 0 1 1 
1669920790 0 2 0 2 
1669920792 4 3 1 1 
1669920794 2 5 4 4 
1669920796 2 2 1 2 
1669920798 3 2 2 1 
1669920800 3 3 4 2 
1669920802 2 1 1 0 
1669920804 4 1 1 3 
1669920806 2 0 0 2 
1669920808 1 4 1 3 
1669920810 2 4 0 2 
1669920812 4 5 2 5 
1669920814 6 5 1 4 
1669920816 2 0 2 1 
1669920818 0 0 4 0 
1669920820 0 2 2 4 
1669920822 1 1 2 5 
1669920824 3 3 2 4 
1669920826 3 3 1 3 
1669920828 4 1 1 5 
1669920830 5 4 2 4 
1669920832 2 4 0 0 
1669920834 1 5 1 3 
1669920836 2 3 0 0 
1669920838 0 0 0 3 
1669920840 1 4 1 3 
1669920842 2 3 2 1 
1669920844 2 4 1 2 
1669920846 4 0 0 4 
1669920848 3 4 1 3 
1669920850 1 2 2 0 
1669920852 1 2 2 2 
1669920854 1 4 1 2 
1669920856 3 1 0 2 
1669920858 3 4 1 3 
1669920860 1 4 4 3 
1669920862 4 3 2 3 
1669920864 1 4 0 2 
1669920866 2 3 1 4 
1669920868 3 4 0 2 
1669920870 1 6 2 0 
1669920872 5 4 1 4 
1669920874 2 2 1 4 
1669920876 3 2 2 0 
1669920878 4 3 0 5 
1669920880 3 1 1 0 
1669920882 1 3 2 2 
1669920884 3 1 1 1 
1669920886 0 4 0 0 
1669920888 1 4 2 3 
1669920890 0 1 3 3 
1669920892 3 2 6 3 
1669920894 4 2 2 3 
1669920896 3 5 3 1 
1669920898 1 1 0 0 
1669920900 0 1 0 0 
1669920902 2 3 2 2 
1669920904 4 2 2 2 
1669920906 0 3 5 3 
1669920908 3 5 2 4 
1669920910 0 1 3 2 
1669920912 0 3 1 0 
1669920914 0 0 0 0 
1669920916 0 5 0 1 
1669920918 0 2 0 0 
1669920920 2 1 4 1 
1669920922 3 2 3 0 
1669920924 2 5 3 3 
1669920926 2 4 3 3 
1669920928 0 0 0 0 
1669920930 1 4 0 3 
1669920932 2 3 0 0 
1669920934 1 5 0 2 
1669920936 2 3 0 5 
1669920938 0 2 3 5 
1669920940 5 3 3 6 
1669920942 0 3 4 3 
1669920944 1 4 3 7 
1669920946 0 2 1 1 
1669920948 0 0 3 0 
1669920950 0 3 3 3 
1669920952 1 3 1 3 
1669920954 3 6 3 2 
1669920956 2 1 1 2 
1669920958 1 5 0 0 
1669920960 0 0 3 4 
1669920962 0 2 0 1 
1669920964 3 1 1 4 
1669920966 2 4 0 1 
1669920968 1 2 3 3 
1669920970 3 0 3 3 
1669920972 4 0 2 2 
1669920974 1 4 1 4 
1669920976 2 4 1 4 
1669920978 0 0 0 5 
1669920980 2 2 2 1 
1669920982 0 0 0 2 
1669920984 4 2 3 2 
1669920986 2 4 3 2 
1669920988 2 2 3 4 
1669920990 3 3 3 0 
1669920992 0 2 1 4 
1669920994 0 1 2 1 
1669920996 0 0 2 2 
1669920998 2 0 4 0 
1669921000 2 2 5 3 
1669921002 1 0 3 2 
1669921004 1 2 0 0 
1669921006 0 4 3 1 
1669921008 1 0 2 0 
1669921010 0 3 0 0 
1669921012 0 1 0 1 
1669921014 3 0 0 0 
1669921016 1 2 0 1 
1669921018 0 1 0 3 
1669921020 0 0 1 2 
1669921022 1 3 0 0 
1669921024 1 0 0 2 
1669921026 0 0 5 3 
1669921028 2 5 0 1 
1669921030 8 3 2 5 
1669921032 1 3 3 4 
1669921034 3 1 4 3 
1669921036 4 2 3 2 
1669921038 3 4 3 2 
1669921040 2 2 2 3 
1669921042 5 3 0 1 
1669921044 5 3 2 2 
1669921046 1 0 0 3 
1669921048 0 1 0 2 
1669921050 1 3 1 3 
1669921052 0 4 0 3 
1669921054 1 2 0 3 
1669921056 6 2 0 1 
1669921058 3 4 1 0 
1669921060 3 1 1 1 
1669921062 1 3 0 1 
1669921064 2 1 1 0 
1669921066 3 2 3 1 
1669921068 4 0 1 2 
1669921070 0 2 0 1 
1669921072 4 0 1 2 
1669921074 2 0 0 3 
1669921076 0 2 3 1 
1669921078 1 3 1 1 
1669921080 0 1 1 3 
1669921082 2 4 0 1 
1669921084 4 5 0 5 
1669921086 1 3 4 1 
1669921088 0 0 1 3 
1669921090 1 2 0 4 
1669921092 0 0 0 1 
1669921094 3 5 2 4 
1669921096 0 5 1 6 
1669921098 1 0 1 6 
1669921100 1 0 2 2 
1669921102 5 4 0 1 
1669921104 1 2 1 0 
1669921106 1 3 0 1 
1669921108 3 5 2 1 
1669921110 4 2 1 2 
1669921112 3 2 3 1 
1669921114 0 3 0 0 
1669921116 0 4 1 3 
1669921118 2 5 0 1 
1669921120 0 1 0 1 
1669921122 0 3 2 1 
1669921124 2 5 2 0 
1669921126 0 5 1 0 
1669921128 3 0 1 0 
1669921130 5 6 1 1 
1669921132 5 0 0 0 
1669921134 2 2 1 3 
1669921136 4 3 3 0 
1669921138 0 3 3 2 
1669921140 2 1 5 1 
1669921142 2 3 2 1 
1669921144 2 5 0 0 
1669921146 1 1 1 4 
1669921148 0 2 0 2 
1669921150 0 0 2 1 
1669921152 2 0 0 0 
1669921154 3 0 3 0 
1669921156 0 5 4 2 
1669921158 2 4 1 2 
1669921160 1 2 3 3 
1669921162 0 2 6 1 
1669921164 1 2 4 0 
1669921166 3 1 2 3 
1669921168 0 1 2 3 
1669921170 0 2 5 2 
1669921172 1 3 3 4 
1669921174 0 1 1 1 
1669921176 5 2 2 3 
1669921178 2 2 7 2 
1669921180 3 3 3 2 
1669921182 1 3 0 2 
1669921184 1 3 0 1 
1669921186 1 2 1 1 
1669921188 2 1 1 0 
1669921190 2 1 0 0 
1669921192 1 3 2 1 
1669921194 1 3 1 4 
1669921196 3 2 0 0 
1669921198 0 0 3 3 
