1669921202 0 3 2 4 
1669921205 0 0 0 4 
1669921207 5 3 4 3 
1669921209 4 0 0 3 
1669921211 2 4 2 6 
1669921213 0 3 4 1 
1669921215 1 4 0 3 
1669921217 1 2 4 1 
1669921219 4 1 1 4 
1669921221 2 2 2 5 
1669921223 3 3 1 4 
1669921225 5 0 1 5 
1669921227 5 0 0 1 
1669921229 3 0 2 2 
1669921231 2 2 2 2 
1669921233 0 1 4 4 
1669921235 1 2 2 5 
1669921237 3 4 3 3 
1669921239 3 2 0 0 
1669921241 1 3 0 3 
1669921243 3 0 2 0 
1669921245 0 1 0 1 
1669921247 2 0 3 0 
1669921249 0 2 0 1 
1669921251 1 2 2 0 
1669921253 0 1 0 5 
1669921255 1 3 0 2 
1669921257 1 6 0 2 
1669921259 1 2 0 0 
1669921261 0 3 0 4 
1669921263 0 0 0 5 
1669921265 2 3 4 3 
1669921267 1 0 1 2 
1669921269 4 2 0 2 
1669921271 1 4 1 2 
1669921273 2 4 2 3 
1669921275 1 4 1 3 
1669921277 2 2 1 2 
1669921279 2 2 2 0 
1669921281 2 3 0 5 
1669921283 3 0 0 2 
1669921285 3 4 0 1 
1669921287 2 4 0 2 
1669921289 4 1 0 0 
1669921291 2 7 3 4 
1669921293 0 3 3 0 
1669921295 0 0 0 0 
1669921297 3 1 2 1 
1669921299 1 2 0 3 
1669921301 2 1 1 4 
1669921303 3 0 0 2 
1669921305 1 1 0 4 
1669921307 5 3 2 3 
1669921309 0 0 3 1 
1669921311 2 3 0 3 
1669921313 3 3 2 1 
1669921315 0 1 3 3 
1669921317 4 2 4 5 
1669921319 2 1 3 4 
1669921321 2 3 0 0 
1669921323 0 0 4 2 
1669921325 4 1 3 2 
1669921327 0 0 2 3 
1669921329 2 5 1 2 
1669921331 2 3 2 2 
1669921333 3 6 0 1 
1669921335 0 1 0 2 
1669921337 0 1 3 0 
1669921339 1 0 3 3 
1669921341 0 2 1 1 
1669921343 1 3 4 2 
1669921345 2 2 3 0 
1669921347 2 3 0 0 
1669921349 1 2 2 2 
1669921351 3 0 0 0 
1669921353 1 4 1 3 
1669921355 1 1 1 4 
1669921357 0 0 1 5 
1669921359 2 4 0 4 
1669921361 0 0 2 0 
1669921363 0 0 0 0 
1669921365 0 0 1 3 
1669921367 0 1 0 5 
1669921369 4 3 0 3 
1669921371 2 1 2 6 
1669921373 2 1 3 0 
1669921375 3 0 3 4 
1669921377 0 2 1 4 
1669921379 3 1 4 3 
1669921381 2 3 2 5 
1669921383 3 5 0 3 
1669921385 3 2 3 5 
1669921387 0 3 0 6 
1669921389 4 3 0 1 
1669921391 2 3 3 4 
1669921393 0 1 3 4 
1669921395 3 0 1 3 
1669921397 2 3 1 0 
1669921399 3 0 0 1 
1669921401 2 0 0 4 
1669921403 1 1 0 0 
1669921405 4 2 2 6 
1669921407 0 0 1 4 
1669921409 0 0 0 1 
1669921411 1 1 2 5 
1669921413 3 5 1 0 
1669921415 2 0 0 3 
1669921417 1 2 2 5 
1669921419 2 1 0 2 
1669921421 3 2 0 3 
1669921423 6 1 1 1 
1669921425 1 4 1 4 
1669921427 2 2 0 2 
1669921429 6 2 0 1 
1669921431 1 5 3 0 
1669921433 2 5 2 2 
1669921435 2 4 2 3 
1669921437 4 3 0 4 
1669921439 3 10 0 0 
1669921441 0 5 4 0 
1669921443 2 1 1 2 
1669921445 1 3 0 2 
1669921447 0 2 2 1 
1669921449 1 5 0 1 
1669921451 2 4 2 4 
1669921453 0 2 4 3 
1669921455 4 3 2 2 
1669921457 0 1 0 1 
1669921459 1 4 0 1 
1669921461 2 0 0 1 
1669921463 3 2 4 3 
1669921465 0 1 1 0 
1669921467 1 1 2 3 
1669921469 3 0 0 0 
1669921471 0 2 3 1 
1669921473 2 0 1 1 
1669921475 2 1 4 3 
1669921477 1 1 2 0 
1669921479 1 1 3 0 
1669921481 3 0 1 1 
1669921483 3 3 2 0 
1669921485 1 3 3 2 
1669921487 0 3 3 1 
1669921489 4 2 1 1 
1669921491 3 1 1 1 
1669921493 0 1 5 4 
1669921495 0 4 4 1 
1669921497 3 3 0 0 
1669921499 1 3 3 1 
1669921501 2 1 1 1 
1669921503 1 0 2 0 
1669921505 2 2 0 1 
1669921507 0 1 1 0 
1669921509 0 1 1 2 
1669921511 0 0 0 4 
1669921513 4 3 0 3 
1669921515 3 4 3 2 
1669921517 0 3 0 0 
1669921519 0 2 3 3 
1669921521 1 1 0 5 
1669921523 0 5 2 1 
1669921525 5 5 0 3 
1669921527 2 3 0 1 
1669921529 4 3 1 5 
1669921531 0 0 2 1 
1669921533 3 3 2 3 
1669921535 3 1 0 3 
1669921537 2 0 1 2 
1669921539 6 4 2 5 
1669921541 2 4 4 1 
1669921543 3 1 1 4 
1669921545 1 4 0 5 
1669921547 3 0 1 3 
1669921549 1 1 0 7 
1669921551 4 1 1 4 
1669921553 3 2 0 2 
1669921555 3 2 2 2 
1669921557 2 4 4 1 
1669921559 3 2 0 2 
1669921561 3 3 2 4 
1669921563 5 5 2 0 
1669921565 0 2 2 1 
1669921567 1 1 0 3 
1669921569 0 0 3 2 
1669921571 1 2 3 3 
1669921573 2 2 4 2 
1669921575 0 0 3 0 
1669921577 0 2 1 6 
1669921579 0 0 2 3 
1669921581 0 3 1 4 
1669921583 6 3 3 0 
1669921585 1 5 3 1 
1669921587 4 3 0 3 
1669921589 4 5 0 4 
1669921591 0 0 1 4 
1669921593 0 4 2 3 
1669921595 2 4 1 0 
1669921597 4 4 1 3 
1669921599 3 0 4 4 
1669921601 3 2 0 0 
1669921603 0 3 3 4 
1669921605 1 3 2 0 
1669921607 2 2 0 1 
1669921609 0 5 1 2 
1669921611 0 3 0 0 
1669921613 0 2 1 3 
1669921615 1 3 3 1 
1669921617 0 3 0 2 
1669921619 3 0 0 3 
1669921621 2 1 0 0 
1669921623 3 3 3 0 
1669921625 0 2 3 2 
1669921627 1 3 0 1 
1669921629 0 1 0 7 
1669921631 1 0 0 3 
1669921633 2 3 4 0 
1669921635 1 1 4 1 
1669921637 3 0 2 2 
1669921639 3 3 3 2 
1669921641 2 0 4 4 
1669921643 1 4 1 2 
1669921645 3 3 0 0 
1669921647 2 1 2 1 
1669921649 2 4 1 2 
1669921651 0 3 4 0 
1669921653 3 3 1 1 
1669921655 3 4 3 0 
1669921657 0 2 3 2 
1669921659 1 2 5 2 
1669921661 1 1 3 2 
1669921663 2 0 3 1 
1669921665 2 2 0 0 
1669921667 2 1 0 1 
1669921669 2 1 0 2 
1669921671 1 3 1 6 
1669921673 1 1 1 1 
1669921675 1 3 0 3 
1669921677 0 4 0 3 
1669921679 2 2 2 4 
1669921681 2 0 1 4 
1669921683 0 0 0 6 
1669921685 2 1 1 4 
1669921687 5 4 1 3 
1669921689 1 0 2 6 
1669921691 2 0 1 5 
1669921693 3 1 0 4 
1669921695 2 2 3 3 
1669921697 2 0 0 1 
1669921699 1 0 0 3 
1669921701 1 2 4 3 
1669921703 4 2 1 4 
1669921705 1 4 0 3 
1669921707 4 0 0 2 
1669921709 2 2 2 3 
1669921711 4 0 0 0 
1669921713 1 3 1 1 
1669921715 3 2 0 1 
1669921717 6 4 0 1 
1669921719 4 3 0 2 
1669921721 6 4 1 1 
1669921723 4 1 0 1 
1669921725 0 0 1 1 
1669921727 2 1 2 4 
1669921729 5 2 1 2 
1669921731 0 2 0 4 
1669921733 4 5 3 2 
1669921735 0 4 0 1 
1669921737 1 4 3 4 
1669921739 3 0 0 1 
1669921741 2 4 0 3 
1669921743 0 3 0 2 
1669921745 1 3 3 1 
1669921747 1 2 3 0 
1669921749 2 1 2 0 
1669921751 6 5 0 2 
1669921753 3 1 1 1 
1669921755 1 1 3 2 
1669921757 0 3 2 5 
1669921759 6 4 0 0 
1669921761 2 2 2 4 
1669921763 0 1 2 3 
1669921765 4 1 1 0 
1669921767 0 0 2 2 
1669921769 1 6 0 3 
1669921771 0 3 0 2 
1669921773 1 0 2 1 
1669921775 1 3 0 3 
1669921777 0 3 1 4 
1669921779 3 2 2 1 
1669921781 0 0 0 0 
1669921783 0 0 0 1 
1669921785 2 1 0 3 
1669921787 1 0 3 0 
1669921789 5 1 3 0 
1669921791 2 2 5 1 
1669921793 0 0 0 4 
1669921795 0 5 2 0 
1669921797 4 1 0 2 
1669921799 1 0 3 2 
1669921801 2 2 2 2 
1669921803 0 1 1 3 
1669921805 1 6 4 1 
1669921807 1 2 1 5 
1669921809 1 3 2 3 
1669921811 3 1 1 4 
1669921813 3 2 3 2 
1669921815 0 2 4 2 
1669921817 0 4 1 2 
1669921819 0 0 0 0 
1669921821 0 4 1 0 
1669921823 4 2 3 1 
1669921825 2 1 3 3 
1669921827 0 1 2 0 
1669921829 1 2 3 0 
1669921831 0 0 0 1 
1669921833 2 2 4 4 
1669921835 0 1 0 1 
1669921837 1 1 2 4 
1669921839 3 2 1 0 
1669921841 3 1 0 5 
1669921843 0 0 1 0 
1669921845 0 1 3 3 
1669921847 0 4 0 2 
1669921849 0 4 2 1 
1669921851 5 2 0 5 
1669921853 0 3 4 4 
1669921855 3 4 4 4 
1669921857 3 3 3 1 
1669921859 2 3 0 2 
1669921861 2 2 0 3 
1669921863 4 3 3 0 
1669921865 5 1 0 6 
1669921867 0 0 0 5 
1669921869 1 4 7 2 
1669921871 3 3 2 1 
1669921873 3 14 3 4 
1669921875 2 1 0 3 
1669921877 0 1 0 0 
1669921879 2 1 1 1 
1669921881 2 2 0 2 
1669921883 3 3 2 0 
1669921885 3 4 0 1 
1669921887 7 0 1 3 
1669921889 5 3 1 0 
1669921891 0 0 1 3 
1669921893 2 3 6 3 
1669921895 1 0 4 3 
1669921897 0 0 3 2 
1669921899 2 0 0 3 
1669921901 4 2 2 1 
1669921903 1 3 0 2 
1669921905 2 4 2 2 
1669921907 2 3 1 1 
1669921909 0 1 2 1 
1669921911 0 3 3 4 
1669921913 1 4 0 4 
1669921915 1 5 3 2 
1669921917 2 3 1 2 
1669921919 3 1 2 2 
1669921921 2 3 0 2 
1669921923 0 3 1 3 
1669921925 0 2 0 2 
1669921927 0 5 0 1 
1669921929 4 6 1 4 
1669921931 2 4 1 0 
1669921933 4 5 2 3 
1669921935 1 0 1 3 
1669921937 0 1 2 5 
1669921939 0 0 0 0 
1669921941 3 0 0 1 
1669921943 2 0 1 1 
1669921945 0 3 0 0 
1669921947 0 1 1 1 
1669921949 4 2 1 4 
1669921951 3 2 1 2 
1669921953 1 3 1 2 
1669921955 4 0 1 3 
1669921957 4 4 2 2 
1669921959 2 1 3 2 
1669921961 2 0 0 1 
1669921963 1 0 3 1 
1669921965 0 1 3 3 
1669921967 3 4 1 4 
1669921969 0 0 2 0 
1669921971 1 5 4 2 
1669921973 2 4 3 2 
1669921975 2 4 4 0 
1669921977 4 6 5 0 
1669921979 0 1 5 4 
1669921981 2 3 3 3 
1669921983 1 0 1 3 
1669921985 1 1 1 1 
1669921987 1 1 0 0 
1669921989 0 2 1 0 
1669921991 0 0 2 1 
1669921993 4 14 0 0 
1669921995 1 0 0 0 
1669921997 0 0 3 0 
1669921999 0 0 0 0 
1669922001 1 1 0 1 
1669922003 1 2 2 5 
1669922005 0 4 1 4 
1669922007 0 2 2 2 
1669922009 2 0 1 1 
1669922011 0 1 2 4 
1669922013 1 4 2 3 
1669922015 0 4 1 4 
1669922017 2 2 6 2 
1669922019 3 2 2 2 
1669922021 6 2 1 4 
1669922023 0 4 3 1 
1669922025 2 0 1 2 
1669922027 4 2 1 1 
1669922029 3 1 3 4 
1669922031 5 2 2 4 
1669922033 2 2 0 7 
1669922035 1 1 2 4 
1669922037 0 2 1 1 
1669922039 2 5 0 1 
1669922041 2 0 1 0 
1669922043 2 2 0 5 
1669922045 3 13 1 3 
1669922047 4 2 0 1 
1669922049 5 1 0 0 
1669922051 4 1 0 2 
1669922053 2 5 0 1 
1669922055 8 0 2 2 
1669922057 3 4 0 2 
1669922059 2 4 0 1 
1669922061 1 0 0 4 
1669922063 0 1 3 3 
1669922065 4 1 0 5 
1669922067 2 6 2 3 
1669922069 3 4 0 1 
1669922071 2 5 1 1 
1669922073 2 2 3 4 
1669922075 1 3 2 3 
1669922077 1 2 1 0 
1669922079 1 4 2 2 
1669922081 1 4 1 0 
1669922083 1 3 0 3 
1669922085 3 1 0 2 
1669922087 2 5 0 1 
1669922089 4 4 2 1 
1669922091 6 2 1 4 
1669922093 2 4 0 1 
1669922095 4 3 0 0 
1669922097 0 5 2 2 
1669922099 1 4 2 1 
1669922101 1 3 1 0 
1669922103 0 2 0 0 
1669922105 3 15 3 0 
1669922107 2 2 2 3 
1669922109 1 4 2 0 
1669922111 0 4 3 3 
1669922113 4 4 0 5 
1669922115 0 1 0 3 
1669922117 2 2 1 3 
1669922119 3 3 3 1 
1669922121 2 2 0 3 
1669922123 2 0 3 1 
1669922125 2 0 4 3 
1669922127 2 4 2 1 
1669922129 3 3 0 1 
1669922131 4 1 0 2 
1669922133 2 2 0 4 
1669922135 0 4 2 0 
1669922137 3 3 2 1 
1669922139 3 2 1 1 
1669922141 3 2 3 1 
1669922143 0 3 0 3 
1669922145 1 3 2 4 
1669922147 3 1 5 2 
1669922149 3 0 1 3 
1669922151 3 0 0 0 
1669922153 0 4 3 0 
1669922155 0 2 2 2 
1669922157 1 1 3 0 
1669922159 0 0 1 3 
1669922161 0 1 0 0 
1669922163 1 3 1 2 
1669922165 0 0 1 2 
1669922167 4 2 2 0 
1669922169 3 1 2 4 
1669922171 2 1 0 3 
1669922173 1 0 0 1 
1669922175 0 2 4 3 
1669922177 1 0 0 1 
1669922179 0 1 0 0 
1669922181 3 2 2 3 
1669922183 0 2 3 3 
1669922185 3 5 1 1 
1669922187 4 1 2 2 
1669922189 2 3 4 3 
1669922191 4 3 1 3 
1669922193 3 1 0 5 
1669922195 1 4 3 2 
1669922197 3 0 1 3 
1669922199 5 3 5 4 
1669922201 3 1 0 2 
1669922203 6 0 0 4 
1669922205 4 2 0 1 
1669922207 2 1 0 5 
1669922209 4 2 1 4 
1669922211 0 4 1 3 
1669922213 2 0 1 4 
1669922215 2 2 0 2 
1669922217 0 1 2 2 
1669922219 5 4 3 1 
1669922221 5 3 0 1 
1669922223 1 1 1 0 
1669922225 0 2 1 3 
1669922227 1 3 0 0 
1669922229 0 0 3 2 
1669922231 0 0 2 2 
1669922233 1 2 0 4 
1669922235 1 12 2 0 
1669922237 4 1 0 3 
1669922239 1 2 2 2 
1669922241 0 2 0 2 
1669922243 3 0 1 1 
1669922245 2 4 1 1 
1669922247 0 4 0 5 
1669922249 0 2 1 0 
1669922251 1 3 0 2 
1669922253 4 2 2 2 
1669922255 1 3 1 3 
1669922257 2 4 0 0 
1669922259 2 6 0 0 
1669922261 2 1 0 3 
1669922263 2 1 1 4 
1669922265 3 3 0 1 
1669922267 0 4 2 2 
1669922269 0 3 1 2 
1669922271 5 3 3 0 
1669922273 2 2 0 2 
1669922275 1 4 3 2 
1669922277 3 3 0 1 
1669922279 0 5 1 3 
1669922281 1 3 3 0 
1669922283 4 1 3 0 
1669922285 3 1 0 0 
1669922287 1 0 1 4 
1669922289 3 4 0 0 
1669922291 0 0 0 0 
1669922293 0 3 1 2 
1669922295 2 2 3 4 
1669922297 0 3 0 2 
1669922299 4 0 1 2 
1669922301 0 0 3 0 
1669922303 2 0 0 1 
1669922305 0 1 4 1 
1669922307 1 0 2 0 
1669922309 0 4 2 2 
1669922311 1 3 2 0 
1669922313 1 2 1 1 
1669922315 0 1 4 0 
1669922317 3 1 4 0 
1669922319 4 2 3 2 
1669922321 5 4 5 3 
1669922323 2 0 1 2 
1669922325 3 3 1 2 
1669922327 4 7 4 0 
1669922329 1 2 3 0 
1669922331 0 3 2 3 
1669922333 5 0 2 2 
1669922335 0 1 2 1 
1669922337 1 0 2 1 
1669922339 0 2 0 0 
1669922341 1 1 0 1 
1669922343 4 0 2 2 
1669922345 4 1 0 0 
1669922347 0 1 0 3 
1669922349 0 1 1 3 
1669922351 0 0 2 1 
1669922353 2 1 5 2 
1669922355 0 0 0 0 
1669922357 0 1 0 4 
1669922359 1 0 0 3 
1669922361 0 4 2 0 
1669922363 1 0 0 4 
1669922365 5 0 1 1 
1669922367 3 3 0 0 
1669922369 0 2 3 4 
1669922371 2 2 1 5 
1669922373 0 0 0 4 
1669922375 2 1 1 4 
1669922377 2 0 3 1 
1669922379 1 3 3 0 
1669922381 0 4 0 3 
1669922383 5 0 0 2 
1669922385 1 3 0 3 
1669922387 5 1 0 5 
1669922389 1 3 2 4 
1669922391 2 9 3 3 
1669922393 3 5 1 6 
1669922395 4 2 0 0 
1669922397 4 1 1 1 
1669922399 4 2 1 0 
1669922401 0 0 0 0 
1669922403 5 1 0 3 
1669922405 2 2 0 0 
1669922407 6 3 0 2 
1669922409 2 2 2 3 
1669922411 2 3 2 0 
1669922413 1 5 1 4 
1669922415 2 1 3 1 
1669922417 0 0 1 0 
1669922419 2 1 2 3 
1669922421 0 2 1 2 
1669922423 1 1 0 1 
1669922425 1 1 1 4 
1669922427 1 3 0 1 
1669922429 0 0 1 2 
1669922431 2 3 0 0 
1669922433 0 1 0 2 
1669922435 2 2 0 0 
1669922437 2 0 1 1 
1669922439 1 1 1 2 
1669922441 5 6 1 2 
1669922443 3 3 3 3 
1669922445 3 5 1 3 
1669922447 2 4 1 3 
1669922449 0 2 1 1 
1669922451 1 4 0 0 
1669922453 1 4 1 3 
1669922455 1 2 0 1 
1669922457 0 0 0 1 
1669922459 3 7 0 3 
1669922461 3 1 3 0 
1669922463 2 2 0 1 
1669922465 0 2 0 1 
1669922467 0 3 2 2 
1669922469 0 2 3 2 
1669922471 0 2 3 0 
1669922473 0 0 1 1 
1669922475 1 1 2 2 
1669922477 2 0 0 0 
1669922479 2 0 0 2 
1669922481 1 2 0 4 
1669922483 0 2 2 0 
1669922485 4 2 2 1 
1669922487 2 0 0 1 
1669922489 1 0 0 0 
1669922491 1 0 1 0 
1669922493 0 1 0 2 
1669922495 3 0 0 3 
1669922497 3 3 1 0 
1669922499 1 3 0 0 
1669922501 1 2 0 0 
1669922503 0 1 2 1 
1669922505 1 2 0 0 
1669922507 2 3 2 0 
1669922509 1 3 0 2 
1669922511 0 2 1 1 
1669922513 2 1 0 3 
1669922515 1 0 0 2 
1669922517 0 3 2 3 
1669922519 3 1 0 1 
1669922521 0 1 0 0 
1669922523 1 3 0 0 
1669922525 0 5 3 0 
1669922527 1 6 1 2 
1669922529 0 1 0 0 
1669922531 0 2 0 2 
1669922533 1 0 0 2 
1669922535 3 1 0 0 
1669922537 0 1 2 2 
1669922539 0 1 3 0 
1669922541 2 1 3 1 
1669922543 2 3 0 0 
1669922545 0 3 0 3 
1669922547 0 0 1 2 
1669922549 0 4 0 0 
1669922551 0 2 2 2 
1669922553 0 2 2 1 
1669922555 2 2 0 1 
1669922557 0 0 0 2 
1669922559 4 1 0 1 
1669922561 1 3 0 0 
1669922563 0 5 0 0 
1669922565 0 1 2 0 
1669922567 3 2 2 1 
1669922569 1 2 2 1 
1669922571 0 0 0 2 
1669922573 0 0 2 3 
1669922575 4 2 1 3 
1669922577 2 2 0 1 
1669922579 0 1 0 2 
1669922581 2 1 2 2 
1669922583 0 2 0 1 
1669922585 1 1 3 1 
1669922587 3 2 0 1 
1669922589 2 0 0 2 
1669922591 0 0 0 0 
1669922593 2 0 2 1 
1669922595 1 2 3 3 
1669922597 1 0 0 0 
1669922599 1 3 0 0 
1669922601 2 2 3 0 
1669922603 0 4 3 0 
1669922605 0 1 3 0 
1669922607 2 3 2 2 
1669922609 1 0 0 2 
1669922611 0 1 1 0 
1669922613 0 1 3 2 
1669922615 0 4 0 3 
1669922617 3 4 0 1 
1669922619 2 1 1 0 
1669922621 1 1 1 1 
1669922623 2 0 1 2 
1669922625 2 1 0 3 
1669922627 1 0 1 0 
1669922629 1 3 2 0 
1669922631 2 3 1 0 
1669922633 0 2 0 3 
1669922635 0 3 0 2 
1669922637 4 1 1 3 
1669922639 2 2 0 4 
1669922641 3 4 0 3 
1669922643 1 0 2 1 
1669922645 2 1 2 3 
1669922647 1 1 0 0 
1669922649 0 2 1 0 
1669922651 2 0 1 1 
1669922653 1 2 0 1 
1669922655 0 2 1 1 
1669922657 2 0 0 0 
1669922659 0 0 4 1 
1669922661 1 1 2 0 
1669922663 0 0 0 0 
1669922665 0 1 0 1 
1669922667 4 3 0 0 
1669922669 2 0 0 1 
1669922671 1 2 0 1 
1669922673 1 2 3 5 
1669922675 0 0 0 0 
1669922677 2 3 0 0 
1669922679 1 2 2 2 
1669922681 5 1 3 5 
1669922683 0 3 0 3 
1669922685 0 2 2 1 
1669922687 1 2 1 0 
1669922689 0 3 4 0 
1669922691 0 2 0 0 
1669922693 0 2 0 0 
1669922695 1 1 0 1 
1669922697 0 0 0 2 
1669922699 0 1 1 0 
1669922701 0 1 1 0 
1669922703 2 1 3 0 
1669922705 0 2 0 0 
1669922707 0 1 2 1 
1669922709 0 3 3 0 
1669922711 0 2 0 1 
1669922713 0 0 0 0 
1669922715 2 1 0 0 
1669922717 1 3 0 0 
1669922719 1 2 1 1 
1669922721 0 1 2 0 
1669922723 0 1 1 3 
1669922725 2 0 2 1 
1669922727 1 2 1 0 
1669922729 1 1 0 1 
1669922731 1 3 3 0 
1669922733 2 2 0 1 
1669922735 0 2 2 1 
1669922737 2 2 0 2 
1669922739 1 4 2 1 
1669922741 1 2 2 3 
1669922743 2 0 0 0 
1669922745 0 0 2 2 
1669922747 4 0 1 2 
1669922749 2 2 2 2 
1669922751 0 2 0 1 
1669922753 0 0 3 3 
1669922755 2 4 1 1 
1669922757 2 2 0 0 
1669922759 0 1 2 1 
1669922761 1 2 3 0 
1669922763 2 1 1 2 
1669922765 5 2 3 4 
1669922767 0 1 2 1 
1669922769 2 3 1 0 
1669922771 2 1 0 2 
1669922773 4 2 2 0 
1669922775 1 3 3 5 
1669922777 3 3 1 1 
1669922779 2 1 0 1 
1669922781 1 4 2 4 
1669922783 0 0 0 2 
1669922785 2 0 3 2 
1669922787 0 2 2 1 
1669922789 0 0 0 0 
1669922791 0 0 0 0 
1669922793 1 2 0 2 
1669922795 3 3 2 2 
1669922797 1 2 1 1 
1669922799 3 0 0 3 
1669922801 0 2 0 1 
1669922803 4 5 0 1 
1669922805 0 4 1 3 
1669922807 5 2 2 1 
1669922809 1 1 3 4 
1669922811 3 2 2 2 
1669922813 1 1 1 0 
1669922815 0 1 2 1 
1669922817 1 0 1 0 
1669922819 1 2 1 0 
1669922821 3 2 3 2 
1669922823 2 0 0 2 
1669922825 4 0 0 0 
1669922827 0 0 0 0 
1669922829 0 3 1 2 
1669922831 3 4 1 5 
1669922833 1 0 2 2 
1669922835 1 2 0 1 
1669922837 0 5 3 1 
1669922839 1 1 0 0 
1669922841 1 1 0 1 
1669922843 2 3 2 5 
1669922845 3 4 3 1 
1669922847 3 3 1 0 
1669922849 0 0 0 2 
1669922851 1 1 1 0 
1669922853 1 4 1 0 
1669922855 0 2 1 0 
1669922857 0 0 1 3 
1669922859 1 0 4 4 
1669922861 0 3 0 1 
1669922863 0 3 0 0 
1669922865 0 1 1 2 
1669922867 0 1 2 2 
1669922869 0 2 2 0 
1669922871 1 1 2 2 
1669922873 1 1 3 0 
1669922875 0 1 1 2 
1669922877 2 3 3 1 
1669922879 1 1 3 1 
1669922881 0 0 2 0 
1669922883 0 2 0 2 
1669922885 0 0 0 1 
1669922887 0 4 1 0 
1669922889 0 0 0 1 
1669922891 0 0 0 0 
1669922893 0 1 0 3 
1669922895 2 1 1 0 
1669922897 0 0 3 4 
1669922899 0 2 2 1 
1669922901 2 5 1 2 
1669922903 1 1 0 0 
1669922905 0 0 0 1 
1669922907 0 0 0 1 
1669922909 1 1 0 1 
1669922911 2 3 0 3 
1669922913 1 2 1 0 
1669922915 0 0 2 0 
1669922917 1 1 0 1 
1669922919 2 1 1 3 
1669922921 2 3 0 1 
1669922923 3 3 1 1 
1669922925 1 0 0 0 
1669922927 1 1 0 0 
1669922929 0 2 0 2 
1669922931 0 2 2 1 
1669922933 1 1 2 1 
1669922935 3 4 2 1 
1669922937 2 4 3 1 
1669922939 0 0 0 0 
1669922941 2 1 2 0 
1669922943 2 2 1 2 
1669922945 1 0 1 0 
1669922947 0 0 3 1 
1669922949 1 1 2 3 
1669922951 0 0 0 0 
1669922953 0 2 3 0 
1669922955 0 2 0 1 
1669922957 4 3 1 0 
1669922959 0 0 1 0 
1669922961 1 1 2 1 
1669922963 5 2 0 3 
1669922965 2 3 1 1 
1669922967 3 0 0 0 
1669922969 0 2 3 0 
1669922971 1 3 0 0 
1669922973 1 1 3 1 
1669922975 2 2 1 1 
1669922977 0 0 0 1 
1669922979 3 2 3 2 
1669922981 0 4 0 0 
1669922983 3 2 0 0 
1669922985 2 4 2 0 
1669922987 2 0 3 2 
1669922989 2 6 0 0 
1669922991 1 4 1 0 
1669922993 0 0 2 1 
1669922995 8 10 0 0 
1669922997 4 0 0 1 
1669922999 2 6 1 2 
1669923001 1 1 2 0 
1669923003 1 0 1 0 
1669923005 0 0 2 2 
1669923007 1 2 2 1 
1669923009 0 4 0 3 
1669923011 2 0 1 0 
1669923013 0 1 1 1 
1669923015 1 1 1 1 
1669923017 2 2 1 0 
1669923019 0 0 2 1 
1669923021 1 4 0 2 
1669923023 2 0 0 1 
1669923025 0 3 1 2 
1669923027 0 2 0 0 
1669923029 0 1 3 0 
1669923031 1 2 1 2 
1669923033 0 1 2 1 
1669923035 0 0 2 1 
1669923037 0 1 0 4 
1669923039 0 2 0 1 
1669923041 1 1 2 2 
1669923043 0 1 2 2 
1669923045 4 0 0 1 
1669923047 0 3 1 2 
1669923049 0 1 1 1 
1669923051 0 2 1 0 
1669923053 2 0 0 2 
1669923055 0 4 0 1 
1669923057 0 2 2 1 
1669923059 0 0 0 1 
1669923061 2 0 0 0 
1669923063 0 0 2 2 
1669923065 5 1 0 0 
1669923067 0 5 1 5 
1669923069 8 4 3 3 
1669923071 0 8 0 1 
1669923073 0 0 0 0 
1669923075 0 5 1 2 
1669923077 0 0 0 0 
1669923079 5 0 1 0 
1669923081 6 0 0 0 
1669923083 0 0 0 0 
1669923085 0 6 1 1 
1669923087 1 3 1 4 
1669923089 6 5 0 2 
1669923091 2 0 3 2 
1669923093 0 1 0 2 
1669923095 2 2 1 1 
1669923097 0 3 0 2 
1669923099 5 0 1 0 
1669923101 0 2 0 4 
1669923103 0 5 0 3 
1669923105 0 0 2 4 
1669923107 9 0 0 0 
1669923109 0 2 2 1 
1669923111 1 0 1 1 
1669923113 0 0 0 0 
1669923115 0 3 4 0 
1669923117 3 4 0 0 
1669923119 4 3 3 2 
1669923121 1 2 0 2 
1669923123 2 2 0 2 
1669923125 3 1 1 0 
1669923127 3 0 3 2 
1669923129 0 7 0 4 
1669923131 5 0 2 4 
1669923133 5 0 5 2 
1669923135 4 4 0 0 
1669923137 2 3 0 3 
1669923139 0 0 1 0 
1669923141 2 4 1 1 
1669923143 0 1 1 0 
1669923145 0 2 0 0 
1669923147 4 3 2 0 
1669923149 3 2 2 3 
1669923151 1 3 0 0 
1669923153 0 3 1 0 
1669923155 0 0 0 2 
1669923157 3 1 0 1 
1669923159 0 0 0 1 
1669923161 4 2 0 2 
1669923163 0 2 1 2 
1669923165 0 2 2 3 
1669923167 2 0 1 2 
1669923169 2 4 1 5 
1669923171 0 3 0 0 
1669923173 0 0 2 3 
1669923175 4 5 1 0 
1669923177 0 0 0 0 
1669923179 0 3 2 2 
1669923181 2 2 2 0 
1669923183 0 0 0 1 
1669923185 0 0 0 0 
1669923187 0 1 2 1 
1669923189 0 1 2 1 
1669923191 2 3 1 0 
1669923193 0 0 0 1 
1669923195 2 2 1 1 
1669923197 0 1 0 2 
1669923199 2 0 1 0 
1669923201 0 1 0 1 
1669923203 2 0 0 0 
1669923205 1 2 0 2 
1669923207 1 0 0 4 
1669923209 1 1 1 1 
1669923211 0 3 2 0 
1669923213 2 2 0 1 
1669923215 1 2 3 1 
1669923217 0 1 0 1 
1669923219 1 3 0 0 
1669923221 0 2 1 0 
1669923223 3 2 2 0 
1669923225 0 0 2 2 
1669923227 3 1 0 0 
1669923229 4 3 1 0 
1669923231 0 1 1 0 
1669923233 1 1 0 0 
1669923235 2 4 1 0 
1669923237 0 1 0 2 
1669923239 3 0 3 0 
1669923241 0 3 1 5 
1669923243 5 9 0 0 
1669923245 0 2 1 5 
1669923247 1 9 0 3 
1669923249 1 4 0 0 
1669923251 0 4 2 4 
1669923253 2 2 3 4 
1669923255 0 0 2 2 
1669923257 3 1 0 0 
1669923259 2 1 0 0 
1669923261 2 3 1 2 
1669923263 2 1 0 1 
1669923265 0 2 3 2 
1669923267 0 2 0 2 
1669923269 1 2 1 1 
1669923271 1 4 0 0 
1669923273 0 3 0 0 
1669923275 0 0 2 0 
1669923277 0 0 4 2 
1669923279 1 2 3 0 
1669923281 0 0 3 0 
1669923283 0 2 1 1 
1669923285 0 0 0 0 
1669923287 1 1 1 3 
1669923289 1 2 3 0 
1669923291 0 0 2 0 
1669923293 0 1 2 1 
1669923295 0 0 0 1 
1669923297 0 2 1 1 
1669923299 1 1 2 0 
1669923301 0 1 2 0 
1669923303 1 0 0 0 
1669923305 1 0 1 2 
1669923307 1 0 3 4 
1669923309 2 0 0 1 
1669923311 0 0 0 0 
1669923313 1 7 1 1 
1669923315 1 4 0 0 
1669923317 2 0 0 2 
1669923319 0 1 1 1 
1669923321 3 2 4 1 
1669923323 3 2 0 2 
1669923325 0 0 2 0 
1669923327 0 3 1 0 
1669923329 1 2 1 2 
1669923331 0 3 1 0 
1669923333 1 0 0 1 
1669923335 1 0 2 1 
1669923337 0 3 0 1 
1669923339 0 0 1 0 
1669923341 1 4 1 0 
1669923343 1 6 2 2 
1669923345 2 4 2 0 
1669923347 0 0 2 1 
1669923349 4 2 2 0 
1669923351 0 1 0 2 
1669923353 2 3 1 2 
1669923355 3 4 1 0 
1669923357 2 1 0 2 
1669923359 1 2 0 2 
1669923361 2 1 0 0 
1669923363 1 3 3 0 
1669923365 0 0 0 0 
1669923367 0 4 0 0 
1669923369 2 1 0 1 
1669923371 1 0 0 3 
1669923373 0 1 0 3 
1669923375 0 4 2 5 
1669923377 1 0 1 0 
1669923379 4 3 0 2 
1669923381 9 7 0 1 
1669923383 5 4 2 0 
1669923385 7 7 0 1 
1669923387 0 3 0 2 
1669923389 0 0 0 0 
1669923391 7 5 4 0 
1669923393 2 5 0 1 
1669923395 0 8 5 0 
1669923397 2 3 0 0 
1669923399 0 0 2 0 
1669923401 0 2 0 0 
1669923403 0 1 3 1 
1669923405 3 1 2 0 
1669923407 1 3 2 1 
1669923409 2 3 5 3 
1669923411 1 1 1 1 
1669923413 0 4 0 1 
1669923415 0 4 0 1 
1669923417 2 1 2 0 
1669923419 3 0 2 0 
1669923421 1 4 0 0 
1669923423 0 2 2 0 
1669923425 2 1 2 0 
1669923427 2 2 0 0 
1669923429 0 0 1 2 
1669923431 2 2 1 2 
1669923433 2 3 2 0 
1669923435 0 3 0 0 
1669923437 2 2 0 2 
1669923439 0 3 0 0 
1669923441 3 0 0 0 
1669923443 0 0 0 2 
1669923445 2 3 0 0 
1669923447 2 5 2 2 
1669923449 4 0 1 1 
1669923451 1 3 4 2 
1669923453 4 2 0 0 
1669923455 2 1 2 1 
1669923457 1 3 0 0 
1669923459 2 0 0 1 
1669923461 3 2 1 0 
1669923463 0 2 3 0 
1669923465 0 0 1 1 
1669923467 0 0 1 0 
1669923469 3 3 2 1 
1669923471 2 4 0 0 
1669923473 2 2 1 0 
1669923475 0 0 0 3 
1669923477 5 1 0 1 
1669923479 2 0 0 0 
1669923481 0 2 0 0 
1669923483 0 3 2 5 
1669923485 0 1 0 0 
1669923487 0 1 0 0 
1669923489 2 3 1 2 
1669923491 0 1 0 0 
1669923493 2 0 3 0 
1669923495 0 3 2 0 
1669923497 3 2 2 2 
1669923499 2 3 3 0 
1669923501 1 3 3 1 
1669923503 3 1 2 0 
1669923505 0 4 2 0 
1669923507 2 2 1 1 
1669923509 0 1 1 2 
1669923511 4 2 1 1 
1669923513 5 1 1 3 
1669923515 0 2 1 2 
1669923517 2 0 4 0 
1669923519 0 3 0 0 
1669923521 0 0 0 1 
1669923523 3 2 2 2 
1669923525 0 3 1 0 
1669923527 0 1 2 0 
1669923529 1 0 1 0 
1669923531 0 1 1 3 
1669923533 0 1 0 3 
1669923535 2 2 1 2 
1669923537 3 1 0 0 
1669923539 0 0 0 1 
1669923541 1 2 1 2 
1669923543 3 2 1 0 
1669923545 0 3 1 1 
1669923547 0 0 0 0 
1669923549 1 2 1 4 
1669923551 0 0 0 1 
1669923553 0 3 2 0 
1669923555 0 2 1 1 
1669923557 3 0 1 0 
1669923559 0 2 2 1 
1669923561 1 0 3 0 
1669923563 1 2 4 1 
1669923565 1 3 2 0 
1669923567 3 3 2 2 
1669923569 2 4 0 2 
1669923571 3 0 0 0 
1669923573 0 1 2 5 
1669923575 2 3 0 0 
1669923577 2 1 0 0 
1669923579 1 2 1 1 
1669923581 3 1 1 2 
1669923583 2 2 4 2 
1669923585 0 0 0 1 
1669923587 0 1 0 0 
1669923589 0 0 2 0 
1669923591 7 0 1 3 
1669923593 4 4 1 0 
1669923595 0 1 0 1 
1669923597 1 2 0 1 
1669923599 11 9 0 2 
1669923601 3 1 3 0 
1669923603 1 3 4 1 
1669923605 9 0 2 0 
1669923607 0 5 0 1 
1669923609 0 2 2 1 
1669923611 2 3 1 0 
1669923613 0 1 1 0 
1669923615 0 2 2 0 
1669923617 2 0 1 1 
1669923619 10 0 0 1 
1669923621 0 0 0 2 
1669923623 1 4 0 1 
1669923625 3 0 0 0 
1669923627 0 2 0 1 
1669923629 0 5 2 3 
1669923631 0 0 2 2 
1669923633 0 3 1 0 
1669923635 3 0 0 3 
1669923637 2 0 0 0 
1669923639 3 4 2 0 
1669923641 0 4 0 0 
1669923643 6 2 5 0 
1669923645 0 0 0 0 
1669923647 2 4 3 1 
1669923649 2 2 2 3 
1669923651 0 1 1 1 
1669923653 0 1 2 0 
1669923655 0 2 0 1 
1669923657 2 0 1 3 
1669923659 2 2 0 0 
1669923661 0 2 0 2 
1669923663 1 5 2 0 
1669923665 0 0 0 0 
1669923667 0 2 3 0 
1669923669 1 0 0 3 
1669923671 0 2 3 2 
1669923673 0 0 0 2 
1669923675 2 2 3 0 
1669923677 3 2 3 3 
1669923679 3 4 5 2 
1669923681 2 3 1 0 
1669923683 0 0 0 1 
1669923685 0 2 0 3 
1669923687 1 5 2 0 
1669923689 0 1 0 3 
1669923691 1 2 0 1 
1669923693 2 1 2 2 
1669923695 1 2 1 3 
1669923697 0 1 1 2 
1669923699 0 1 1 2 
1669923701 0 1 1 3 
1669923703 0 3 2 3 
1669923705 1 0 0 1 
1669923707 4 0 0 1 
1669923709 0 0 3 0 
1669923711 0 0 0 1 
1669923713 3 2 1 4 
1669923715 2 1 0 0 
1669923717 3 0 0 3 
1669923719 0 0 1 3 
1669923721 0 0 3 3 
1669923723 0 3 0 0 
1669923725 0 0 1 1 
1669923727 1 1 1 1 
1669923729 0 0 2 1 
1669923731 0 3 2 3 
1669923733 0 3 0 0 
1669923735 1 0 0 3 
1669923737 0 0 0 0 
1669923739 0 4 1 0 
1669923741 1 3 1 0 
1669923743 2 2 2 0 
1669923745 1 1 0 0 
1669923747 0 5 3 1 
1669923749 0 3 0 0 
1669923751 2 0 1 3 
1669923753 1 1 1 1 
1669923755 2 0 1 4 
1669923757 2 0 0 1 
1669923759 1 0 1 1 
1669923761 1 2 1 2 
1669923763 1 3 2 0 
1669923765 0 3 3 1 
1669923767 0 0 1 4 
1669923769 1 2 0 0 
1669923771 0 1 2 3 
1669923773 2 3 4 1 
1669923775 1 0 0 2 
1669923777 3 3 3 2 
1669923779 2 2 0 2 
1669923781 3 0 2 2 
1669923783 1 2 1 2 
1669923785 1 2 1 0 
1669923787 1 3 0 0 
1669923789 0 0 3 0 
1669923791 0 0 0 1 
1669923793 2 2 1 0 
1669923795 0 2 2 1 
1669923797 0 2 1 0 
1669923799 1 3 0 1 
1669923801 1 0 1 2 
1669923803 0 0 1 0 
1669923805 0 2 1 3 
1669923807 3 1 5 0 
1669923809 0 1 1 3 
1669923811 0 1 2 1 
1669923813 2 2 3 2 
1669923815 2 0 2 0 
1669923817 0 0 0 1 
1669923819 0 2 1 3 
1669923821 4 1 1 0 
1669923823 1 0 1 1 
1669923825 2 2 4 3 
1669923827 2 4 2 0 
1669923829 0 4 3 4 
1669923831 1 7 0 4 
1669923833 1 3 0 0 
1669923835 0 1 1 2 
1669923837 0 2 0 3 
1669923839 0 2 3 1 
1669923841 0 0 0 0 
1669923843 0 2 3 1 
1669923845 2 2 0 3 
1669923847 0 3 0 1 
1669923849 1 0 0 2 
1669923851 5 3 0 0 
1669923853 3 2 0 1 
1669923855 0 3 0 4 
1669923857 3 1 0 2 
1669923859 0 0 0 1 
1669923861 0 1 3 0 
1669923863 1 1 1 0 
1669923865 4 0 0 1 
1669923867 0 0 3 2 
1669923869 0 2 0 2 
1669923871 0 0 1 2 
1669923873 1 2 2 0 
1669923875 0 2 0 3 
1669923877 1 4 0 0 
1669923879 0 1 4 0 
1669923881 2 3 1 0 
1669923883 0 1 0 0 
1669923885 0 0 0 0 
1669923887 2 2 0 1 
1669923889 1 1 0 0 
1669923891 0 3 2 1 
1669923893 0 3 0 1 
1669923895 0 2 4 4 
1669923897 1 0 2 2 
1669923899 0 2 1 1 
1669923901 2 1 1 2 
1669923903 0 0 3 3 
1669923905 0 1 0 3 
1669923907 1 1 0 0 
1669923909 1 2 0 0 
1669923911 0 2 1 0 
1669923913 1 0 0 1 
1669923915 1 1 2 1 
1669923917 0 4 2 0 
1669923919 0 3 2 3 
1669923921 0 5 1 1 
1669923923 1 0 1 1 
1669923925 1 1 0 0 
1669923927 0 2 1 1 
1669923929 2 2 2 2 
1669923931 0 0 0 5 
1669923933 0 0 0 0 
1669923935 0 1 3 0 
1669923937 0 2 0 0 
1669923939 0 1 0 1 
1669923941 4 3 0 1 
1669923943 1 1 0 0 
1669923945 1 1 1 3 
1669923947 3 0 1 1 
1669923949 1 1 1 0 
1669923951 2 3 2 1 
1669923953 0 1 3 2 
1669923955 4 0 1 0 
1669923957 0 1 1 0 
1669923959 0 0 4 3 
1669923961 0 2 0 0 
1669923963 1 1 1 2 
1669923965 1 3 3 0 
1669923967 0 2 0 4 
1669923969 3 1 1 0 
1669923971 0 0 1 0 
1669923973 2 3 2 4 
1669923975 2 3 0 3 
1669923977 2 1 0 1 
1669923979 0 0 0 1 
1669923981 0 3 0 0 
1669923983 0 3 4 2 
1669923985 0 2 1 2 
1669923987 1 3 0 2 
1669923989 3 0 1 0 
1669923991 2 2 1 1 
1669923993 1 0 0 2 
1669923995 1 1 0 4 
1669923997 2 1 0 2 
1669923999 2 0 0 3 
1669924001 1 2 2 0 
1669924003 3 2 4 0 
1669924005 0 1 0 0 
1669924007 1 2 0 4 
1669924009 0 3 0 0 
1669924011 4 1 2 3 
1669924013 0 1 3 2 
1669924015 4 2 3 2 
1669924017 3 0 0 0 
1669924019 0 0 0 1 
1669924021 1 2 0 2 
1669924023 0 0 0 2 
1669924025 2 3 0 2 
1669924027 1 2 1 0 
1669924029 1 3 2 0 
1669924031 0 2 2 0 
1669924033 1 1 4 2 
1669924035 1 4 2 1 
1669924037 0 3 2 2 
1669924039 0 2 1 2 
1669924041 0 2 0 2 
1669924043 0 1 0 1 
1669924045 2 0 0 0 
1669924047 0 4 1 1 
1669924049 3 2 1 1 
1669924051 0 1 3 3 
1669924053 0 3 2 0 
1669924055 0 1 0 2 
1669924057 0 1 0 2 
1669924059 1 2 4 3 
1669924061 2 1 2 1 
1669924063 1 3 1 3 
1669924065 0 4 0 0 
1669924067 1 2 3 0 
1669924069 0 2 1 2 
1669924071 2 2 1 1 
1669924073 2 0 0 0 
1669924075 4 2 2 0 
1669924077 0 2 0 0 
1669924079 4 0 0 1 
1669924081 0 2 0 0 
1669924083 2 1 0 1 
1669924085 0 2 1 3 
1669924087 2 1 3 1 
1669924089 1 2 2 1 
1669924091 0 2 1 1 
1669924093 1 2 0 5 
1669924095 0 1 3 1 
1669924097 0 1 0 3 
1669924099 6 1 0 0 
1669924101 1 1 0 0 
1669924103 1 1 2 0 
1669924105 1 0 2 1 
1669924107 2 2 1 2 
1669924109 0 3 1 0 
1669924111 2 1 1 2 
1669924113 1 1 2 0 
1669924115 0 0 0 2 
1669924117 0 1 0 0 
1669924119 2 0 1 0 
1669924121 1 0 3 4 
1669924123 1 4 0 2 
1669924125 2 3 0 2 
1669924127 2 2 1 2 
1669924129 1 2 1 1 
1669924131 0 2 0 1 
1669924133 2 2 0 1 
1669924135 1 0 2 2 
1669924137 1 2 0 0 
1669924139 4 1 0 0 
1669924141 0 1 0 0 
1669924143 2 1 0 2 
1669924145 0 1 0 0 
1669924147 0 1 0 3 
1669924149 0 3 0 1 
1669924151 0 4 1 2 
1669924153 1 1 2 0 
1669924155 0 2 1 0 
1669924157 1 3 0 0 
1669924159 1 0 2 0 
1669924161 3 3 0 0 
1669924163 0 3 0 3 
1669924165 2 2 4 3 
1669924167 2 2 3 1 
1669924169 1 1 0 1 
1669924171 2 0 1 1 
1669924173 1 2 1 3 
1669924175 2 2 1 2 
1669924177 3 3 0 3 
1669924179 2 2 1 1 
1669924181 1 3 0 0 
1669924183 4 2 1 1 
1669924185 3 0 3 0 
1669924187 3 1 2 1 
1669924189 0 4 0 2 
1669924191 3 1 3 2 
1669924193 2 3 0 2 
1669924195 2 1 0 0 
1669924197 3 0 1 4 
1669924199 0 2 1 0 
1669924201 0 0 2 4 
1669924203 2 5 1 1 
1669924205 4 4 3 2 
1669924207 1 1 0 0 
1669924209 2 0 0 2 
1669924211 1 2 0 1 
1669924213 1 3 2 0 
1669924215 1 0 1 0 
1669924217 2 1 0 0 
1669924219 4 2 0 1 
1669924221 0 0 0 0 
1669924223 1 0 1 3 
1669924225 1 0 1 1 
1669924227 1 0 0 0 
1669924229 2 2 1 2 
1669924231 1 2 0 0 
1669924233 2 5 1 2 
1669924235 2 1 4 0 
1669924237 1 1 2 0 
1669924239 0 3 0 0 
1669924241 2 4 1 1 
1669924243 0 1 0 0 
1669924245 0 3 0 0 
1669924247 0 0 0 0 
1669924249 3 2 2 2 
1669924251 0 0 1 5 
1669924253 0 0 1 0 
1669924255 1 4 0 0 
1669924257 1 1 0 2 
1669924259 2 3 0 0 
1669924261 0 1 0 0 
1669924263 1 1 1 0 
1669924265 0 3 1 2 
1669924267 0 2 1 1 
1669924269 0 0 1 1 
1669924271 2 1 1 2 
1669924273 3 0 1 1 
1669924275 1 2 0 1 
1669924277 5 1 2 3 
1669924279 0 3 0 2 
1669924281 2 2 3 0 
1669924283 0 1 0 0 
1669924285 0 2 0 2 
1669924287 0 3 0 1 
1669924289 3 3 0 0 
1669924291 3 3 0 0 
1669924293 3 2 0 0 
1669924295 0 2 4 5 
1669924297 0 3 2 0 
1669924299 1 1 0 3 
1669924301 2 0 1 2 
1669924303 2 1 2 1 
1669924305 3 0 2 1 
1669924307 2 3 0 1 
1669924309 1 3 0 0 
1669924311 0 0 0 3 
1669924313 1 1 0 2 
1669924315 2 2 2 2 
1669924317 3 2 3 0 
1669924319 1 3 0 0 
1669924321 4 2 1 2 
1669924323 0 3 0 3 
1669924325 2 1 1 0 
1669924327 1 1 1 0 
1669924329 2 3 2 1 
1669924331 0 0 1 1 
1669924333 1 1 2 0 
1669924335 1 1 4 3 
1669924337 2 3 2 0 
1669924339 0 2 0 0 
1669924341 3 2 3 3 
1669924343 0 2 2 2 
1669924345 0 0 0 0 
1669924347 0 0 0 0 
1669924349 1 2 1 1 
1669924351 3 4 3 1 
1669924353 2 3 0 0 
1669924355 3 0 1 4 
1669924357 0 2 2 0 
1669924359 1 2 0 3 
1669924361 0 1 1 0 
1669924363 1 3 1 1 
1669924365 1 1 2 0 
1669924367 0 4 2 0 
1669924369 2 1 0 1 
1669924371 0 0 0 3 
1669924373 0 2 3 4 
1669924375 4 0 1 4 
1669924377 0 0 0 4 
1669924379 1 0 0 2 
1669924381 1 3 4 0 
1669924383 0 0 3 1 
1669924385 3 3 0 2 
1669924387 1 0 2 0 
1669924389 4 6 0 0 
1669924391 0 0 0 3 
1669924393 0 3 0 1 
1669924395 3 2 2 2 
1669924397 2 4 0 0 
1669924399 0 1 2 4 
1669924401 1 3 2 0 
1669924403 0 0 0 1 
1669924405 1 3 0 0 
1669924407 1 2 0 0 
1669924409 0 0 0 0 
1669924411 3 4 1 1 
1669924413 2 0 0 4 
1669924415 0 0 3 0 
1669924417 0 1 0 3 
1669924419 4 4 0 0 
1669924421 1 3 0 0 
1669924423 2 1 2 2 
1669924425 3 3 3 2 
1669924427 3 0 0 2 
1669924429 6 0 0 4 
1669924431 0 3 0 1 
1669924433 2 1 1 2 
1669924435 0 4 2 1 
1669924437 0 4 1 0 
1669924439 0 0 1 1 
1669924441 1 5 4 2 
1669924443 3 0 1 1 
1669924445 1 0 1 0 
1669924447 1 2 2 1 
1669924449 0 2 4 2 
1669924451 1 0 0 0 
1669924453 0 0 0 1 
1669924455 0 1 3 1 
1669924457 1 3 0 0 
1669924459 0 1 0 0 
1669924461 2 1 1 0 
1669924463 1 0 0 2 
1669924465 2 1 1 0 
1669924467 0 2 2 1 
1669924469 3 0 3 5 
1669924471 2 2 0 2 
1669924473 0 2 0 3 
1669924475 0 3 0 0 
1669924477 2 3 2 1 
1669924479 1 0 2 4 
1669924481 1 1 0 1 
1669924483 0 1 3 3 
1669924485 3 1 0 3 
1669924487 2 6 1 1 
1669924489 1 2 1 0 
1669924491 3 2 0 0 
1669924493 2 2 2 3 
1669924495 3 0 1 0 
1669924497 1 3 3 0 
1669924499 2 3 0 3 
1669924501 2 3 2 4 
1669924503 0 2 0 0 
1669924505 0 1 1 2 
1669924507 1 0 0 0 
1669924509 0 2 0 3 
1669924511 0 1 1 2 
1669924513 1 1 0 1 
1669924515 1 2 0 2 
1669924517 3 2 1 1 
1669924519 2 2 1 0 
1669924521 3 1 0 0 
1669924523 0 1 0 1 
1669924525 2 0 1 2 
1669924527 0 1 2 0 
1669924529 1 1 3 3 
1669924531 0 1 1 1 
1669924533 0 0 0 1 
1669924535 1 2 0 0 
1669924537 0 0 0 3 
1669924539 2 2 1 3 
1669924541 4 2 1 0 
1669924543 3 3 1 1 
1669924545 1 2 2 0 
1669924547 0 3 1 2 
1669924549 1 3 0 3 
1669924551 2 0 1 0 
1669924553 0 3 0 0 
1669924555 2 2 2 1 
1669924557 0 4 1 2 
1669924559 0 1 1 3 
1669924561 1 1 0 0 
1669924563 0 2 3 1 
1669924565 0 3 2 1 
1669924567 2 1 0 1 
1669924569 0 2 2 1 
1669924571 2 2 1 0 
1669924573 2 2 1 3 
1669924575 4 1 0 0 
1669924577 6 0 0 1 
1669924579 0 1 0 1 
1669924581 0 3 0 0 
1669924583 0 1 2 0 
1669924585 2 1 1 1 
1669924587 3 3 0 0 
1669924589 0 0 0 4 
1669924591 0 0 2 0 
1669924593 0 4 2 2 
1669924595 0 3 2 3 
1669924597 0 2 2 4 
1669924599 4 3 1 3 
1669924601 2 1 2 2 
1669924603 0 1 3 1 
1669924605 1 3 4 2 
1669924607 0 1 0 1 
1669924609 3 2 1 3 
1669924611 2 3 2 3 
1669924613 0 0 0 0 
1669924615 2 2 2 1 
1669924617 1 6 1 0 
1669924619 0 1 0 0 
1669924621 1 2 3 1 
1669924623 1 2 0 0 
1669924625 3 3 2 4 
1669924627 0 1 1 1 
1669924629 2 0 0 0 
1669924631 3 5 0 0 
1669924633 1 0 2 2 
1669924635 1 3 0 0 
1669924637 0 2 0 2 
1669924639 2 3 0 1 
1669924641 2 1 1 2 
1669924643 2 0 0 1 
1669924645 2 2 0 3 
1669924647 0 0 1 0 
1669924649 1 4 1 2 
1669924651 2 1 1 3 
1669924653 2 4 0 0 
1669924655 1 5 0 0 
1669924657 1 0 0 0 
1669924659 1 1 3 0 
1669924661 2 3 0 0 
1669924663 2 4 0 0 
1669924665 0 3 0 0 
1669924667 0 3 0 0 
1669924669 4 1 1 0 
1669924671 1 2 3 1 
1669924673 2 2 1 3 
1669924675 0 0 0 2 
1669924677 0 2 1 0 
1669924679 0 1 1 1 
1669924681 1 2 1 2 
1669924683 3 2 3 0 
1669924685 2 1 2 2 
1669924687 2 3 3 2 
1669924689 1 1 0 0 
1669924691 1 1 2 2 
1669924693 0 1 0 2 
1669924695 1 2 0 1 
1669924697 1 6 2 0 
1669924699 1 3 1 0 
1669924701 1 1 2 3 
1669924703 0 5 1 3 
1669924705 3 1 2 1 
1669924707 1 2 2 1 
1669924709 0 1 0 1 
1669924711 0 0 1 3 
1669924713 0 0 0 3 
1669924715 0 4 0 3 
1669924717 3 5 1 4 
1669924719 2 0 0 2 
1669924721 0 2 3 2 
1669924723 0 0 0 4 
1669924725 0 2 0 2 
1669924727 0 4 2 1 
1669924729 1 3 2 4 
1669924731 0 2 0 3 
1669924733 0 4 0 2 
1669924735 0 1 1 4 
1669924737 2 1 2 2 
1669924739 1 2 0 3 
1669924741 2 0 1 3 
1669924743 1 0 1 1 
1669924745 0 2 2 0 
1669924747 0 4 2 0 
1669924749 1 4 1 2 
1669924751 2 3 0 0 
1669924753 3 4 1 0 
1669924755 0 0 1 2 
1669924757 4 2 2 0 
1669924759 2 2 1 1 
1669924761 3 3 1 2 
1669924763 1 4 0 1 
1669924765 0 2 2 0 
1669924767 0 1 4 2 
1669924769 2 2 0 0 
1669924771 0 0 2 1 
1669924773 6 0 0 3 
1669924775 0 1 1 2 
1669924777 1 1 1 0 
1669924779 1 3 1 0 
1669924781 0 3 1 2 
1669924783 0 5 1 1 
1669924785 0 3 1 2 
1669924787 0 1 2 1 
1669924789 1 3 0 1 
1669924791 1 3 0 2 
1669924793 2 1 0 2 
1669924795 0 0 2 1 
1669924797 3 1 0 2 
1669924799 1 1 0 1 
