1669924803 5 1 0 3 
1669924806 0 2 1 1 
1669924808 1 1 3 3 
1669924810 0 5 1 0 
1669924812 4 2 1 2 
1669924814 0 1 0 1 
1669924816 2 0 1 0 
1669924818 0 1 1 3 
1669924820 0 0 1 1 
1669924822 0 4 3 1 
1669924824 2 3 3 0 
1669924826 0 3 1 3 
1669924828 1 2 0 0 
1669924830 1 3 2 2 
1669924832 0 2 0 4 
1669924834 1 1 1 0 
1669924836 0 1 2 1 
1669924838 1 2 0 0 
1669924840 0 0 1 3 
1669924842 0 2 0 2 
1669924844 2 0 1 0 
1669924846 0 2 0 3 
1669924848 3 1 1 0 
1669924850 1 1 0 0 
1669924852 0 3 3 3 
1669924854 2 3 0 1 
1669924856 0 2 0 0 
1669924858 2 0 2 1 
1669924860 1 2 3 2 
1669924862 1 0 1 0 
1669924864 1 1 1 2 
1669924866 2 2 2 3 
1669924868 0 3 0 0 
1669924870 0 1 1 1 
1669924872 0 0 0 1 
1669924874 2 0 1 0 
1669924876 0 0 2 2 
1669924878 1 2 0 0 
1669924880 0 0 1 4 
1669924882 2 2 1 0 
1669924884 1 3 2 1 
1669924886 1 0 1 1 
1669924888 2 3 1 2 
1669924890 1 1 4 2 
1669924892 3 5 0 0 
1669924894 0 2 2 0 
1669924896 2 4 0 0 
1669924898 0 1 2 0 
1669924900 0 4 1 1 
1669924902 0 0 0 0 
1669924904 2 0 0 0 
1669924906 1 1 3 1 
1669924908 0 1 1 2 
1669924910 1 3 0 1 
1669924912 2 1 1 1 
1669924914 1 1 0 3 
1669924916 1 3 0 1 
1669924918 5 1 2 1 
1669924920 0 3 1 0 
1669924922 0 2 0 0 
1669924924 1 1 0 1 
1669924926 0 1 0 4 
1669924928 0 1 1 0 
1669924930 0 3 0 0 
1669924932 1 2 0 0 
1669924934 4 1 0 3 
1669924936 3 1 1 2 
1669924938 2 4 1 3 
1669924940 1 1 0 0 
1669924942 1 2 2 2 
1669924944 1 0 0 2 
1669924946 0 1 3 0 
1669924948 2 3 0 2 
1669924950 0 0 2 0 
1669924952 1 0 0 2 
1669924954 0 2 3 2 
1669924956 4 2 3 0 
1669924958 1 3 3 2 
1669924960 1 4 2 1 
1669924962 3 0 0 2 
1669924964 0 4 0 0 
1669924966 0 2 0 1 
1669924968 0 2 0 0 
1669924970 0 1 1 0 
1669924972 0 2 4 3 
1669924974 1 0 1 3 
1669924976 0 2 2 0 
1669924978 2 3 1 1 
1669924980 2 2 3 0 
1669924982 1 2 1 2 
1669924984 0 2 1 4 
1669924986 3 4 3 0 
1669924988 2 0 1 0 
1669924990 0 3 0 0 
1669924992 0 1 0 0 
1669924994 0 0 0 1 
1669924996 2 3 1 1 
1669924998 2 3 1 1 
1669925000 1 1 2 3 
1669925002 0 0 0 1 
1669925004 3 1 1 1 
1669925006 0 3 2 1 
1669925008 1 0 2 2 
1669925010 0 0 2 1 
1669925012 2 2 0 2 
1669925014 1 4 0 0 
1669925016 0 0 3 2 
1669925018 0 0 0 2 
1669925020 0 0 2 0 
1669925022 0 3 0 1 
1669925024 3 0 0 3 
1669925026 3 3 3 2 
1669925028 1 3 0 3 
1669925030 0 0 0 2 
1669925032 1 1 1 3 
1669925034 2 1 4 1 
1669925036 0 0 0 2 
1669925038 0 2 2 0 
1669925040 0 0 0 2 
1669925042 1 3 0 3 
1669925044 2 1 4 1 
1669925046 0 1 0 2 
1669925048 0 2 2 1 
1669925050 1 2 1 0 
1669925052 0 0 1 3 
1669925054 0 1 0 1 
1669925056 2 1 1 0 
1669925058 3 3 2 0 
1669925060 0 3 0 1 
1669925062 4 3 1 5 
1669925064 0 2 1 2 
1669925066 0 1 0 1 
1669925068 1 3 0 4 
1669925070 1 1 1 0 
1669925072 0 1 1 3 
1669925074 0 0 0 1 
1669925076 2 2 0 1 
1669925078 1 3 1 0 
1669925080 0 1 0 3 
1669925082 0 2 0 1 
1669925084 0 1 2 1 
1669925086 1 3 1 2 
1669925088 0 2 1 0 
1669925090 1 1 3 0 
1669925092 2 3 3 0 
1669925094 1 2 1 4 
1669925096 3 2 0 3 
1669925098 0 0 0 0 
1669925100 0 3 2 1 
1669925102 2 0 0 1 
1669925104 3 1 2 2 
1669925106 2 9 1 2 
1669925108 2 4 0 2 
1669925110 1 2 5 0 
1669925112 0 2 0 2 
1669925114 1 3 3 2 
1669925116 1 1 3 3 
1669925118 0 2 0 0 
1669925120 2 3 0 1 
1669925122 4 2 3 0 
1669925124 1 1 3 0 
1669925126 2 3 0 0 
1669925128 2 2 2 2 
1669925130 4 0 0 0 
1669925132 0 3 0 0 
1669925134 0 0 3 0 
1669925136 0 0 0 0 
1669925138 5 1 0 5 
1669925140 3 0 0 2 
1669925142 0 4 0 1 
1669925144 2 3 1 2 
1669925146 0 3 1 3 
1669925148 2 3 0 1 
1669925150 2 4 0 2 
1669925152 3 3 0 1 
1669925154 0 3 0 0 
1669925156 1 3 0 4 
1669925158 2 5 0 0 
1669925160 0 4 1 0 
1669925162 0 0 3 2 
1669925164 0 1 0 0 
1669925166 0 1 0 1 
1669925168 0 2 1 1 
1669925170 2 0 1 0 
1669925172 5 1 0 2 
1669925174 3 0 1 2 
1669925176 4 2 0 0 
1669925178 0 0 0 2 
1669925180 1 3 0 2 
1669925182 2 3 0 2 
1669925184 0 2 0 4 
1669925186 0 1 0 0 
1669925188 0 0 2 0 
1669925190 0 0 2 2 
1669925192 1 2 2 1 
1669925194 1 2 1 2 
1669925196 1 3 2 2 
1669925198 1 2 0 0 
1669925200 1 4 2 2 
1669925202 0 2 1 0 
1669925204 1 4 1 1 
1669925206 2 1 0 3 
1669925208 3 0 3 0 
1669925210 0 2 0 2 
1669925212 3 0 0 2 
1669925214 1 2 0 1 
1669925216 2 0 1 5 
1669925218 3 4 0 1 
1669925220 0 0 1 0 
1669925222 4 3 1 5 
1669925224 2 1 0 4 
1669925226 0 2 1 1 
1669925228 2 2 2 1 
1669925230 1 0 0 1 
1669925232 2 3 0 4 
1669925234 0 0 0 0 
1669925236 3 4 1 1 
1669925238 0 0 1 2 
1669925240 1 1 0 2 
1669925242 2 1 0 0 
1669925244 0 0 1 0 
1669925246 0 1 1 0 
1669925248 0 0 2 1 
1669925250 2 2 2 0 
1669925252 0 0 1 0 
1669925254 3 2 3 0 
1669925256 2 1 0 1 
1669925258 2 3 0 3 
1669925260 0 3 1 4 
1669925262 0 0 1 4 
1669925264 0 1 2 0 
1669925266 0 1 0 2 
1669925268 2 2 0 1 
1669925270 2 0 0 2 
1669925272 3 1 1 2 
1669925274 3 3 0 1 
1669925276 0 0 0 1 
1669925278 3 1 3 1 
1669925280 0 2 0 0 
1669925282 1 3 2 0 
1669925284 2 3 4 0 
1669925286 1 12 2 2 
1669925288 1 1 1 2 
1669925290 2 4 1 2 
1669925292 0 3 0 2 
1669925294 1 4 0 2 
1669925296 1 2 1 3 
1669925298 1 0 2 1 
1669925300 0 0 1 0 
1669925302 2 4 0 0 
1669925304 0 1 0 0 
1669925306 0 3 0 0 
1669925308 0 1 2 2 
1669925310 2 2 0 2 
1669925312 2 2 2 3 
1669925314 0 2 2 4 
1669925316 1 0 0 2 
1669925318 1 3 1 0 
1669925320 1 1 0 0 
1669925322 1 2 0 0 
1669925324 2 2 3 3 
1669925326 0 3 2 1 
1669925328 2 0 2 2 
1669925330 0 1 2 1 
1669925332 2 1 2 2 
1669925334 3 1 1 1 
1669925336 0 0 2 0 
1669925338 3 1 0 2 
1669925340 0 3 0 1 
1669925342 1 3 2 3 
1669925344 0 0 1 1 
1669925346 0 1 1 0 
1669925348 2 2 0 0 
1669925350 0 0 0 2 
1669925352 0 0 2 4 
1669925354 2 0 0 0 
1669925356 0 0 2 1 
1669925358 2 0 2 2 
1669925360 0 1 1 2 
1669925362 2 2 0 0 
1669925364 2 2 0 0 
1669925366 0 3 3 0 
1669925368 0 0 1 2 
1669925370 2 2 0 5 
1669925372 2 2 5 0 
1669925374 0 1 1 1 
1669925376 0 2 0 4 
1669925378 3 0 0 2 
1669925380 1 1 0 1 
1669925382 1 2 2 2 
1669925384 2 2 2 2 
1669925386 0 3 0 0 
1669925388 0 0 0 1 
1669925390 0 0 1 1 
1669925392 0 2 0 0 
1669925394 0 0 0 1 
1669925396 3 0 2 0 
1669925398 0 2 2 3 
1669925400 2 3 0 3 
1669925402 0 1 4 0 
1669925404 0 7 0 1 
1669925406 3 3 0 0 
1669925408 0 1 0 0 
1669925410 0 0 4 0 
1669925412 0 3 3 2 
1669925414 1 4 0 2 
1669925416 1 2 1 2 
1669925418 1 3 3 1 
1669925420 1 0 3 0 
1669925422 0 5 0 1 
1669925424 2 1 1 2 
1669925426 0 1 0 1 
1669925428 0 1 1 3 
1669925430 0 2 3 1 
1669925432 0 4 0 2 
1669925434 3 1 3 0 
1669925436 3 1 2 0 
1669925438 0 2 0 2 
1669925440 0 2 0 0 
1669925442 0 1 1 2 
1669925444 2 1 0 0 
1669925446 1 1 1 0 
1669925448 0 5 0 3 
1669925450 0 0 0 1 
1669925452 0 3 2 2 
1669925454 0 0 0 0 
1669925456 1 4 1 0 
1669925458 0 1 0 2 
1669925460 0 4 0 2 
1669925462 0 4 0 2 
1669925464 2 4 5 2 
1669925466 0 3 0 0 
1669925468 1 5 2 0 
1669925470 3 2 0 0 
1669925472 2 0 1 1 
1669925474 1 4 0 1 
1669925476 2 2 0 0 
1669925478 2 2 1 1 
1669925480 1 2 3 0 
1669925482 3 1 2 2 
1669925484 1 1 3 1 
1669925486 1 1 4 1 
1669925488 2 1 0 1 
1669925490 1 3 0 1 
1669925492 1 1 1 2 
1669925494 1 2 1 3 
1669925496 4 4 0 0 
1669925498 1 2 0 1 
1669925500 2 4 2 1 
1669925502 2 1 0 1 
1669925504 1 2 0 1 
1669925506 0 1 0 0 
1669925508 0 2 3 0 
1669925510 0 1 4 1 
1669925512 0 2 0 3 
1669925514 0 0 0 0 
1669925516 0 1 1 0 
1669925518 3 1 1 1 
1669925520 1 2 0 0 
1669925522 0 4 2 2 
1669925524 0 3 1 1 
1669925526 1 3 2 0 
1669925528 0 2 2 2 
1669925530 1 0 0 3 
1669925532 0 1 4 0 
1669925534 0 1 2 2 
1669925536 4 4 0 1 
1669925538 2 4 2 0 
1669925540 0 2 0 3 
1669925542 0 0 3 0 
1669925544 1 3 2 0 
1669925546 2 3 0 0 
1669925548 2 0 1 2 
1669925550 2 0 1 2 
1669925552 0 5 0 2 
1669925554 0 1 1 0 
1669925556 2 2 1 1 
1669925558 0 0 0 0 
1669925560 0 1 0 0 
1669925562 3 3 3 0 
1669925564 1 4 0 2 
1669925566 1 1 0 2 
1669925568 0 0 3 2 
1669925570 0 0 0 1 
1669925572 3 3 2 2 
1669925574 1 2 1 2 
1669925576 1 2 0 1 
1669925578 3 2 0 0 
1669925580 0 0 0 2 
1669925582 3 4 0 0 
1669925584 3 1 0 2 
1669925586 4 0 0 2 
1669925588 1 5 2 1 
1669925590 1 0 0 0 
1669925592 1 0 1 0 
1669925594 0 1 0 0 
1669925596 0 0 0 0 
1669925598 3 0 0 1 
1669925600 2 1 0 3 
1669925602 1 2 0 1 
1669925604 0 0 0 1 
1669925606 3 4 1 0 
1669925608 1 1 1 1 
1669925610 1 6 2 1 
1669925612 3 2 3 1 
1669925614 1 0 0 0 
1669925616 0 0 0 2 
1669925618 2 0 0 1 
1669925620 4 3 0 1 
1669925622 2 0 1 3 
1669925624 0 3 2 3 
1669925626 1 4 2 0 
1669925628 0 3 2 1 
1669925630 3 4 1 1 
1669925632 1 2 2 2 
1669925634 2 2 2 1 
1669925636 1 2 0 0 
1669925638 0 3 1 1 
1669925640 2 3 0 3 
1669925642 1 9 0 0 
1669925644 0 1 2 1 
1669925646 2 0 0 1 
1669925648 2 0 0 1 
1669925650 4 2 0 0 
1669925652 0 0 0 1 
1669925654 3 3 0 0 
1669925656 2 4 1 3 
1669925658 0 2 1 3 
1669925660 1 2 0 0 
1669925662 2 1 0 1 
1669925664 1 2 0 1 
1669925666 3 3 0 1 
1669925668 1 0 0 2 
1669925670 2 2 0 2 
1669925672 2 1 0 0 
1669925674 1 2 4 0 
1669925676 0 2 0 1 
1669925678 1 1 2 0 
1669925680 2 0 2 2 
1669925682 0 2 0 1 
1669925684 1 3 3 4 
1669925686 0 4 0 2 
1669925688 2 0 0 0 
1669925690 2 4 0 0 
1669925692 0 4 2 2 
1669925694 1 2 2 2 
1669925696 2 2 4 0 
1669925698 0 1 1 0 
1669925700 3 0 1 2 
1669925702 0 1 0 2 
1669925704 1 2 0 2 
1669925706 0 3 2 0 
1669925708 1 3 2 3 
1669925710 2 2 3 0 
1669925712 0 1 2 0 
1669925714 2 0 0 2 
1669925716 2 2 1 2 
1669925718 0 0 1 1 
1669925720 5 3 3 3 
1669925722 2 2 0 0 
1669925724 3 1 0 1 
1669925726 2 2 1 2 
1669925728 1 1 0 2 
1669925730 1 3 0 2 
1669925732 2 2 4 3 
1669925734 1 2 0 0 
1669925736 1 0 0 2 
1669925738 0 2 1 0 
1669925740 1 1 0 0 
1669925742 0 0 3 0 
1669925744 0 3 0 2 
1669925746 0 3 0 0 
1669925748 1 1 1 1 
1669925750 2 4 2 3 
1669925752 2 1 0 0 
1669925754 2 4 0 0 
1669925756 0 1 0 2 
1669925758 0 1 0 0 
1669925760 1 0 0 3 
1669925762 0 2 1 0 
1669925764 0 3 1 4 
1669925766 0 3 0 0 
1669925768 1 2 1 1 
1669925770 0 2 2 2 
1669925772 3 3 1 2 
1669925774 2 0 0 2 
1669925776 0 3 1 1 
1669925778 0 0 0 2 
1669925780 2 2 0 1 
1669925782 0 0 0 2 
1669925784 2 0 0 0 
1669925786 1 2 2 1 
1669925788 0 2 0 2 
1669925790 2 3 1 0 
1669925792 0 1 0 2 
1669925794 3 2 2 2 
1669925796 2 1 0 1 
1669925798 1 1 3 1 
1669925800 3 1 0 1 
1669925802 1 5 0 2 
1669925804 1 0 0 0 
1669925806 1 4 2 0 
1669925808 0 0 0 2 
1669925810 1 3 0 4 
1669925812 2 2 0 1 
1669925814 3 4 0 2 
1669925816 3 0 3 1 
1669925818 3 0 0 1 
1669925820 0 1 0 0 
1669925822 1 4 1 0 
1669925824 1 5 2 1 
1669925826 2 3 0 1 
1669925828 1 2 1 1 
1669925830 0 0 0 1 
1669925832 0 0 0 3 
1669925834 0 0 1 1 
1669925836 2 1 2 0 
1669925838 1 5 0 5 
1669925840 1 0 0 0 
1669925842 0 0 0 2 
1669925844 1 0 1 0 
1669925846 2 3 2 1 
1669925848 0 0 3 0 
1669925850 0 0 2 1 
1669925852 0 1 0 0 
1669925854 0 1 2 3 
1669925856 1 2 1 1 
1669925858 2 1 1 2 
1669925860 1 0 3 0 
1669925862 2 4 0 0 
1669925864 0 4 0 0 
1669925866 2 2 1 3 
1669925868 0 4 2 2 
1669925870 2 2 0 0 
1669925872 2 2 0 2 
1669925874 1 0 1 1 
1669925876 0 0 2 3 
1669925878 0 2 1 3 
1669925880 1 3 0 0 
1669925882 0 0 0 1 
1669925884 1 3 1 3 
1669925886 0 3 0 1 
1669925888 0 1 0 1 
1669925890 0 0 0 3 
1669925892 3 0 2 1 
1669925894 2 0 0 3 
1669925896 1 3 2 1 
1669925898 2 2 2 1 
1669925900 1 2 0 1 
1669925902 3 0 0 2 
1669925904 0 1 0 1 
1669925906 0 1 1 3 
1669925908 0 1 1 3 
1669925910 1 1 2 0 
1669925912 0 2 0 1 
1669925914 2 0 0 0 
1669925916 3 2 0 1 
1669925918 1 2 0 1 
1669925920 1 2 3 1 
1669925922 1 3 2 1 
1669925924 3 4 0 1 
1669925926 1 0 0 0 
1669925928 0 0 0 0 
1669925930 3 5 0 2 
1669925932 0 2 0 0 
1669925934 0 3 0 0 
1669925936 0 0 1 3 
1669925938 3 3 3 0 
1669925940 1 3 0 0 
1669925942 2 4 0 1 
1669925944 2 0 1 1 
1669925946 1 0 0 1 
1669925948 0 4 4 1 
1669925950 0 2 1 3 
1669925952 2 2 0 1 
1669925954 1 4 0 0 
1669925956 0 2 5 2 
1669925958 0 3 0 0 
1669925960 3 4 2 1 
1669925962 0 1 2 0 
1669925964 1 1 1 0 
1669925966 2 4 0 0 
1669925968 0 0 2 3 
1669925970 1 3 1 2 
1669925972 4 0 2 3 
1669925974 1 4 1 0 
1669925976 2 1 0 0 
1669925978 1 3 0 0 
1669925980 2 2 0 0 
1669925982 1 1 0 1 
1669925984 0 1 4 0 
1669925986 2 1 1 1 
1669925988 2 3 1 2 
1669925990 3 2 0 0 
1669925992 0 0 0 0 
1669925994 0 1 0 1 
1669925996 0 3 1 1 
1669925998 3 0 1 5 
1669926000 3 0 0 3 
1669926002 1 0 1 0 
1669926004 0 1 0 0 
1669926006 0 2 0 2 
1669926008 2 2 0 3 
1669926010 0 4 3 3 
1669926012 0 4 1 2 
1669926014 1 5 0 2 
1669926016 3 1 0 2 
1669926018 0 0 0 1 
1669926020 3 1 1 1 
1669926022 3 0 0 0 
1669926024 0 1 0 0 
1669926026 0 3 2 1 
1669926028 2 4 1 0 
1669926030 3 2 0 1 
1669926032 0 0 0 1 
1669926034 1 0 2 2 
1669926036 0 1 1 3 
1669926038 0 0 0 2 
1669926040 3 1 0 0 
1669926042 0 0 0 0 
1669926044 0 1 0 0 
1669926046 1 0 0 0 
1669926048 3 4 1 2 
1669926050 0 2 3 3 
1669926052 0 0 1 0 
1669926054 3 7 2 10 
1669926056 0 0 3 5 
1669926058 1 2 0 1 
1669926060 0 0 4 0 
1669926062 0 2 2 0 
1669926064 0 1 4 0 
1669926066 0 4 6 0 
1669926068 13 0 0 0 
1669926070 0 0 0 0 
1669926072 0 1 1 1 
1669926074 0 0 0 0 
1669926076 4 1 0 2 
1669926078 1 1 0 0 
1669926080 0 0 2 1 
1669926082 0 3 1 2 
1669926084 2 4 2 0 
1669926086 0 2 0 2 
1669926088 1 0 0 2 
1669926090 1 2 2 2 
1669926092 1 5 2 3 
1669926094 2 0 0 2 
1669926096 1 1 0 0 
1669926098 0 1 2 0 
1669926100 0 4 0 0 
1669926102 0 1 1 0 
1669926104 0 4 1 2 
1669926106 1 0 0 1 
1669926108 0 2 1 2 
1669926110 0 2 1 3 
1669926112 2 1 3 2 
1669926114 0 1 3 1 
1669926116 2 2 2 0 
1669926118 0 2 2 2 
1669926120 0 3 1 3 
1669926122 2 0 0 0 
1669926124 1 4 2 1 
1669926126 2 2 2 1 
1669926128 0 0 0 3 
1669926130 0 1 1 1 
1669926132 1 2 3 2 
1669926134 1 4 2 3 
1669926136 1 0 1 3 
1669926138 0 1 0 1 
1669926140 1 3 3 1 
1669926142 1 1 2 0 
1669926144 0 0 0 0 
1669926146 0 4 2 0 
1669926148 1 2 0 3 
1669926150 3 0 0 1 
1669926152 2 2 2 1 
1669926154 2 3 1 3 
1669926156 2 3 2 3 
1669926158 0 0 0 3 
1669926160 3 2 1 2 
1669926162 2 2 1 1 
1669926164 0 2 0 2 
1669926166 2 3 0 0 
1669926168 11 5 4 4 
1669926170 0 3 0 0 
1669926172 2 3 5 8 
1669926174 2 1 1 1 
1669926176 2 8 1 1 
1669926178 0 1 0 1 
1669926180 0 1 0 1 
1669926182 0 0 3 1 
1669926184 1 4 2 4 
1669926186 1 1 0 0 
1669926188 1 4 1 1 
1669926190 0 2 0 0 
1669926192 1 3 3 4 
1669926194 0 1 4 0 
1669926196 1 2 0 1 
1669926198 1 3 2 0 
1669926200 1 3 0 0 
1669926202 1 2 0 1 
1669926204 0 3 1 1 
1669926206 1 2 3 2 
1669926208 0 0 1 0 
1669926210 2 0 2 0 
1669926212 0 0 2 4 
1669926214 1 3 0 2 
1669926216 0 4 3 1 
1669926218 1 0 1 0 
1669926220 0 1 0 2 
1669926222 1 3 3 1 
1669926224 1 3 2 1 
1669926226 2 0 1 0 
1669926228 0 1 0 0 
1669926230 4 4 2 2 
1669926232 4 0 1 1 
1669926234 1 3 4 0 
1669926236 1 2 3 0 
1669926238 1 3 3 3 
1669926240 1 1 1 0 
1669926242 1 0 0 1 
1669926244 1 2 1 2 
1669926246 0 4 0 5 
1669926248 0 5 0 0 
1669926250 1 3 0 1 
1669926252 0 0 0 0 
1669926254 3 2 2 0 
1669926256 2 2 2 0 
1669926258 0 0 3 1 
1669926260 1 2 1 0 
1669926262 0 4 2 1 
1669926264 0 1 1 0 
1669926266 1 1 3 3 
1669926268 2 10 0 0 
1669926270 0 0 0 1 
1669926272 0 0 0 0 
1669926274 1 1 1 0 
1669926276 0 1 0 1 
1669926278 1 2 1 0 
1669926280 2 3 1 0 
1669926282 0 2 0 0 
1669926284 0 3 3 3 
1669926286 2 2 0 2 
1669926288 1 3 1 1 
1669926290 3 3 0 2 
1669926292 1 0 0 2 
1669926294 0 0 1 0 
1669926296 1 4 1 3 
1669926298 3 0 0 0 
1669926300 2 2 2 0 
1669926302 0 2 0 1 
1669926304 0 1 1 0 
1669926306 0 3 3 2 
1669926308 1 2 0 1 
1669926310 3 3 0 0 
1669926312 0 4 1 3 
1669926314 2 4 2 0 
1669926316 0 2 0 3 
1669926318 1 2 2 1 
1669926320 1 2 1 1 
1669926322 0 2 0 1 
1669926324 4 2 0 1 
1669926326 0 2 2 0 
1669926328 2 4 1 0 
1669926330 2 1 0 0 
1669926332 3 0 0 0 
1669926334 2 2 0 1 
1669926336 0 0 0 3 
1669926338 3 4 1 0 
1669926340 0 1 1 1 
1669926342 2 0 2 1 
1669926344 4 0 0 2 
1669926346 0 1 2 3 
1669926348 4 2 0 1 
1669926350 3 1 0 3 
1669926352 1 3 1 2 
1669926354 1 1 3 1 
1669926356 1 0 1 2 
1669926358 0 1 0 0 
1669926360 0 0 1 3 
1669926362 1 13 0 0 
1669926364 2 0 0 1 
1669926366 1 2 0 2 
1669926368 2 3 2 0 
1669926370 1 2 2 2 
1669926372 2 1 4 0 
1669926374 2 4 0 1 
1669926376 3 5 1 3 
1669926378 2 1 2 3 
1669926380 2 3 2 0 
1669926382 1 0 2 1 
1669926384 3 2 1 5 
1669926386 1 2 3 2 
1669926388 0 2 2 2 
1669926390 5 2 0 0 
1669926392 0 2 0 0 
1669926394 0 2 0 0 
1669926396 0 1 1 0 
1669926398 0 0 0 1 
1669926400 2 2 2 2 
1669926402 1 1 0 0 
1669926404 0 1 0 0 
1669926406 1 2 0 0 
1669926408 0 2 3 2 
1669926410 0 0 0 0 
1669926412 0 1 1 1 
1669926414 0 1 0 3 
1669926416 1 1 4 0 
1669926418 0 2 2 2 
1669926420 2 1 0 4 
1669926422 0 2 1 1 
1669926424 3 0 0 3 
1669926426 0 4 0 0 
1669926428 0 0 1 4 
1669926430 0 0 0 1 
1669926432 2 1 2 2 
1669926434 0 3 1 0 
1669926436 2 0 2 0 
1669926438 1 3 3 1 
1669926440 1 0 1 0 
1669926442 0 1 3 4 
1669926444 2 2 2 2 
1669926446 1 0 3 4 
1669926448 1 1 1 0 
1669926450 1 0 2 2 
1669926452 1 1 0 0 
1669926454 2 0 0 3 
1669926456 1 3 1 4 
1669926458 1 1 0 1 
1669926460 0 2 0 0 
1669926462 0 0 0 2 
1669926464 2 0 1 2 
1669926466 0 1 1 2 
1669926468 1 0 0 2 
1669926470 2 0 3 0 
1669926472 0 2 3 1 
1669926474 0 0 2 2 
1669926476 1 0 2 0 
1669926478 2 2 2 0 
1669926480 1 2 0 0 
1669926482 1 2 4 1 
1669926484 1 3 1 0 
1669926486 0 0 1 0 
1669926488 3 1 2 0 
1669926490 4 2 0 2 
1669926492 0 0 1 2 
1669926494 1 0 0 0 
1669926496 0 2 3 0 
1669926498 2 4 1 1 
1669926500 2 1 0 2 
1669926502 0 3 4 0 
1669926504 0 0 2 3 
1669926506 0 2 0 2 
1669926508 0 1 4 1 
1669926510 1 2 3 1 
1669926512 1 4 1 4 
1669926514 3 1 0 0 
1669926516 2 2 0 2 
1669926518 3 2 0 2 
1669926520 0 1 0 4 
1669926522 2 3 0 0 
1669926524 0 1 4 0 
1669926526 2 2 0 1 
1669926528 1 0 2 2 
1669926530 2 0 0 2 
1669926532 1 2 1 0 
1669926534 1 1 4 2 
1669926536 3 0 0 1 
1669926538 0 3 0 0 
1669926540 1 3 1 1 
1669926542 2 6 3 1 
1669926544 0 0 0 3 
1669926546 0 3 1 1 
1669926548 2 0 1 0 
1669926550 0 1 1 1 
1669926552 0 2 2 0 
1669926554 0 1 0 0 
1669926556 4 2 0 6 
1669926558 1 2 1 1 
1669926560 0 0 0 1 
1669926562 0 1 2 1 
1669926564 0 0 0 4 
1669926566 1 3 1 0 
1669926568 0 0 1 2 
1669926570 2 1 0 4 
1669926572 3 6 1 4 
1669926574 1 2 3 2 
1669926576 1 0 1 3 
1669926578 3 3 1 3 
1669926580 0 2 2 0 
1669926582 2 1 2 3 
1669926584 3 2 1 2 
1669926586 1 4 0 0 
1669926588 0 4 3 2 
1669926590 4 2 0 0 
1669926592 1 0 4 0 
1669926594 1 1 0 0 
1669926596 1 2 3 4 
1669926598 2 2 1 1 
1669926600 2 1 2 0 
1669926602 0 3 2 0 
1669926604 1 3 1 1 
1669926606 0 3 0 0 
1669926608 1 1 2 2 
1669926610 0 2 0 1 
1669926612 1 4 1 0 
1669926614 1 0 0 0 
1669926616 0 2 0 2 
1669926618 0 1 1 1 
1669926620 1 1 0 1 
1669926622 0 3 2 0 
1669926624 2 4 0 1 
1669926626 2 3 0 0 
1669926628 0 3 1 4 
1669926630 0 0 0 0 
1669926632 2 2 2 0 
1669926634 0 1 3 0 
1669926636 3 3 1 3 
1669926638 1 3 2 2 
1669926640 3 2 1 0 
1669926642 1 0 0 0 
1669926644 1 2 2 0 
1669926646 1 3 2 0 
1669926648 0 6 0 0 
1669926650 0 4 2 0 
1669926652 1 2 0 1 
1669926654 3 0 2 1 
1669926656 2 2 2 0 
1669926658 1 4 5 1 
1669926660 4 3 1 1 
1669926662 3 2 3 2 
1669926664 3 1 0 1 
1669926666 0 2 0 2 
1669926668 0 3 3 1 
1669926670 0 0 0 2 
1669926672 0 0 1 1 
1669926674 1 2 3 0 
1669926676 0 2 3 0 
1669926678 0 3 0 2 
1669926680 1 4 0 0 
1669926682 0 0 1 6 
1669926684 1 5 2 3 
1669926686 1 1 0 0 
1669926688 3 2 1 0 
1669926690 0 0 0 3 
1669926692 0 0 0 0 
1669926694 2 0 0 1 
1669926696 0 2 0 2 
1669926698 2 2 1 1 
1669926700 0 0 0 1 
1669926702 1 0 0 2 
1669926704 1 2 1 2 
1669926706 2 3 0 0 
1669926708 2 2 3 4 
1669926710 6 0 1 0 
1669926712 0 0 0 3 
1669926714 2 1 0 0 
1669926716 2 0 1 3 
1669926718 1 3 1 2 
1669926720 0 1 2 1 
1669926722 2 1 1 0 
1669926724 0 2 0 1 
1669926726 4 2 2 1 
1669926728 1 0 1 1 
1669926730 1 3 1 3 
1669926732 5 0 1 0 
1669926734 0 0 0 2 
1669926736 3 2 1 1 
1669926738 3 1 2 0 
1669926740 0 3 0 0 
1669926742 0 4 2 2 
1669926744 0 0 0 3 
1669926746 1 4 1 2 
1669926748 1 1 1 1 
1669926750 1 3 0 0 
1669926752 1 0 1 0 
1669926754 0 1 0 1 
1669926756 0 1 2 0 
1669926758 2 2 1 0 
1669926760 0 3 1 0 
1669926762 1 3 0 2 
1669926764 1 2 0 0 
1669926766 0 0 0 2 
1669926768 2 0 1 2 
1669926770 3 3 3 1 
1669926772 3 1 1 0 
1669926774 0 0 2 2 
1669926776 1 0 1 1 
1669926778 0 3 0 0 
1669926780 2 2 3 1 
1669926782 1 1 2 0 
1669926784 1 2 0 2 
1669926786 0 3 1 1 
1669926788 2 1 0 0 
1669926790 0 3 1 2 
1669926792 2 3 1 0 
1669926794 0 1 0 2 
1669926796 2 3 2 0 
1669926798 0 3 0 0 
1669926800 0 3 2 2 
1669926802 1 4 0 0 
1669926804 1 2 0 2 
1669926806 0 3 1 1 
1669926808 2 6 3 4 
1669926810 1 2 0 0 
1669926812 1 1 2 0 
1669926814 0 1 0 2 
1669926816 5 3 3 3 
1669926818 2 0 1 3 
1669926820 1 0 0 1 
1669926822 2 3 0 0 
1669926824 0 2 1 0 
1669926826 3 3 2 0 
1669926828 2 2 0 0 
1669926830 2 2 0 1 
1669926832 1 3 0 0 
1669926834 0 3 0 1 
1669926836 1 1 3 2 
1669926838 2 1 1 0 
1669926840 0 3 1 0 
1669926842 0 0 0 0 
1669926844 0 2 0 0 
1669926846 1 3 0 1 
1669926848 2 1 3 0 
1669926850 0 1 2 1 
1669926852 1 0 0 0 
1669926854 0 3 2 1 
1669926856 2 1 2 0 
1669926858 0 4 0 0 
1669926860 0 4 0 0 
1669926862 0 3 3 0 
1669926864 1 1 0 2 
1669926866 2 0 0 2 
1669926868 0 1 1 0 
1669926870 0 2 1 3 
1669926872 1 4 3 1 
1669926874 0 1 0 1 
1669926876 0 0 2 1 
1669926878 0 2 1 0 
1669926880 0 2 1 2 
1669926882 2 2 0 2 
1669926884 1 2 1 0 
1669926886 0 0 0 1 
1669926888 3 0 0 1 
1669926890 2 0 0 2 
1669926892 2 0 0 0 
1669926894 0 0 1 3 
1669926896 3 1 0 0 
1669926898 1 3 0 0 
1669926900 0 3 0 0 
1669926902 4 2 3 0 
1669926904 1 3 0 0 
1669926906 0 0 2 0 
1669926908 1 2 0 2 
1669926910 4 1 0 2 
1669926912 1 4 0 0 
1669926914 0 1 0 0 
1669926916 2 5 0 1 
1669926918 1 1 3 0 
1669926920 1 4 3 0 
1669926922 0 3 0 0 
1669926924 0 2 0 3 
1669926926 3 2 0 2 
1669926928 3 2 0 1 
1669926930 3 2 0 2 
1669926932 2 1 0 0 
1669926934 3 4 0 0 
1669926936 0 2 0 2 
1669926938 0 1 1 2 
1669926940 1 0 0 2 
1669926942 0 3 0 0 
1669926944 0 2 3 0 
1669926946 0 0 0 0 
1669926948 2 2 0 1 
1669926950 2 3 1 1 
1669926952 3 3 0 1 
1669926954 2 2 0 1 
1669926956 0 1 3 3 
1669926958 0 0 0 1 
1669926960 3 1 1 0 
1669926962 1 2 0 0 
1669926964 0 0 0 0 
1669926966 1 0 0 1 
1669926968 1 2 0 1 
1669926970 3 2 2 1 
1669926972 4 1 1 3 
1669926974 1 1 1 2 
1669926976 1 3 1 2 
1669926978 0 3 1 3 
1669926980 0 0 0 2 
1669926982 3 1 0 1 
1669926984 1 0 1 1 
1669926986 0 2 0 0 
1669926988 1 2 0 0 
1669926990 0 0 0 3 
1669926992 2 3 0 0 
1669926994 0 4 0 0 
1669926996 0 1 0 5 
1669926998 1 9 0 0 
1669927000 0 2 0 2 
1669927002 2 2 0 0 
1669927004 1 2 0 0 
1669927006 1 1 0 0 
1669927008 3 0 0 3 
1669927010 1 1 5 2 
1669927012 0 3 0 1 
1669927014 0 2 4 3 
1669927016 0 1 2 0 
1669927018 1 2 0 2 
1669927020 2 0 0 0 
1669927022 0 3 0 0 
1669927024 3 5 0 0 
1669927026 1 3 0 0 
1669927028 1 0 0 2 
1669927030 0 0 2 1 
1669927032 0 2 0 0 
1669927034 0 0 0 0 
1669927036 0 2 0 0 
1669927038 0 2 0 0 
1669927040 0 1 0 0 
1669927042 4 0 2 1 
1669927044 0 1 2 3 
1669927046 2 1 1 1 
1669927048 2 3 1 2 
1669927050 0 3 1 0 
1669927052 0 2 0 2 
1669927054 1 3 3 2 
1669927056 1 1 0 0 
1669927058 0 0 0 1 
1669927060 0 0 1 0 
1669927062 2 0 0 2 
1669927064 1 0 1 1 
1669927066 0 0 0 1 
1669927068 2 1 0 0 
1669927070 0 1 0 3 
1669927072 0 1 0 0 
1669927074 1 2 0 0 
1669927076 0 0 0 3 
1669927078 4 3 0 0 
1669927080 0 0 1 1 
1669927082 2 2 1 1 
1669927084 0 0 1 4 
1669927086 3 2 0 1 
1669927088 1 1 0 0 
1669927090 0 4 3 3 
1669927092 1 2 2 0 
1669927094 0 1 0 0 
1669927096 3 4 0 1 
1669927098 3 4 0 3 
1669927100 3 3 0 2 
1669927102 2 0 2 4 
1669927104 0 1 1 0 
1669927106 0 1 0 1 
1669927108 0 1 0 0 
1669927110 3 2 1 1 
1669927112 2 1 1 6 
1669927114 0 2 4 2 
1669927116 2 0 3 0 
1669927118 1 3 1 3 
1669927120 5 1 2 0 
1669927122 3 1 0 4 
1669927124 0 1 0 1 
1669927126 2 2 0 1 
1669927128 4 2 2 2 
1669927130 0 2 0 1 
1669927132 0 2 0 1 
1669927134 3 0 0 3 
1669927136 2 1 0 0 
1669927138 3 3 1 1 
1669927140 0 0 0 1 
1669927142 4 0 0 0 
1669927144 0 0 0 0 
1669927146 1 3 1 0 
1669927148 3 1 0 0 
1669927150 0 3 0 0 
1669927152 2 1 1 0 
1669927154 2 0 1 1 
1669927156 1 2 0 1 
1669927158 0 2 0 1 
1669927160 0 1 0 2 
1669927162 0 0 1 1 
1669927164 1 1 2 0 
1669927166 2 2 1 2 
1669927168 0 4 1 2 
1669927170 0 0 4 4 
1669927172 3 2 2 2 
1669927174 2 3 0 3 
1669927176 0 2 3 0 
1669927178 2 0 3 0 
1669927180 0 0 3 0 
1669927182 0 1 0 2 
1669927184 6 3 1 0 
1669927186 2 2 0 2 
1669927188 3 3 4 1 
1669927190 3 2 3 3 
1669927192 0 0 0 0 
1669927194 0 2 0 1 
1669927196 0 0 1 0 
1669927198 3 4 0 1 
1669927200 3 1 1 1 
1669927202 1 4 1 2 
1669927204 2 1 0 0 
1669927206 2 4 0 0 
1669927208 2 3 0 2 
1669927210 3 2 0 2 
1669927212 2 1 1 0 
1669927214 0 2 0 2 
1669927216 2 0 0 1 
1669927218 0 4 2 1 
1669927220 1 3 1 2 
1669927222 1 2 0 0 
1669927224 0 1 2 2 
1669927226 0 0 1 0 
1669927228 2 0 0 1 
1669927230 3 1 1 2 
1669927232 0 3 1 2 
1669927234 1 3 3 0 
1669927236 2 3 2 1 
1669927238 0 5 0 0 
1669927240 0 1 2 1 
1669927242 1 2 2 1 
1669927244 0 3 1 1 
1669927246 1 0 1 2 
1669927248 3 4 0 0 
1669927250 1 1 0 2 
1669927252 2 13 3 1 
1669927254 3 1 0 0 
1669927256 3 5 2 3 
1669927258 0 0 3 5 
1669927260 2 2 2 1 
1669927262 1 0 3 1 
1669927264 1 2 1 1 
1669927266 0 0 2 0 
1669927268 0 0 1 3 
1669927270 0 0 2 5 
1669927272 0 1 0 1 
1669927274 0 0 0 0 
1669927276 1 0 0 1 
1669927278 1 2 0 0 
1669927280 1 2 0 1 
1669927282 0 0 1 0 
1669927284 3 1 0 0 
1669927286 1 1 3 1 
1669927288 1 1 1 2 
1669927290 1 0 0 1 
1669927292 2 5 0 1 
1669927294 3 1 2 2 
1669927296 0 0 4 2 
1669927298 2 3 3 0 
1669927300 2 1 1 0 
1669927302 1 2 0 1 
1669927304 0 0 0 0 
1669927306 0 0 2 1 
1669927308 2 1 2 0 
1669927310 0 0 0 2 
1669927312 0 0 0 0 
1669927314 1 1 0 3 
1669927316 2 2 0 2 
1669927318 0 2 0 1 
1669927320 4 2 0 3 
1669927322 0 1 2 0 
1669927324 3 1 1 2 
1669927326 2 0 2 2 
1669927328 0 3 3 0 
1669927330 0 0 1 2 
1669927332 4 2 2 2 
1669927334 1 3 1 1 
1669927336 2 2 2 0 
1669927338 1 0 3 2 
1669927340 2 2 3 3 
1669927342 0 0 3 2 
1669927344 2 2 2 3 
1669927346 0 1 0 0 
1669927348 0 0 0 2 
1669927350 1 7 0 2 
1669927352 1 3 3 2 
1669927354 3 2 0 2 
1669927356 1 1 0 2 
1669927358 4 1 0 0 
1669927360 1 0 1 0 
1669927362 0 1 2 1 
1669927364 3 2 0 2 
1669927366 0 0 1 0 
1669927368 0 3 0 0 
1669927370 3 8 0 1 
1669927372 0 2 1 0 
1669927374 1 5 3 0 
1669927376 0 0 3 2 
1669927378 0 0 1 0 
1669927380 3 2 1 0 
1669927382 0 3 1 0 
1669927384 3 2 3 1 
1669927386 1 1 1 2 
1669927388 0 4 0 1 
1669927390 2 2 1 0 
1669927392 2 5 0 0 
1669927394 0 0 0 0 
1669927396 0 1 1 0 
1669927398 1 1 2 2 
1669927400 0 1 2 1 
1669927402 1 0 0 2 
1669927404 1 2 2 1 
1669927406 0 1 1 5 
1669927408 2 1 1 1 
1669927410 0 1 0 2 
1669927412 0 2 0 1 
1669927414 1 1 0 3 
1669927416 0 0 0 0 
1669927418 0 4 0 0 
1669927420 1 1 1 2 
1669927422 0 2 0 0 
1669927424 0 5 1 0 
1669927426 0 2 0 1 
1669927428 1 1 0 2 
1669927430 0 0 2 1 
1669927432 0 2 0 0 
1669927434 4 3 0 3 
1669927436 4 1 2 2 
1669927438 0 1 4 0 
1669927440 0 3 1 3 
1669927442 2 2 0 3 
1669927444 3 5 0 2 
1669927446 2 3 1 1 
1669927448 0 3 0 0 
1669927450 2 4 0 0 
1669927452 0 2 0 1 
1669927454 0 1 0 0 
1669927456 0 1 3 0 
1669927458 0 0 0 2 
1669927460 1 1 2 0 
1669927462 0 3 0 2 
1669927464 1 1 0 1 
1669927466 0 0 1 0 
1669927468 0 1 0 1 
1669927470 0 0 1 1 
1669927472 2 1 2 0 
1669927474 1 3 0 0 
1669927476 1 3 0 1 
1669927478 0 1 0 0 
1669927480 0 0 0 2 
1669927482 1 2 1 2 
1669927484 2 1 0 0 
1669927486 0 3 0 0 
1669927488 1 3 1 2 
1669927490 3 2 0 1 
1669927492 0 0 2 2 
1669927494 2 2 1 2 
1669927496 1 0 0 1 
1669927498 3 3 5 2 
1669927500 3 0 1 1 
1669927502 0 2 1 2 
1669927504 2 2 1 2 
1669927506 2 3 0 0 
1669927508 1 0 0 0 
1669927510 0 2 0 3 
1669927512 3 0 2 3 
1669927514 0 0 1 0 
1669927516 2 3 2 3 
1669927518 0 2 1 0 
1669927520 3 3 2 1 
1669927522 1 2 1 0 
1669927524 0 1 0 1 
1669927526 1 3 4 2 
1669927528 3 4 0 2 
1669927530 1 4 0 2 
1669927532 1 2 1 0 
1669927534 1 0 0 0 
1669927536 1 0 2 1 
1669927538 0 1 0 2 
1669927540 2 4 3 0 
1669927542 0 0 1 3 
1669927544 0 1 0 1 
1669927546 2 0 0 3 
1669927548 0 0 0 0 
1669927550 1 1 0 3 
1669927552 1 0 0 0 
1669927554 0 2 0 0 
1669927556 1 3 0 0 
1669927558 1 3 0 0 
1669927560 0 1 2 0 
1669927562 3 2 2 2 
1669927564 0 0 0 0 
1669927566 0 0 0 0 
1669927568 0 0 0 1 
1669927570 1 4 2 4 
1669927572 0 1 1 2 
1669927574 3 2 2 0 
1669927576 1 1 0 1 
1669927578 3 2 1 0 
1669927580 0 2 0 2 
1669927582 3 2 1 2 
1669927584 5 0 0 0 
1669927586 1 0 0 3 
1669927588 2 3 4 0 
1669927590 1 1 0 0 
1669927592 0 4 1 1 
1669927594 0 0 2 1 
1669927596 0 1 0 2 
1669927598 2 3 1 0 
1669927600 0 0 1 0 
1669927602 0 3 0 1 
1669927604 1 2 1 1 
1669927606 0 3 0 2 
1669927608 0 0 0 0 
1669927610 2 0 0 5 
1669927612 2 3 4 2 
1669927614 1 4 4 4 
1669927616 1 2 0 0 
1669927618 0 1 3 0 
1669927620 0 0 0 1 
1669927622 1 4 0 4 
1669927624 0 2 2 1 
1669927626 3 4 3 4 
1669927628 1 2 2 2 
1669927630 1 4 2 1 
1669927632 0 2 0 2 
1669927634 3 3 2 0 
1669927636 1 1 1 0 
1669927638 0 0 0 1 
1669927640 0 0 2 0 
1669927642 3 2 1 4 
1669927644 0 1 2 1 
1669927646 3 6 2 3 
1669927648 0 0 0 0 
1669927650 1 0 1 0 
1669927652 2 0 1 2 
1669927654 0 0 1 2 
1669927656 4 5 6 5 
1669927658 5 3 2 2 
1669927660 0 5 3 5 
1669927662 0 0 0 3 
1669927664 0 2 0 1 
1669927666 3 0 0 1 
1669927668 1 0 0 2 
1669927670 1 2 0 0 
1669927672 0 0 2 4 
1669927674 1 3 3 1 
1669927676 4 6 2 0 
1669927678 2 1 1 3 
1669927680 0 2 0 0 
1669927682 2 0 1 4 
1669927684 0 2 4 1 
1669927686 0 3 1 5 
1669927688 4 5 0 3 
1669927690 3 3 3 2 
1669927692 0 2 2 4 
1669927694 1 2 0 0 
1669927696 2 2 3 0 
1669927698 1 1 0 1 
1669927700 0 5 0 1 
1669927702 2 0 0 3 
1669927704 2 1 2 2 
1669927706 2 3 3 5 
1669927708 3 2 1 2 
1669927710 3 4 3 2 
1669927712 0 0 0 0 
1669927714 0 1 2 0 
1669927716 2 3 4 2 
1669927718 0 2 3 1 
1669927720 2 7 2 3 
1669927722 2 5 1 4 
1669927724 4 6 2 6 
1669927726 2 4 2 2 
1669927728 0 2 1 2 
1669927730 0 0 1 2 
1669927732 0 1 0 4 
1669927734 1 1 0 2 
1669927736 3 1 1 5 
1669927738 2 4 0 3 
1669927740 3 3 2 0 
1669927742 2 2 3 6 
1669927744 1 0 2 1 
1669927746 0 0 3 4 
1669927748 0 3 1 1 
1669927750 0 1 0 1 
1669927752 4 5 1 2 
1669927754 3 1 0 1 
1669927756 2 1 3 4 
1669927758 0 4 1 2 
1669927760 1 5 0 1 
1669927762 0 2 1 1 
1669927764 1 0 1 1 
1669927766 1 1 1 3 
1669927768 1 6 2 2 
1669927770 3 3 1 4 
1669927772 4 2 0 5 
1669927774 2 1 3 3 
1669927776 0 0 0 1 
1669927778 0 2 1 0 
1669927780 1 2 1 1 
1669927782 0 1 1 1 
1669927784 0 2 2 4 
1669927786 2 6 3 3 
1669927788 2 0 3 3 
1669927790 3 3 0 1 
1669927792 0 4 3 5 
1669927794 1 2 2 1 
1669927796 0 1 1 2 
1669927798 2 1 3 0 
1669927800 2 2 5 4 
1669927802 0 2 0 3 
1669927804 3 1 2 4 
1669927806 2 3 4 6 
1669927808 3 1 2 0 
1669927810 1 2 1 1 
1669927812 2 1 2 2 
1669927814 2 0 0 1 
1669927816 4 2 1 5 
1669927818 1 3 0 2 
1669927820 0 1 2 2 
1669927822 4 1 4 2 
1669927824 1 0 0 1 
1669927826 1 4 1 1 
1669927828 1 1 0 0 
1669927830 1 1 0 4 
1669927832 1 2 3 3 
1669927834 2 2 2 1 
1669927836 3 2 0 3 
1669927838 0 1 2 2 
1669927840 2 3 0 0 
1669927842 1 4 1 0 
1669927844 2 2 2 1 
1669927846 1 0 1 3 
1669927848 1 3 2 1 
1669927850 4 4 4 3 
1669927852 2 1 4 4 
1669927854 2 2 1 0 
1669927856 0 0 0 1 
1669927858 2 5 0 4 
1669927860 1 0 1 1 
1669927862 3 1 1 1 
1669927864 2 1 1 1 
1669927866 2 3 1 0 
1669927868 3 2 2 4 
1669927870 2 2 1 4 
1669927872 1 3 0 2 
1669927874 0 3 0 3 
1669927876 1 1 1 2 
1669927878 0 3 0 1 
1669927880 3 0 3 5 
1669927882 1 5 0 5 
1669927884 3 1 1 4 
1669927886 2 0 2 3 
1669927888 1 2 0 1 
1669927890 4 2 0 1 
1669927892 0 2 1 1 
1669927894 1 0 0 0 
1669927896 0 0 0 3 
1669927898 1 3 2 1 
1669927900 1 0 0 0 
1669927902 2 2 0 1 
1669927904 1 2 3 0 
1669927906 2 0 0 4 
1669927908 4 6 4 4 
1669927910 4 2 0 0 
1669927912 1 0 3 3 
1669927914 0 2 0 0 
1669927916 0 0 1 0 
1669927918 0 0 2 0 
1669927920 2 3 1 3 
1669927922 1 3 2 0 
1669927924 2 7 1 0 
1669927926 3 0 0 2 
1669927928 0 2 0 0 
1669927930 0 1 0 1 
1669927932 2 0 0 1 
1669927934 2 0 2 0 
1669927936 0 0 0 3 
1669927938 2 2 2 0 
1669927940 2 1 2 2 
1669927942 0 5 2 2 
1669927944 0 4 0 3 
1669927946 0 0 0 0 
1669927948 2 3 0 0 
1669927950 2 3 0 2 
1669927952 1 2 0 2 
1669927954 2 4 1 1 
1669927956 1 1 0 1 
1669927958 1 3 0 1 
1669927960 0 1 0 1 
1669927962 2 2 0 0 
1669927964 0 0 0 2 
1669927966 2 2 1 0 
1669927968 3 1 0 2 
1669927970 0 0 0 2 
1669927972 2 2 0 2 
1669927974 1 1 2 1 
1669927976 2 2 1 3 
1669927978 0 4 4 1 
1669927980 1 3 0 1 
1669927982 0 0 0 3 
1669927984 2 0 1 0 
1669927986 1 5 0 2 
1669927988 0 2 0 0 
1669927990 0 0 0 1 
1669927992 0 0 1 2 
1669927994 2 2 0 0 
1669927996 1 0 0 0 
1669927998 2 2 0 1 
1669928000 1 1 0 1 
1669928002 0 1 0 0 
1669928004 0 0 0 1 
1669928006 2 3 0 2 
1669928008 1 1 2 2 
1669928010 2 1 0 0 
1669928012 0 0 2 0 
1669928014 0 0 0 2 
1669928016 2 0 0 1 
1669928018 1 3 1 1 
1669928020 1 1 0 0 
1669928022 0 1 1 0 
1669928024 0 0 0 0 
1669928026 0 1 1 3 
1669928028 2 3 0 4 
1669928030 0 2 0 1 
1669928032 0 1 0 0 
1669928034 1 0 0 0 
1669928036 0 2 1 3 
1669928038 2 0 0 1 
1669928040 1 2 0 0 
1669928042 1 0 1 1 
1669928044 0 2 0 1 
1669928046 1 1 3 0 
1669928048 0 0 3 1 
1669928050 0 2 2 1 
1669928052 2 1 0 1 
1669928054 0 0 0 3 
1669928056 0 1 2 0 
1669928058 0 0 0 1 
1669928060 0 0 1 0 
1669928062 0 2 1 3 
1669928064 0 3 1 2 
1669928066 0 2 1 0 
1669928068 0 2 0 3 
1669928070 3 2 1 2 
1669928072 0 0 0 0 
1669928074 1 2 0 1 
1669928076 1 2 0 1 
1669928078 0 0 0 0 
1669928080 0 1 0 0 
1669928082 0 1 0 3 
1669928084 0 1 0 0 
1669928086 1 2 0 0 
1669928088 4 1 0 1 
1669928090 0 3 0 0 
1669928092 0 3 2 2 
1669928094 1 1 1 1 
1669928096 2 1 1 3 
1669928098 2 1 0 0 
1669928100 1 2 2 1 
1669928102 1 3 0 3 
1669928104 1 2 0 1 
1669928106 0 3 0 1 
1669928108 3 3 2 5 
1669928110 3 0 0 2 
1669928112 1 1 0 0 
1669928114 0 1 2 3 
1669928116 1 8 0 2 
1669928118 1 2 2 0 
1669928120 1 2 0 3 
1669928122 1 3 0 0 
1669928124 0 2 0 1 
1669928126 1 0 3 1 
1669928128 0 1 1 0 
1669928130 1 2 0 0 
1669928132 0 4 0 1 
1669928134 3 4 1 3 
1669928136 0 1 1 4 
1669928138 2 2 1 4 
1669928140 2 1 0 0 
1669928142 0 2 0 0 
1669928144 0 0 1 1 
1669928146 3 1 2 0 
1669928148 1 2 0 1 
1669928150 2 0 1 1 
1669928152 0 2 1 3 
1669928154 0 3 0 0 
1669928156 0 0 1 1 
1669928158 0 1 0 1 
1669928160 0 0 0 3 
1669928162 0 3 2 0 
1669928164 3 0 0 0 
1669928166 0 0 2 1 
1669928168 0 1 2 2 
1669928170 3 1 1 2 
1669928172 2 2 0 0 
1669928174 1 0 0 0 
1669928176 0 2 1 1 
1669928178 4 2 0 0 
1669928180 2 1 0 2 
1669928182 0 1 0 3 
1669928184 3 3 0 1 
1669928186 0 2 1 3 
1669928188 1 1 1 0 
1669928190 1 4 2 2 
1669928192 3 1 1 2 
1669928194 0 0 0 0 
1669928196 0 3 0 0 
1669928198 0 1 3 0 
1669928200 1 1 0 3 
1669928202 3 2 1 2 
1669928204 2 3 2 4 
1669928206 1 2 1 1 
1669928208 1 2 0 2 
1669928210 0 3 0 0 
1669928212 3 3 1 2 
1669928214 1 1 1 1 
1669928216 0 0 0 1 
1669928218 0 0 0 0 
1669928220 2 2 0 4 
1669928222 0 0 0 0 
1669928224 0 0 0 1 
1669928226 3 1 2 2 
1669928228 0 1 1 1 
1669928230 0 0 2 2 
1669928232 1 0 1 2 
1669928234 0 3 1 1 
1669928236 0 0 0 0 
1669928238 0 0 0 0 
1669928240 3 1 2 2 
1669928242 0 1 0 0 
1669928244 0 0 0 3 
1669928246 0 3 0 0 
1669928248 0 1 1 2 
1669928250 0 2 0 2 
1669928252 1 0 1 1 
1669928254 0 1 2 2 
1669928256 2 2 3 2 
1669928258 0 1 0 0 
1669928260 1 2 0 2 
1669928262 0 4 1 2 
1669928264 1 0 0 0 
1669928266 0 2 4 1 
1669928268 1 1 0 1 
1669928270 1 3 0 0 
1669928272 3 2 0 1 
1669928274 0 2 0 2 
1669928276 1 1 0 1 
1669928278 2 4 0 1 
1669928280 0 2 0 1 
1669928282 2 2 2 0 
1669928284 3 0 0 1 
1669928286 1 4 0 2 
1669928288 2 1 3 0 
1669928290 1 0 0 2 
1669928292 0 5 2 0 
1669928294 3 0 0 0 
1669928296 1 0 2 1 
1669928298 1 0 0 2 
1669928300 0 0 1 1 
1669928302 0 1 1 1 
1669928304 0 2 1 2 
1669928306 4 2 2 3 
1669928308 1 2 3 3 
1669928310 1 3 1 1 
1669928312 0 0 4 1 
1669928314 1 5 1 2 
1669928316 0 1 0 2 
1669928318 0 0 0 3 
1669928320 0 1 1 0 
1669928322 0 0 0 0 
1669928324 1 0 3 1 
1669928326 1 1 3 0 
1669928328 1 4 1 3 
1669928330 2 4 1 0 
1669928332 0 0 1 0 
1669928334 1 0 0 0 
1669928336 0 2 2 3 
1669928338 2 0 0 0 
1669928340 3 0 0 3 
1669928342 0 2 0 1 
1669928344 3 2 1 3 
1669928346 3 0 1 0 
1669928348 1 3 0 3 
1669928350 1 5 2 3 
1669928352 2 4 2 2 
1669928354 1 1 0 0 
1669928356 0 2 0 1 
1669928358 0 1 0 0 
1669928360 1 2 0 0 
1669928362 0 2 0 0 
1669928364 1 3 3 1 
1669928366 4 2 2 1 
1669928368 1 0 5 1 
1669928370 3 2 2 0 
1669928372 1 4 1 2 
1669928374 0 1 2 2 
1669928376 1 3 0 2 
1669928378 1 5 2 0 
1669928380 0 0 0 0 
1669928382 1 2 0 0 
1669928384 0 1 1 1 
1669928386 3 1 2 2 
1669928388 1 2 3 0 
1669928390 1 2 4 0 
1669928392 0 3 1 0 
1669928394 0 2 1 0 
1669928396 1 2 2 2 
1669928398 1 0 1 3 
