1669928402 1 0 3 0 
1669928405 1 0 0 2 
1669928407 2 0 0 1 
1669928409 1 1 3 2 
1669928411 0 1 0 3 
1669928413 0 0 2 1 
1669928415 1 1 0 0 
1669928417 0 1 0 1 
1669928419 1 3 1 1 
1669928421 0 1 2 2 
1669928423 2 3 0 3 
1669928425 0 1 0 1 
1669928427 3 1 2 2 
1669928429 3 3 1 1 
1669928431 2 2 0 0 
1669928433 0 0 0 0 
1669928435 0 0 1 0 
1669928437 0 1 0 0 
1669928439 3 1 1 0 
1669928441 0 0 3 4 
1669928443 0 1 0 0 
1669928445 0 3 1 0 
1669928447 1 1 1 1 
1669928449 2 0 2 0 
1669928451 2 4 0 2 
1669928453 3 0 0 0 
1669928455 0 1 0 3 
1669928457 0 3 0 0 
1669928459 0 0 5 4 
1669928461 2 1 0 0 
1669928463 0 3 1 1 
1669928465 0 1 0 0 
1669928467 0 0 0 1 
1669928469 1 1 1 0 
1669928471 0 1 1 1 
1669928473 1 3 1 0 
1669928475 0 1 0 1 
1669928477 3 2 0 1 
1669928479 0 5 1 0 
1669928481 0 1 0 0 
1669928483 0 1 1 1 
1669928485 0 2 0 0 
1669928487 0 2 1 0 
1669928489 0 0 1 2 
1669928491 5 2 0 2 
1669928493 3 4 2 0 
1669928495 0 0 0 0 
1669928497 0 0 1 0 
1669928499 1 1 1 0 
1669928501 0 1 0 0 
1669928503 0 2 2 2 
1669928505 3 2 0 0 
1669928507 1 0 4 2 
1669928509 1 0 0 0 
1669928511 2 1 2 2 
1669928513 1 2 4 1 
1669928515 0 2 1 1 
1669928517 0 0 0 2 
1669928519 1 1 1 1 
1669928521 2 1 0 1 
1669928523 3 0 3 1 
1669928525 0 1 0 1 
1669928527 0 0 4 2 
1669928529 2 2 1 3 
1669928531 0 1 3 4 
1669928533 2 3 2 2 
1669928535 0 0 0 0 
1669928537 3 2 2 1 
1669928539 1 2 0 1 
1669928541 0 2 2 4 
1669928543 1 1 2 0 
1669928545 4 0 0 4 
1669928547 2 0 0 3 
1669928549 1 1 0 1 
1669928551 0 3 2 0 
1669928553 0 3 0 1 
1669928555 0 0 1 0 
1669928557 0 0 3 2 
1669928559 1 4 0 3 
1669928561 0 1 0 1 
1669928563 3 1 4 0 
1669928565 1 3 0 0 
1669928567 1 4 2 2 
1669928569 3 3 1 1 
1669928571 0 0 2 0 
1669928573 2 2 0 0 
1669928575 0 1 1 1 
1669928577 2 1 1 0 
1669928579 0 1 4 4 
1669928581 3 3 0 0 
1669928583 0 2 0 0 
1669928585 3 2 0 1 
1669928587 2 2 3 3 
1669928589 3 2 2 2 
1669928591 3 0 0 0 
1669928593 1 0 1 0 
1669928595 1 2 2 0 
1669928597 0 0 0 1 
1669928599 2 3 1 1 
1669928601 0 2 0 3 
1669928603 0 3 0 1 
1669928605 2 2 2 2 
1669928607 1 1 3 0 
1669928609 0 2 0 0 
1669928611 0 1 2 1 
1669928613 0 1 0 1 
1669928615 0 2 1 0 
1669928617 3 10 4 2 
1669928619 3 3 0 0 
1669928621 0 3 1 1 
1669928623 0 3 0 0 
1669928625 0 0 1 0 
1669928627 3 1 0 2 
1669928629 0 4 1 0 
1669928631 1 0 0 2 
1669928633 1 2 1 1 
1669928635 0 0 1 3 
1669928637 0 2 2 2 
1669928639 3 1 2 2 
1669928641 0 1 0 2 
1669928643 1 3 1 2 
1669928645 3 2 0 2 
1669928647 3 1 0 2 
1669928649 3 1 1 0 
1669928651 3 1 2 0 
1669928653 4 3 1 0 
1669928655 1 1 1 3 
1669928657 1 2 3 0 
1669928659 1 4 1 3 
1669928661 2 1 4 0 
1669928663 1 0 1 1 
1669928665 2 2 0 1 
1669928667 4 2 0 0 
1669928669 0 0 0 1 
1669928671 3 1 3 3 
1669928673 1 5 2 3 
1669928675 2 3 2 1 
1669928677 0 1 0 2 
1669928679 2 0 0 1 
1669928681 2 3 1 2 
1669928683 1 3 0 0 
1669928685 4 3 0 1 
1669928687 3 1 0 1 
1669928689 3 3 0 1 
1669928691 0 1 2 0 
1669928693 0 3 0 0 
1669928695 0 3 1 2 
1669928697 0 2 1 2 
1669928699 1 3 0 1 
1669928701 0 1 0 1 
1669928703 2 2 4 1 
1669928705 0 2 3 0 
1669928707 1 2 2 5 
1669928709 3 5 3 3 
1669928711 0 3 0 0 
1669928713 3 0 0 2 
1669928715 3 1 2 0 
1669928717 1 2 0 1 
1669928719 4 1 0 0 
1669928721 0 2 0 2 
1669928723 2 1 3 0 
1669928725 3 4 3 2 
1669928727 2 2 2 2 
1669928729 1 3 0 3 
1669928731 1 0 2 0 
1669928733 0 0 2 1 
1669928735 3 3 1 3 
1669928737 1 0 0 1 
1669928739 2 3 3 0 
1669928741 0 0 0 0 
1669928743 2 3 1 2 
1669928745 2 0 2 0 
1669928747 0 0 1 0 
1669928749 0 1 0 0 
1669928751 1 3 2 2 
1669928753 0 0 0 0 
1669928755 0 2 2 2 
1669928757 1 2 3 2 
1669928759 2 0 0 0 
1669928761 3 0 1 2 
1669928763 1 3 1 1 
1669928765 2 1 1 1 
1669928767 0 1 4 0 
1669928769 0 0 0 1 
1669928771 2 1 1 2 
1669928773 3 2 1 0 
1669928775 0 3 2 2 
1669928777 2 1 4 0 
1669928779 0 1 0 0 
1669928781 0 1 2 2 
1669928783 1 0 0 0 
1669928785 2 2 2 0 
1669928787 2 0 4 0 
1669928789 0 3 1 0 
1669928791 0 0 0 0 
1669928793 0 5 0 0 
1669928795 1 1 2 1 
1669928797 0 4 2 2 
1669928799 1 1 2 1 
1669928801 0 2 2 0 
1669928803 2 4 0 2 
1669928805 2 1 2 2 
1669928807 4 2 0 0 
1669928809 1 2 5 1 
1669928811 2 3 3 1 
1669928813 1 3 4 2 
1669928815 1 1 0 0 
1669928817 0 0 3 1 
1669928819 2 4 1 1 
1669928821 0 5 1 1 
1669928823 2 2 0 1 
1669928825 2 0 0 0 
1669928827 0 0 0 1 
1669928829 0 0 3 1 
1669928831 0 0 1 4 
1669928833 0 1 0 1 
1669928835 3 0 2 1 
1669928837 3 2 3 2 
1669928839 2 1 0 3 
1669928841 1 3 0 0 
1669928843 0 0 0 2 
1669928845 2 1 0 0 
1669928847 0 2 1 3 
1669928849 2 0 1 4 
1669928851 0 1 2 0 
1669928853 0 1 2 0 
1669928855 0 0 2 2 
1669928857 2 0 2 2 
1669928859 0 4 1 0 
1669928861 2 0 0 3 
1669928863 0 1 1 0 
1669928865 2 0 0 0 
1669928867 0 1 2 3 
1669928869 2 3 0 0 
1669928871 0 0 4 2 
1669928873 0 2 0 0 
1669928875 2 1 1 1 
1669928877 2 4 2 0 
1669928879 0 2 1 0 
1669928881 4 3 0 0 
1669928883 1 2 2 1 
1669928885 2 0 3 3 
1669928887 0 1 0 3 
1669928889 3 3 0 0 
1669928891 2 1 2 1 
1669928893 0 1 0 3 
1669928895 1 1 1 3 
1669928897 1 2 2 1 
1669928899 2 0 1 1 
1669928901 4 2 2 1 
1669928903 0 3 1 1 
1669928905 3 0 1 2 
1669928907 2 2 1 5 
1669928909 1 6 0 4 
1669928911 1 2 3 0 
1669928913 1 0 1 2 
1669928915 1 1 3 3 
1669928917 2 5 4 0 
1669928919 2 4 0 0 
1669928921 1 2 2 1 
1669928923 2 0 3 0 
1669928925 0 3 3 1 
1669928927 0 5 0 0 
1669928929 1 0 0 3 
1669928931 0 1 2 4 
1669928933 2 0 0 0 
1669928935 2 0 0 0 
1669928937 3 3 0 0 
1669928939 1 1 1 1 
1669928941 2 1 0 0 
1669928943 1 1 5 0 
1669928945 1 1 0 0 
1669928947 1 1 1 0 
1669928949 1 3 1 2 
1669928951 3 0 0 2 
1669928953 2 3 1 1 
1669928955 2 3 0 3 
1669928957 0 2 3 2 
1669928959 4 2 0 2 
1669928961 1 0 2 0 
1669928963 2 0 1 3 
1669928965 3 2 0 1 
1669928967 0 1 1 3 
1669928969 2 4 3 0 
1669928971 0 2 0 1 
1669928973 3 3 2 1 
1669928975 0 2 2 0 
1669928977 1 0 0 2 
1669928979 0 4 0 2 
1669928981 0 2 2 0 
1669928983 0 1 1 2 
1669928985 1 0 0 1 
1669928987 0 1 2 0 
1669928989 0 0 0 3 
1669928991 0 0 0 3 
1669928993 2 0 0 0 
1669928995 1 2 0 1 
1669928997 0 1 2 3 
1669928999 2 1 4 0 
1669929001 0 4 2 1 
1669929003 3 3 0 0 
1669929005 2 2 0 2 
1669929007 1 2 0 1 
1669929009 0 3 1 4 
1669929011 2 3 3 0 
1669929013 0 0 0 3 
1669929015 2 1 0 0 
1669929017 0 1 4 0 
1669929019 0 3 2 3 
1669929021 0 2 2 0 
1669929023 1 2 2 3 
1669929025 0 1 0 3 
1669929027 3 1 0 0 
1669929029 2 0 2 2 
1669929031 2 0 1 2 
1669929033 2 0 0 0 
1669929035 0 0 1 1 
1669929037 0 1 1 4 
1669929039 1 3 1 0 
1669929041 1 2 1 1 
1669929043 0 2 0 1 
1669929045 1 2 1 3 
1669929047 1 0 1 1 
1669929049 2 1 1 1 
1669929051 2 0 3 2 
1669929053 2 1 0 3 
1669929055 1 2 0 3 
1669929057 1 1 2 2 
1669929059 0 3 1 0 
1669929061 0 0 1 0 
1669929063 0 3 2 1 
1669929065 1 3 0 0 
1669929067 1 1 0 0 
1669929069 0 1 0 0 
1669929071 2 1 0 1 
1669929073 1 0 0 1 
1669929075 1 0 1 0 
1669929077 2 1 0 4 
1669929079 2 3 1 0 
1669929081 5 2 1 0 
1669929083 1 1 0 1 
1669929085 1 0 0 1 
1669929087 1 2 0 1 
1669929089 0 2 1 3 
1669929091 2 3 2 0 
1669929093 0 0 0 3 
1669929095 0 3 0 0 
1669929097 2 2 0 1 
1669929099 0 0 1 0 
1669929101 0 0 3 0 
1669929103 1 0 0 1 
1669929105 1 4 1 4 
1669929107 3 3 2 0 
1669929109 5 2 0 1 
1669929111 2 4 0 0 
1669929113 1 2 3 0 
1669929115 0 0 4 1 
1669929117 0 2 0 2 
1669929119 1 0 0 3 
1669929121 508 1743 1227 602 
1669929123 3619 3530 3516 3438 
1669929125 418 484 442 356 
1669929127 582 631 407 687 
1669929129 438 3738 497 566 
1669929131 3599 3422 3479 3419 
1669929133 270 279 237 336 
1669929135 387 468 404 311 
1669929137 989 3080 1616 1510 
1669929139 454 380 446 570 
1669929141 3835 3715 3543 3822 
1669929143 3541 2364 3247 2698 
1669929145 3027 3256 398 442 
1669929147 1091 1258 939 1031 
1669929149 3421 3479 2641 3205 
1669929151 3578 3529 3497 3405 
1669929153 1459 765 1427 1650 
1669929155 833 3580 689 812 
1669929157 3025 2316 1729 2250 
1669929159 474 663 460 470 
1669929161 1834 1411 973 1210 
1669929163 422 727 427 538 
1669929165 3336 3536 3141 3005 
1669929167 2588 1142 2499 2487 
1669929169 1749 2926 1320 1964 
1669929171 2529 3473 1259 1832 
1669929173 2383 2882 1208 2110 
1669929175 2726 2573 1227 1994 
1669929177 2440 2690 1293 1923 
1669929179 3298 3548 2094 2599 
1669929181 3036 489 1914 1711 
1669929183 624 662 626 1810 
1669929185 864 2428 628 708 
1669929187 3628 3503 3169 2587 
1669929189 1048 971 760 1083 
1669929191 3048 2758 2100 2155 
1669929193 1155 1978 1004 1040 
1669929195 3185 1724 3226 3265 
1669929197 3572 2535 3475 3449 
1669929199 3281 3051 3188 2960 
1669929201 2125 2896 2470 2662 
1669929203 2191 2114 1181 1226 
1669929205 1695 2373 862 988 
1669929207 1318 2732 616 943 
1669929209 1206 1198 1351 1928 
1669929211 1739 1727 822 1190 
1669929213 3436 3463 1841 2442 
1669929215 3574 3528 3482 3444 
1669929217 908 1063 857 913 
1669929219 416 34 367 492 
1669929221 623 614 803 1254 
1669929223 433 287 600 533 
1669929225 3388 3240 3302 3213 
1669929227 833 1007 720 1029 
1669929229 767 495 698 1362 
1669929231 643 521 739 1007 
1669929233 954 1918 828 1244 
1669929235 3419 3468 2998 3284 
1669929237 1954 1779 1004 1592 
1669929239 1861 3368 986 1545 
1669929241 759 1482 653 1063 
1669929243 1809 3063 1104 1773 
1669929245 714 343 729 1356 
1669929247 2155 2671 1478 2097 
1669929249 2297 3134 1134 1750 
1669929251 1958 2356 1226 1774 
1669929253 1460 2698 1023 1454 
1669929255 1628 2690 976 1316 
1669929257 1240 1248 726 1316 
1669929259 1247 1789 873 1420 
1669929261 705 1496 732 911 
1669929263 598 630 587 877 
1669929265 1713 3311 944 1384 
1669929267 1544 1859 863 1485 
1669929269 1146 1150 746 1116 
1669929271 1407 3512 975 1441 
1669929273 2288 1143 1380 2151 
1669929275 3530 3517 3420 3383 
1669929277 1776 2153 2446 1999 
1669929279 2217 2682 1711 1590 
1669929281 2103 2958 1149 1123 
1669929283 1607 1594 800 1150 
1669929285 1558 588 733 1391 
1669929287 1568 1258 826 1328 
1669929289 1509 1553 783 1299 
1669929291 1727 413 824 1628 
1669929293 1529 1550 752 1289 
1669929295 1375 1349 735 1234 
1669929297 1391 853 748 1213 
1669929299 1418 1414 742 1231 
1669929301 1372 1285 754 1232 
1669929303 1412 1714 796 1231 
1669929305 1429 1708 704 1231 
1669929307 1378 1778 671 1158 
1669929309 1375 1617 747 1205 
1669929311 1371 1373 783 1231 
1669929313 1360 1765 772 1187 
1669929315 1360 1804 768 1217 
1669929317 1298 1520 764 1098 
1669929319 1228 1572 784 1115 
1669929321 1312 1424 754 1192 
1669929323 1326 1516 607 1217 
1669929325 1325 1767 738 1140 
1669929327 1354 1470 747 1197 
1669929329 1345 1587 676 1247 
1669929331 1340 1598 663 1224 
1669929333 1254 1509 778 1271 
1669929335 1333 1662 752 1239 
1669929337 1339 1393 743 1233 
1669929339 1367 1739 786 1253 
1669929341 1335 1706 765 1189 
1669929343 1345 1806 765 1195 
1669929345 1332 1474 658 1173 
1669929347 1364 1150 769 1199 
1669929349 1386 1417 779 1185 
1669929351 1396 2221 738 966 
1669929353 1272 1317 702 1287 
1669929355 1346 1841 794 1242 
1669929357 1358 1514 782 1259 
1669929359 1310 1776 775 1185 
1669929361 1351 1435 758 1169 
1669929363 1367 1412 793 1204 
1669929365 1387 1489 747 1250 
1669929367 1254 1443 762 1272 
1669929369 1326 1358 599 1234 
1669929371 1337 1572 742 1243 
1669929373 1354 1494 770 1252 
1669929375 1296 1733 775 1227 
1669929377 1264 1492 750 1202 
1669929379 1340 1337 760 1188 
1669929381 1387 1655 770 1242 
1669929383 1351 1472 752 1241 
1669929385 1337 1736 807 1217 
1669929387 1380 1382 761 1271 
1669929389 1335 1813 755 1173 
1669929391 1376 1704 785 1235 
1669929393 1342 1423 752 1288 
1669929395 1396 1001 731 1372 
1669929397 1326 1483 783 1255 
1669929399 1351 2109 810 1039 
1669929401 1308 1725 766 1197 
1669929403 1341 1746 788 1094 
1669929405 1362 1676 790 1126 
1669929407 1258 1473 776 1142 
1669929409 1283 1382 666 1260 
1669929411 1347 1432 757 1276 
1669929413 1345 1660 673 1252 
1669929415 1354 1565 770 1245 
1669929417 1372 1416 677 1236 
1669929419 1370 1583 771 1226 
1669929421 1259 1542 777 1253 
1669929423 1326 1477 769 1279 
1669929425 1348 1506 798 1243 
1669929427 1348 1530 760 1232 
1669929429 1350 1365 727 1274 
1669929431 1397 1492 783 1252 
1669929433 1252 1805 746 1189 
1669929435 1314 1509 776 1150 
1669929437 1368 1564 773 1243 
1669929439 1362 1577 774 1276 
1669929441 1335 1600 688 1260 
1669929443 1259 1591 752 1251 
1669929445 1313 1098 739 1317 
1669929447 1399 997 753 1352 
1669929449 2133 3480 722 1490 
1669929451 1206 2689 745 904 
1669929453 1161 2146 738 1040 
1669929455 1265 1886 747 1059 
1669929457 1355 1159 757 1332 
1669929459 1348 1826 793 1111 
1669929461 1299 1859 780 1120 
1669929463 1214 1831 731 1193 
1669929465 1294 1967 729 1178 
1669929467 1182 1077 756 1326 
1669929469 1307 1225 774 1329 
1669929471 1377 1586 757 1247 
1669929473 1376 1505 781 1277 
1669929475 1364 1611 759 1146 
1669929477 1358 1520 684 1233 
1669929479 1329 1618 687 1238 
1669929481 1326 1646 742 1175 
1669929483 1344 1529 746 1209 
1669929485 1348 1488 688 1209 
1669929487 1345 1603 755 1250 
1669929489 1349 1601 738 1156 
1669929491 1369 1577 775 1234 
1669929493 1287 1588 773 1252 
1669929495 1323 1599 773 1217 
1669929497 1348 1431 738 1242 
1669929499 1387 1554 734 1175 
1669929501 1331 1509 757 1249 
1669929503 1353 1240 665 1239 
1669929505 1367 1484 677 1141 
1669929507 1357 1760 782 1153 
1669929509 1354 1598 792 1150 
1669929511 1367 1510 689 1226 
1669929513 1339 1586 760 1242 
1669929515 1346 1655 776 1148 
1669929517 1336 1384 779 1253 
1669929519 1369 1310 601 1262 
1669929521 1387 1518 751 1226 
1669929523 1395 1599 759 1225 
1669929525 1356 1548 743 1245 
1669929527 1348 1492 787 1225 
1669929529 1370 1583 772 1264 
1669929531 1353 1607 736 1238 
1669929533 1374 1619 774 1263 
1669929535 1373 1515 780 1265 
1669929537 1335 1495 775 1245 
1669929539 1346 1517 782 1245 
1669929541 1324 1627 735 1242 
1669929543 1370 1528 741 1257 
1669929545 1362 1627 677 1223 
1669929547 1381 1528 675 1236 
1669929549 1368 1519 739 1249 
1669929551 1347 1565 782 1275 
1669929553 1374 1527 759 1233 
1669929555 1377 1617 773 1228 
1669929557 1381 1610 795 1257 
1669929559 1340 1604 677 1234 
1669929561 1347 1452 739 1239 
1669929563 1377 1610 759 1210 
1669929565 1258 1429 773 1237 
1669929567 1319 1467 678 1231 
1669929569 1356 1665 679 1225 
1669929571 1367 1667 773 1225 
1669929573 1373 1597 771 1230 
1669929575 1276 1596 693 1256 
1669929577 1322 1585 762 1272 
1669929579 1283 1585 775 1261 
1669929581 1326 1647 756 1259 
1669929583 1338 1454 745 1234 
1669929585 1256 1773 772 1214 
1669929587 1317 1432 751 1242 
1669929589 1346 1420 790 1261 
1669929591 1369 1516 777 1257 
1669929593 1353 1620 692 1265 
1669929595 1328 1562 772 1201 
1669929597 1354 1630 755 1218 
1669929599 1377 1461 765 1146 
1669929601 1273 1597 782 1255 
1669929603 1323 1608 757 1247 
1669929605 1340 1398 761 1285 
1669929607 1344 1711 777 1175 
1669929609 1337 1292 770 1186 
1669929611 1297 1075 775 1213 
1669929613 1346 1008 749 1210 
1669929615 1437 2166 815 1168 
1669929617 1270 1139 683 1329 
1669929619 1493 623 786 1548 
1669929621 1339 1779 755 1182 
1669929623 1327 1731 771 1203 
1669929625 1316 1776 790 1229 
1669929627 1344 1766 784 1237 
1669929629 1356 1711 744 1229 
1669929631 1336 1580 676 1207 
1669929633 1255 1677 764 1217 
1669929635 1240 1686 741 1244 
1669929637 1239 1630 786 1234 
1669929639 1335 1561 769 1224 
1669929641 1353 1671 750 1258 
1669929643 1285 1635 727 1255 
1669929645 1351 1671 773 1267 
1669929647 1366 1580 774 1270 
1669929649 1364 1687 761 1223 
1669929651 1371 1562 593 1211 
1669929653 1340 1491 752 1266 
1669929655 1329 1629 757 1251 
1669929657 1348 1412 787 1288 
1669929659 1397 1486 768 1161 
1669929661 1333 1975 762 1054 
1669929663 1313 1682 752 1014 
1669929665 1351 1561 777 1162 
1669929667 1255 1538 668 1250 
1669929669 1326 1581 734 1258 
1669929671 1343 1597 749 1245 
1669929673 1361 1603 671 1142 
1669929675 1342 1548 665 1231 
1669929677 1335 1505 673 1263 
1669929679 1327 1466 752 1254 
1669929681 1382 1649 740 1158 
1669929683 1386 1531 756 1232 
1669929685 1396 1510 777 1228 
1669929687 1284 1596 784 1263 
1669929689 1370 1645 799 1261 
1669929691 1364 1638 742 1276 
1669929693 1395 1471 773 1244 
1669929695 1394 1608 767 1230 
1669929697 1353 1622 770 1256 
1669929699 1241 1221 746 1240 
1669929701 1354 1693 765 1141 
1669929703 1371 1640 674 1210 
1669929705 1397 1607 778 1177 
1669929707 1392 1569 747 1240 
1669929709 1401 1588 739 1210 
1669929711 1409 1572 753 1154 
1669929713 1408 1513 751 1232 
1669929715 1395 1412 758 1260 
1669929717 1388 1536 780 1231 
1669929719 1386 1582 782 1272 
1669929721 1380 1669 677 1253 
1669929723 1351 1650 779 1231 
1669929725 1336 1391 738 1171 
1669929727 1345 1340 680 1234 
1669929729 1382 1609 766 1156 
1669929731 1282 1511 771 1242 
1669929733 1347 1624 783 1274 
1669929735 1372 1552 768 1290 
1669929737 1375 1423 765 1274 
1669929739 1351 1490 592 1258 
1669929741 1363 1597 780 1266 
1669929743 1348 1637 773 1269 
1669929745 1373 1635 767 1259 
1669929747 1372 1593 727 1251 
1669929749 1345 1600 781 1244 
1669929751 1346 1497 754 1159 
1669929753 1271 1640 780 1141 
1669929755 1340 1692 750 1210 
1669929757 1375 1496 785 1212 
1669929759 1379 1606 755 1236 
1669929761 1372 1442 681 1241 
1669929763 1367 1553 735 1252 
1669929765 1411 1472 769 1235 
1669929767 1405 1856 790 1208 
1669929769 1398 1475 768 1189 
1669929771 1399 1320 772 1257 
1669929773 1400 1408 598 1276 
1669929775 1320 1480 758 1233 
1669929777 1328 1577 747 1219 
1669929779 1355 1489 737 1246 
1669929781 1348 1576 768 1258 
1669929783 1381 1603 765 1227 
1669929785 1371 1625 681 1206 
1669929787 1191 1523 725 1215 
1669929789 1294 1513 765 1235 
1669929791 1331 1585 763 1239 
1669929793 1357 1569 773 1258 
1669929795 1373 1549 778 1218 
1669929797 1362 1562 770 1257 
1669929799 1347 1511 768 1156 
1669929801 1292 1466 763 1221 
1669929803 1326 1472 597 1244 
1669929805 1338 1493 765 1272 
1669929807 1350 1582 659 1217 
1669929809 1374 1566 749 1249 
1669929811 1364 1567 774 1168 
1669929813 1313 1554 684 1141 
1669929815 1361 1480 656 1230 
1669929817 1387 1478 779 1279 
1669929819 1390 1575 773 1146 
1669929821 1399 1620 784 1118 
1669929823 1317 1623 771 1221 
1669929825 1346 1593 757 1232 
1669929827 1353 1591 780 1140 
1669929829 1294 1619 736 1127 
1669929831 1358 1605 771 1227 
1669929833 1361 1506 787 1223 
1669929835 1370 1518 767 1208 
1669929837 1299 1597 768 1225 
1669929839 1319 1504 775 1211 
1669929841 1358 1634 699 1247 
1669929843 1345 1622 762 1272 
1669929845 1285 1594 786 1264 
1669929847 1322 1481 770 1172 
1669929849 1368 1595 784 1236 
1669929851 1284 1612 789 1248 
1669929853 1354 1504 792 1133 
1669929855 1361 1607 773 1241 
1669929857 1350 1586 787 1267 
1669929859 1349 1476 737 1258 
1669929861 1353 1572 777 1241 
1669929863 1362 1517 679 1212 
1669929865 1397 1509 771 1256 
1669929867 1297 1538 688 1226 
1669929869 1350 1634 781 1226 
1669929871 1342 1597 740 1250 
1669929873 1348 1496 775 1264 
1669929875 1360 1501 772 1274 
1669929877 1301 1616 780 1269 
1669929879 1361 1628 737 1261 
1669929881 1349 1598 765 1244 
1669929883 1334 1485 766 1249 
1669929885 1375 1520 667 1145 
1669929887 1354 1525 758 1228 
1669929889 1383 1626 776 1154 
1669929891 1395 1610 765 1218 
1669929893 1379 1657 768 1143 
1669929895 1391 1533 769 1231 
1669929897 1408 1513 786 1136 
1669929899 1404 1614 692 1202 
1669929901 1401 1570 744 1239 
1669929903 1388 1494 752 1247 
1669929905 1398 1478 786 1230 
1669929907 1401 1686 765 1249 
1669929909 1389 1533 779 1236 
1669929911 1352 1631 762 1237 
1669929913 1373 1620 761 1243 
1669929915 1335 1363 668 1258 
1669929917 1361 1378 742 1271 
1669929919 1391 1575 754 1273 
1669929921 1389 1481 767 1289 
1669929923 1365 1613 773 1265 
1669929925 1388 1590 737 1259 
1669929927 1349 1511 759 1261 
1669929929 1352 1611 737 1236 
1669929931 1351 1618 752 1252 
1669929933 1263 1492 781 1263 
1669929935 1307 1623 763 1260 
1669929937 1370 1624 796 1298 
1669929939 1395 1634 778 1297 
1669929941 1370 1542 770 1178 
1669929943 1363 1655 752 1218 
1669929945 1393 1650 758 1273 
1669929947 1400 1648 658 1170 
1669929949 1382 1428 765 1264 
1669929951 1272 1641 760 1053 
1669929953 1340 1408 788 1211 
1669929955 1376 1472 784 1266 
1669929957 1370 1444 798 1274 
1669929959 1375 1594 765 1229 
1669929961 1359 1558 766 1274 
1669929963 1382 1619 748 1275 
1669929965 1390 1693 783 1212 
1669929967 1370 1647 738 1261 
1669929969 1346 1408 741 1168 
1669929971 1381 1338 664 1257 
1669929973 1369 1521 745 1219 
1669929975 1402 1668 782 1221 
1669929977 1386 1674 762 1252 
1669929979 1383 1637 673 1242 
1669929981 1397 1679 736 1239 
1669929983 1362 1633 736 1156 
1669929985 1380 1654 753 1210 
1669929987 1370 1595 759 1206 
1669929989 1377 1570 789 1220 
1669929991 1381 1684 792 1119 
1669929993 1353 1583 739 1219 
1669929995 1374 1683 681 1198 
1669929997 1188 1478 734 1265 
1669929999 1332 1564 754 1175 
1669930001 1319 1404 782 1272 
1669930003 1344 1437 753 1269 
1669930005 1361 1460 684 1240 
1669930007 1390 1502 739 1262 
1669930009 1385 1619 764 1146 
1669930011 1375 1506 699 1196 
1669930013 1393 1406 761 1243 
1669930015 1380 1564 761 1225 
1669930017 1379 1566 759 1152 
1669930019 1305 1577 758 1238 
1669930021 1369 1618 672 1261 
1669930023 1383 1593 765 1230 
1669930025 1360 1399 756 1260 
1669930027 1375 1455 777 1279 
1669930029 1367 1410 750 1260 
1669930031 1395 1590 660 1265 
1669930033 1364 1508 774 1262 
1669930035 1370 1426 791 1235 
1669930037 1388 1608 694 1241 
1669930039 1406 1520 777 1261 
1669930041 1390 1594 772 1175 
1669930043 1287 1520 756 1121 
1669930045 1321 1604 766 1242 
1669930047 1265 1512 754 1146 
1669930049 1324 1622 797 1240 
1669930051 1276 1516 766 1231 
1669930053 1328 1638 774 1274 
1669930055 1354 1600 776 1256 
1669930057 1383 1526 779 1272 
1669930059 1359 1617 741 1252 
1669930061 1386 1617 759 1275 
1669930063 1353 1628 753 1263 
1669930065 1378 1529 763 1271 
1669930067 1371 1512 760 1267 
1669930069 1274 1621 743 1256 
1669930071 1365 1517 743 1268 
1669930073 1355 1513 763 1275 
1669930075 1384 1420 765 1283 
1669930077 1392 1560 745 1241 
1669930079 1386 1495 680 1267 
1669930081 1373 1591 670 1242 
1669930083 1276 1612 765 1262 
1669930085 1266 1421 751 1268 
1669930087 1360 1399 665 1269 
1669930089 1373 1480 754 1285 
1669930091 1366 1579 752 1265 
1669930093 1344 1635 764 1285 
1669930095 1345 1625 747 1147 
1669930097 1341 1641 744 1219 
1669930099 1372 1503 772 1269 
1669930101 1380 1610 686 1140 
1669930103 1368 1541 735 1223 
1669930105 1370 1535 749 1266 
1669930107 1312 1451 752 1141 
1669930109 1331 1585 747 1197 
1669930111 1365 1461 684 1245 
1669930113 1373 1599 771 1230 
1669930115 1302 1604 760 1159 
1669930117 1335 1588 765 1205 
1669930119 1343 1552 760 1284 
1669930121 1366 1678 779 1282 
1669930123 1369 1621 779 1235 
1669930125 1352 1518 761 1248 
1669930127 1394 1610 776 1136 
1669930129 1383 1523 790 1248 
1669930131 1371 1525 761 1252 
1669930133 1363 1480 757 1246 
1669930135 1362 1446 773 1257 
1669930137 1376 1586 773 1231 
1669930139 1380 1493 775 1271 
1669930141 1391 1467 770 1247 
1669930143 1400 1607 769 1259 
1669930145 1385 1575 774 1275 
1669930147 1390 1598 783 1289 
1669930149 1328 1623 758 1242 
1669930151 1379 1652 778 1236 
1669930153 1372 1592 674 1287 
1669930155 1326 1763 759 1240 
1669930157 1353 1609 746 1236 
1669930159 1271 1390 773 1305 
1669930161 1362 1504 764 1184 
1669930163 1362 1444 758 1229 
1669930165 1348 1622 776 1240 
1669930167 1384 1354 690 1265 
1669930169 1380 1577 741 1229 
1669930171 1365 1501 761 1259 
1669930173 1382 1545 677 1235 
1669930175 1364 1614 769 1240 
1669930177 1283 1592 775 1230 
1669930179 1371 1498 794 1285 
1669930181 1347 1575 761 1231 
1669930183 1372 1645 745 1253 
1669930185 1345 1835 783 1191 
1669930187 1324 1638 689 1219 
1669930189 1365 1579 733 1223 
1669930191 1278 1370 754 1152 
1669930193 1339 1557 749 1234 
1669930195 1344 1453 772 1284 
1669930197 1279 1466 736 1286 
1669930199 1364 1500 757 1258 
1669930201 1366 1504 780 1243 
1669930203 1354 1508 760 1249 
1669930205 1269 1565 748 1244 
1669930207 1367 1624 797 1259 
1669930209 1355 1508 777 1242 
1669930211 1387 1603 759 1141 
1669930213 1370 1552 788 1142 
1669930215 1388 1517 775 1231 
1669930217 1373 1491 783 1240 
1669930219 1308 1488 754 1241 
1669930221 1364 1542 757 1218 
1669930223 1300 1584 749 1264 
1669930225 1330 1499 773 1241 
1669930227 1354 1512 793 1248 
1669930229 1375 1624 692 1122 
1669930231 1356 1523 770 1249 
1669930233 1333 1486 777 1229 
1669930235 1347 1561 764 1273 
1669930237 1390 1407 753 1273 
1669930239 1380 1512 690 1161 
1669930241 1360 1612 766 1227 
1669930243 1366 1663 785 1242 
1669930245 1373 1553 765 1237 
1669930247 1355 1463 770 1259 
1669930249 1353 1609 778 1234 
1669930251 1391 1585 776 1281 
1669930253 1352 1482 753 1268 
1669930255 1392 1543 783 1274 
1669930257 1377 1449 763 1237 
1669930259 1382 1621 776 1157 
1669930261 1373 1620 780 1227 
1669930263 1376 1556 739 1203 
1669930265 1336 1469 774 1233 
1669930267 1351 1592 669 1239 
1669930269 1346 1587 733 1267 
1669930271 1371 1613 780 1179 
1669930273 1365 1621 758 1249 
1669930275 1378 1511 750 1241 
1669930277 1368 1636 787 1160 
1669930279 1288 1449 744 1248 
1669930281 1331 1586 754 1248 
1669930283 1274 1437 734 1276 
1669930285 1247 1550 670 1244 
1669930287 1242 1592 780 1167 
1669930289 1301 1555 748 1240 
1669930291 1347 1608 685 1232 
1669930293 1296 1510 792 1289 
1669930295 1368 1578 771 1251 
1669930297 1275 1630 764 1143 
1669930299 1359 1633 776 1114 
1669930301 1284 1458 765 1220 
1669930303 1334 1510 759 1210 
1669930305 1363 1494 771 1236 
1669930307 1397 1488 786 1176 
1669930309 1365 1622 762 1234 
1669930311 1373 1570 688 1266 
1669930313 1406 1493 783 1256 
1669930315 1372 1486 774 1285 
1669930317 1389 1473 741 1230 
1669930319 1384 1625 769 1238 
1669930321 1387 1608 682 1263 
1669930323 1387 1623 758 1179 
1669930325 1374 1608 760 1140 
1669930327 1376 1618 764 1242 
1669930329 1374 1500 757 1263 
1669930331 1276 1563 770 1288 
1669930333 1340 1593 768 1289 
1669930335 1334 1516 755 1224 
1669930337 1270 1555 761 1249 
1669930339 1352 1499 779 1164 
1669930341 1288 1633 683 1205 
1669930343 1363 1553 782 1310 
1669930345 1363 1606 729 1241 
1669930347 1348 1523 781 1253 
1669930349 1278 1626 741 1275 
1669930351 1335 1622 747 1271 
1669930353 1323 1698 770 1265 
1669930355 1334 1642 757 1239 
1669930357 1357 1611 733 1243 
1669930359 1363 1514 755 1232 
1669930361 1345 1522 745 1256 
1669930363 1393 1613 761 1227 
1669930365 1393 1585 761 1219 
1669930367 1379 1495 750 1227 
1669930369 1352 1588 676 1232 
1669930371 1379 1602 785 1241 
1669930373 1393 1618 745 1214 
1669930375 1204 1586 773 1204 
1669930377 1309 1595 772 1230 
1669930379 1293 1611 738 1236 
1669930381 1332 1521 758 1230 
1669930383 1367 1576 693 1218 
1669930385 1360 1581 687 1250 
1669930387 1368 1654 747 1264 
1669930389 1380 1630 779 1237 
1669930391 1386 1613 774 1270 
1669930393 1354 1505 745 1254 
1669930395 1277 1614 778 1274 
1669930397 1326 1621 762 1174 
1669930399 1376 1512 687 1251 
1669930401 1348 1534 684 1133 
1669930403 1379 1504 791 1203 
1669930405 1377 1616 760 1228 
1669930407 1403 1477 782 1165 
1669930409 1359 1516 756 1250 
1669930411 1350 1473 753 1245 
1669930413 1267 1409 759 1226 
1669930415 1343 1556 789 1246 
1669930417 1353 1484 766 1291 
1669930419 1361 1500 660 1236 
1669930421 1368 1594 769 1277 
1669930423 1391 1611 766 1258 
1669930425 1384 1542 698 1158 
1669930427 1286 1533 732 1251 
1669930429 1333 1636 754 1267 
1669930431 1332 1561 748 1236 
1669930433 1277 1492 770 1239 
1669930435 1379 1640 784 1299 
1669930437 1367 1587 768 1174 
1669930439 1307 1628 790 1172 
1669930441 1384 1603 765 1237 
1669930443 1379 1604 783 1265 
1669930445 1365 1535 774 1178 
1669930447 1363 1720 766 1112 
1669930449 1398 1657 774 1232 
1669930451 1391 1606 787 1243 
1669930453 1370 1417 765 1260 
1669930455 1295 1308 755 1271 
1669930457 1269 1529 765 1278 
1669930459 1317 1743 732 1161 
1669930461 1358 1363 773 1246 
1669930463 1360 1513 767 1231 
1669930465 1348 1613 773 1230 
1669930467 1370 1504 775 1209 
1669930469 1386 1601 683 1199 
1669930471 1384 1426 771 1273 
1669930473 1377 1612 745 1230 
1669930475 1394 1614 752 1257 
1669930477 1360 1704 809 1206 
1669930479 1265 1534 789 1207 
1669930481 1335 1606 774 1163 
1669930483 1338 1589 785 1222 
1669930485 1376 1391 734 1239 
1669930487 1347 1580 698 1225 
1669930489 1271 1583 749 1267 
1669930491 1364 1782 793 1210 
1669930493 1349 1535 779 1205 
1669930495 1334 1586 693 1204 
1669930497 1378 1588 764 1244 
1669930499 1356 1499 744 1253 
1669930501 1384 1504 746 1152 
1669930503 1395 1604 792 1263 
1669930505 1385 1610 697 1219 
1669930507 1392 1500 756 1142 
1669930509 1378 1537 772 1236 
1669930511 1309 1525 786 1259 
1669930513 1339 1597 739 1231 
1669930515 1358 1423 751 1249 
1669930517 1381 1465 748 1282 
1669930519 1355 1611 778 1246 
1669930521 1271 1552 745 1148 
1669930523 1370 1613 778 1250 
1669930525 1379 1533 782 1239 
1669930527 1355 1500 763 1234 
1669930529 1389 1601 779 1210 
1669930531 1362 1637 683 1229 
1669930533 1346 1455 740 1242 
1669930535 1361 1616 802 1150 
1669930537 1385 1601 759 1241 
1669930539 1393 1518 792 1288 
1669930541 1380 1811 688 1100 
1669930543 1282 1571 749 1230 
1669930545 1424 1464 771 1197 
1669930547 1407 1584 781 1250 
1669930549 1411 1549 784 1285 
1669930551 1386 1540 783 1240 
1669930553 1373 1490 783 1163 
1669930555 1373 1448 597 1228 
1669930557 1378 1479 778 1256 
1669930559 1303 1529 772 1262 
1669930561 1257 1542 765 1236 
1669930563 1347 1681 777 1237 
1669930565 1241 1639 739 1106 
1669930567 1306 1197 758 1260 
1669930569 1353 1467 745 1286 
1669930571 1400 1373 745 1336 
1669930573 1196 1439 707 1162 
1669930575 1335 1638 823 1212 
1669930577 1257 1008 685 1277 
1669930579 1372 1531 754 1290 
1669930581 1304 1748 782 1241 
1669930583 1356 1638 791 1232 
1669930585 1344 1354 708 1285 
1669930587 1374 1686 789 1282 
1669930589 1351 1415 764 1310 
1669930591 1299 1439 764 1302 
1669930593 1272 1889 780 1032 
1669930595 1276 1810 760 1183 
1669930597 1330 1589 772 1220 
1669930599 1357 1743 777 1243 
1669930601 1368 1404 760 1285 
1669930603 1329 1472 769 1291 
1669930605 1441 1543 712 1319 
1669930607 1348 1712 762 1078 
1669930609 1379 1667 791 1182 
1669930611 1383 1625 779 1255 
1669930613 1366 1489 690 1294 
1669930615 1372 1549 750 1263 
1669930617 1386 1567 787 1284 
1669930619 1391 1420 784 1182 
1669930621 1366 1495 773 1249 
1669930623 1367 1626 673 1153 
1669930625 1272 1670 787 1264 
1669930627 1339 1470 735 1276 
1669930629 1280 1636 795 1267 
1669930631 1301 1588 787 1230 
1669930633 1326 1400 774 1291 
1669930635 1328 1563 788 1162 
1669930637 1389 1623 757 1220 
1669930639 1374 1586 789 1198 
1669930641 1395 1566 805 1238 
1669930643 1382 1645 778 1228 
1669930645 1366 1515 776 1240 
1669930647 1357 1527 779 1156 
1669930649 1265 1486 795 1224 
1669930651 1357 1479 744 1283 
1669930653 1351 1587 765 1270 
1669930655 1352 1632 790 1178 
1669930657 1391 1399 774 1239 
1669930659 1376 1619 686 1286 
1669930661 1391 1540 795 1243 
1669930663 1391 1650 761 1236 
1669930665 1308 1579 758 1254 
1669930667 1268 1578 700 1245 
1669930669 1318 1636 694 1265 
1669930671 1363 1588 766 1283 
1669930673 1361 1596 675 1267 
1669930675 1356 1618 699 1254 
1669930677 1378 1584 792 1269 
1669930679 1356 1584 668 1146 
1669930681 1385 1641 751 1227 
1669930683 1375 1593 785 1240 
1669930685 1365 1573 792 1282 
1669930687 1345 1603 788 1251 
1669930689 1332 1427 738 1268 
1669930691 1367 1492 771 1269 
1669930693 1386 1479 792 1276 
1669930695 1378 1614 765 1285 
1669930697 1389 1469 748 1247 
1669930699 1403 1521 781 1244 
1669930701 1373 1626 756 1272 
1669930703 1374 1598 790 1187 
1669930705 1390 1494 793 1229 
1669930707 1388 1560 695 1211 
1669930709 1386 1590 774 1278 
1669930711 1375 1474 767 1267 
1669930713 1393 1631 785 1256 
1669930715 1365 1611 687 1264 
1669930717 1389 1406 752 1293 
1669930719 1357 1597 752 1150 
1669930721 1266 1613 747 1246 
1669930723 1250 1531 765 1242 
1669930725 1250 1474 754 1270 
1669930727 1247 1600 678 1165 
1669930729 1342 1537 772 1246 
1669930731 1346 1641 749 1260 
1669930733 1377 1500 761 1277 
1669930735 1353 1517 740 1283 
1669930737 1366 1626 772 1259 
1669930739 1387 1604 803 1239 
1669930741 1355 1633 793 1257 
1669930743 1379 1623 771 1231 
1669930745 1390 1521 777 1249 
1669930747 1389 1405 782 1298 
1669930749 1317 1473 747 1234 
1669930751 1334 1655 785 1247 
1669930753 1360 1530 798 1283 
1669930755 1374 1589 785 1253 
1669930757 1362 1622 808 1291 
1669930759 1375 1422 780 1277 
1669930761 1374 1388 747 1249 
1669930763 1367 1440 759 1285 
1669930765 1344 1569 770 1283 
1669930767 1364 1549 771 1251 
1669930769 1349 1576 755 1244 
1669930771 1388 1637 783 1158 
1669930773 1371 1513 767 1212 
1669930775 1382 1603 778 1263 
1669930777 1355 1574 752 1283 
1669930779 1362 1481 678 1250 
1669930781 1387 1589 763 1269 
1669930783 1368 1561 779 1289 
1669930785 1395 1420 674 1266 
1669930787 1409 1655 688 1231 
1669930789 1374 1550 691 1248 
1669930791 1313 1550 784 1239 
1669930793 1339 1341 749 1305 
1669930795 1324 1352 742 1268 
1669930797 1375 1717 801 1222 
1669930799 1370 1835 762 1231 
1669930801 1361 1698 812 1269 
1669930803 1336 1354 798 1303 
1669930805 1369 1365 754 1300 
1669930807 1398 1618 704 1247 
1669930809 1374 1670 780 1168 
1669930811 1378 1413 784 1170 
1669930813 1393 1549 681 1179 
1669930815 1391 1730 819 1226 
1669930817 1377 1616 779 1239 
1669930819 1368 1614 794 1071 
1669930821 1375 1484 665 1215 
1669930823 1322 1126 661 1274 
1669930825 1369 1576 766 1261 
1669930827 1398 1668 765 1235 
1669930829 1390 1638 791 1220 
1669930831 1340 1501 779 1262 
1669930833 1270 1421 780 1310 
1669930835 1375 1549 792 1292 
1669930837 1385 1418 777 1274 
1669930839 1380 1659 691 1225 
1669930841 488 394 916 1472 
1669930843 3579 3447 3437 3365 
1669930845 589 2025 788 436 
1669930847 1494 3261 1227 942 
1669930849 2774 2188 1077 1700 
1669930851 3392 3372 1938 2676 
1669930853 1868 1282 441 683 
1669930855 1554 2494 1150 1079 
1669930857 2882 3421 1719 2006 
1669930859 590 805 518 753 
1669930861 2138 2180 964 1613 
1669930863 1985 2479 755 1392 
1669930865 2425 1905 1124 1943 
1669930867 2008 1554 974 1798 
1669930869 3221 3359 1685 2054 
1669930871 2628 520 1371 2525 
1669930873 1691 3319 990 1288 
1669930875 3099 1633 1646 2760 
1669930877 1090 2175 719 990 
1669930879 2709 1656 1249 2289 
1669930881 1352 1340 543 1192 
1669930883 2431 2240 1214 1669 
1669930885 1908 3536 944 1308 
1669930887 1886 3341 1040 1494 
1669930889 1792 1933 945 1506 
1669930891 1501 2131 798 1321 
1669930893 1340 1906 758 1147 
1669930895 1271 1906 689 1239 
1669930897 1397 2126 768 1273 
1669930899 1578 2404 818 1376 
1669930901 1019 1309 685 1208 
1669930903 1552 1679 820 1390 
1669930905 1913 1408 953 1983 
1669930907 1333 976 690 1293 
1669930909 672 1215 462 790 
1669930911 2343 3388 1113 1741 
1669930913 1232 915 671 1165 
1669930915 1778 3479 999 1048 
1669930917 1383 2493 862 1172 
1669930919 1708 1457 858 1808 
1669930921 1921 502 790 1677 
1669930923 1687 2539 806 1299 
1669930925 1776 2146 869 1474 
1669930927 1097 1128 627 1060 
1669930929 1458 1821 799 1276 
1669930931 1502 1598 797 1334 
1669930933 1819 2741 970 1452 
1669930935 1510 1878 707 1355 
1669930937 1109 1230 557 1148 
1669930939 1301 2002 838 1213 
1669930941 1400 3009 733 944 
1669930943 812 950 719 874 
1669930945 784 957 689 832 
1669930947 819 3453 503 758 
1669930949 998 2121 771 1190 
1669930951 1727 3565 826 1425 
1669930953 1791 376 1199 1622 
1669930955 2790 3241 1768 2438 
1669930957 1098 498 605 1333 
1669930959 3328 3065 1798 2373 
1669930961 2170 2673 903 1435 
1669930963 2265 2121 1199 2100 
1669930965 2025 2488 1164 1241 
1669930967 3412 3405 2009 2597 
1669930969 2737 1485 1620 2284 
1669930971 2663 2762 1159 1942 
1669930973 1150 3138 677 1065 
1669930975 963 1726 442 1033 
1669930977 1654 1009 824 1430 
1669930979 1504 1437 712 1205 
1669930981 1341 1811 752 1198 
1669930983 1853 2544 951 1553 
1669930985 1181 1847 740 1115 
1669930987 1511 2416 834 1352 
1669930989 707 2958 563 811 
1669930991 1315 2405 825 1298 
1669930993 1269 1758 830 1288 
1669930995 1593 1974 772 1380 
1669930997 3007 3363 1689 2530 
1669930999 776 724 753 721 
1669931001 2521 3038 1358 1980 
1669931003 2221 2614 1054 1684 
1669931005 2211 2655 998 1568 
1669931007 1350 1883 687 1190 
1669931009 1671 2018 933 1464 
1669931011 1113 2500 884 1105 
1669931013 1370 2666 797 1204 
1669931015 1626 2142 872 1438 
1669931017 2466 2650 1043 1820 
1669931019 1511 2157 717 1281 
1669931021 1540 2228 796 1347 
1669931023 1188 1534 649 1025 
1669931025 1406 1775 776 1271 
1669931027 1979 3485 677 1462 
1669931029 1070 1932 614 874 
1669931031 1518 1745 933 1381 
1669931033 1356 3544 881 1183 
1669931035 1290 2292 696 1122 
1669931037 1583 2477 832 1333 
1669931039 1322 1883 736 1208 
1669931041 1196 1468 735 1143 
1669931043 1318 1327 865 1207 
1669931045 1676 2034 895 1410 
1669931047 1325 1570 775 1205 
1669931049 1144 967 724 1111 
1669931051 1557 1720 806 1210 
1669931053 872 3361 646 911 
1669931055 3123 1414 1531 1799 
1669931057 2359 1374 1086 1784 
1669931059 1791 1955 746 1418 
1669931061 1670 2972 918 1480 
1669931063 1666 2690 790 1476 
1669931065 1824 1807 1171 1675 
1669931067 1035 2118 796 1000 
1669931069 1769 3010 980 1429 
1669931071 1834 2348 882 1467 
1669931073 1978 2823 980 1748 
1669931075 1628 1634 832 1509 
1669931077 918 1253 628 933 
1669931079 2470 375 1070 2049 
1669931081 1901 2752 1151 1403 
1669931083 531 1555 456 588 
1669931085 2151 2511 988 1561 
1669931087 1152 2490 570 998 
1669931089 2587 1564 1326 2321 
1669931091 1859 1640 946 1393 
1669931093 1402 1155 719 1574 
1669931095 435 467 427 563 
1669931097 1690 2433 926 1248 
1669931099 1774 3564 1289 1275 
1669931101 949 504 562 1022 
1669931103 1991 1997 1179 1629 
1669931105 1636 1419 901 1613 
1669931107 1145 1556 541 1186 
1669931109 1007 561 478 873 
1669931111 2411 2900 1237 1759 
1669931113 2944 2964 1461 2078 
1669931115 1955 2999 1172 1664 
1669931117 1040 2023 829 1190 
1669931119 1858 2998 944 1464 
1669931121 1242 1361 661 1228 
1669931123 2238 3088 1478 1476 
1669931125 2755 3510 1517 2016 
1669931127 1425 1687 786 1274 
1669931129 1622 2143 966 1338 
1669931131 1824 2834 743 1346 
1669931133 1293 1955 685 1143 
1669931135 1356 2211 710 1255 
1669931137 1444 3356 667 1259 
1669931139 1551 1531 802 1357 
1669931141 1497 1910 761 1273 
1669931143 1606 2446 842 1354 
1669931145 1722 2735 805 1449 
1669931147 1338 2980 697 1164 
1669931149 1189 2977 702 1113 
1669931151 1448 2333 760 1173 
1669931153 1383 1899 789 1234 
1669931155 1350 1507 712 1237 
1669931157 1787 1691 902 1531 
1669931159 1563 1816 780 1327 
1669931161 1490 2417 761 1236 
1669931163 1440 3344 691 1171 
1669931165 1359 3216 757 1254 
1669931167 1189 501 728 1297 
1669931169 1406 987 783 1338 
1669931171 1621 1346 858 1424 
1669931173 357 3574 414 556 
1669931175 2347 924 1453 2314 
1669931177 2117 2725 893 1698 
1669931179 2020 2515 850 1572 
1669931181 1467 2992 744 1313 
1669931183 842 2732 692 1119 
1669931185 2010 3468 1208 1512 
1669931187 1403 2807 995 1265 
1669931189 998 2407 732 968 
1669931191 511 894 551 830 
1669931193 1011 859 758 1084 
1669931195 1640 1227 1084 1382 
1669931197 492 1729 375 558 
1669931199 1439 1995 1689 1772 
1669931201 1739 2060 1149 1500 
1669931203 1348 1710 968 1220 
1669931205 922 751 750 852 
1669931207 804 1402 721 927 
1669931209 1078 1678 825 1043 
1669931211 1601 3343 732 1133 
1669931213 2308 2434 1894 2166 
1669931215 1591 1347 819 1566 
1669931217 628 1445 570 610 
1669931219 1213 675 526 1149 
1669931221 689 452 421 1108 
1669931223 1388 929 893 1001 
1669931225 1262 1933 749 1101 
1669931227 1112 2072 762 1109 
1669931229 1165 2033 769 1152 
1669931231 1221 1986 760 1168 
1669931233 1230 1929 773 1188 
1669931235 1218 1804 675 1148 
1669931237 1205 1780 663 1168 
1669931239 1294 1916 801 1251 
1669931241 1330 1910 714 1242 
1669931243 1310 1752 765 1240 
1669931245 1286 1835 677 1241 
1669931247 1280 1717 774 1246 
1669931249 1313 1865 845 1246 
1669931251 1401 1751 807 1291 
1669931253 1312 1823 763 1224 
1669931255 1308 1709 750 1241 
1669931257 1315 1762 695 1217 
1669931259 1319 1783 779 1240 
1669931261 1290 1660 785 1218 
1669931263 1289 1701 761 1210 
1669931265 1240 1751 741 1243 
1669931267 1272 1764 760 1238 
1669931269 1286 1737 772 1258 
1669931271 1228 1654 790 1135 
1669931273 1312 1566 753 1213 
1669931275 1303 1612 671 1214 
1669931277 1306 1740 765 1248 
1669931279 1343 1636 749 1239 
1669931281 1327 1724 760 1255 
1669931283 1339 1643 772 1276 
1669931285 1252 1734 704 1169 
1669931287 1295 1644 757 1239 
1669931289 1312 1724 762 1246 
1669931291 1341 1716 787 1286 
1669931293 1355 1730 607 1248 
1669931295 1335 1718 738 1270 
1669931297 1329 1591 763 1156 
1669931299 1356 1733 778 1130 
1669931301 1338 1700 767 1238 
1669931303 1364 1729 762 1251 
1669931305 1339 1694 794 1244 
1669931307 1360 1608 784 1279 
1669931309 1348 1709 788 1291 
1669931311 1359 1708 792 1256 
1669931313 1362 1700 702 1278 
1669931315 1271 1544 764 1299 
1669931317 1308 1704 782 1184 
1669931319 1311 1713 696 1234 
1669931321 1322 1663 746 1133 
1669931323 1349 1672 768 1252 
1669931325 1264 1651 772 1220 
1669931327 1326 1648 784 1265 
1669931329 1353 1539 780 1270 
1669931331 1577 1720 836 1395 
1669931333 1322 1402 651 1199 
1669931335 1300 1418 782 1206 
1669931337 1357 1539 797 1278 
1669931339 1365 1644 802 1303 
1669931341 1343 1646 779 1292 
1669931343 1379 1647 762 1272 
1669931345 1391 1678 781 1293 
1669931347 1381 1680 704 1270 
1669931349 1396 1705 775 1290 
1669931351 1371 1659 774 1190 
1669931353 1363 1664 792 1272 
1669931355 1347 1660 789 1233 
1669931357 1338 1577 791 1265 
1669931359 1365 1614 775 1237 
1669931361 1384 1640 802 1246 
1669931363 1306 1575 782 1285 
1669931365 1347 1612 795 1265 
1669931367 1352 1671 771 1258 
1669931369 1397 1667 763 1283 
1669931371 1362 1547 753 1274 
1669931373 1301 1424 685 1212 
1669931375 1310 1708 778 1269 
1669931377 1347 1593 784 1162 
1669931379 1360 1680 779 1251 
1669931381 1368 1648 777 1226 
1669931383 1398 1681 782 1164 
1669931385 1400 1467 676 1237 
1669931387 1364 1531 747 1247 
1669931389 1361 1643 784 1264 
1669931391 1384 1573 692 1270 
1669931393 1387 1659 763 1251 
1669931395 1382 1690 799 1170 
1669931397 1292 1592 754 1155 
1669931399 1346 1603 790 1277 
1669931401 1345 1644 709 1275 
1669931403 1382 1687 773 1259 
1669931405 1386 1647 775 1273 
1669931407 1350 1651 788 1265 
1669931409 1390 1678 804 1188 
1669931411 1352 1678 691 1220 
1669931413 1280 1678 779 1216 
1669931415 1320 1570 786 1279 
1669931417 1363 1690 778 1278 
1669931419 1345 1665 794 1269 
1669931421 1381 1537 756 1292 
1669931423 1372 1668 797 1181 
1669931425 1384 1687 761 1230 
1669931427 1321 1679 758 1259 
1669931429 1365 1687 766 1287 
1669931431 1375 1679 765 1285 
1669931433 1384 1590 775 1246 
1669931435 1307 1656 777 1249 
1669931437 1356 1566 773 1269 
1669931439 1373 1546 752 1295 
1669931441 1357 1637 748 1287 
1669931443 1383 1672 755 1178 
1669931445 1398 1672 790 1165 
1669931447 1346 1547 789 1252 
1669931449 1355 1540 766 1277 
1669931451 1360 1445 738 1163 
1669931453 1387 1538 803 1230 
1669931455 1408 1647 759 1253 
1669931457 1387 1656 778 1187 
1669931459 1420 1622 808 1258 
1669931461 1449 1640 755 1298 
1669931463 1178 1634 761 1245 
1669931465 1300 1635 752 1284 
1669931467 1379 1570 758 1325 
1669931469 1374 1672 760 1288 
1669931471 1385 1672 789 1271 
1669931473 1349 1653 796 1074 
1669931475 1373 1555 766 1240 
1669931477 1395 1649 790 1178 
1669931479 1283 1603 677 1206 
1669931481 1331 1655 749 1261 
1669931483 1341 1637 769 1284 
1669931485 1351 1544 754 1179 
1669931487 1386 1523 800 1128 
1669931489 1403 1656 763 1206 
1669931491 1295 1499 782 1258 
1669931493 1387 1645 797 1275 
1669931495 1396 1555 788 1206 
1669931497 1393 1601 694 1263 
1669931499 1330 1605 771 1275 
1669931501 1342 1639 786 1088 
1669931503 1353 1556 759 1173 
1669931505 1336 1497 673 1207 
1669931507 1394 1501 689 1287 
1669931509 1313 1622 797 1274 
1669931511 1267 1612 766 1300 
1669931513 1360 1449 739 1257 
1669931515 1362 1651 744 1159 
1669931517 1365 1671 680 1208 
1669931519 1389 1538 692 1269 
1669931521 1366 1637 788 1251 
1669931523 1381 1640 768 1159 
1669931525 1396 1546 761 1221 
1669931527 1365 1505 748 1273 
1669931529 1305 1530 583 1171 
1669931531 1345 1508 776 1296 
1669931533 1191 1525 755 1278 
1669931535 1300 1566 793 1225 
1669931537 1343 1632 794 1171 
1669931539 1389 1664 794 1234 
1669931541 1367 1669 756 1265 
1669931543 1400 1618 782 1175 
1669931545 1411 1495 793 1254 
1669931547 1379 1640 798 1178 
1669931549 1291 1633 772 1234 
1669931551 1339 1625 765 1267 
1669931553 1342 1636 697 1269 
1669931555 1371 1521 678 1292 
1669931557 1357 1545 752 1158 
1669931559 1357 1662 755 1240 
1669931561 1349 1650 763 1218 
1669931563 1389 1628 759 1273 
1669931565 1390 1541 773 1283 
1669931567 1362 1559 768 1280 
1669931569 1365 1610 755 1289 
1669931571 1367 1625 759 1279 
1669931573 1380 1662 793 1266 
1669931575 1378 1665 763 1275 
1669931577 1394 1681 776 1296 
1669931579 1410 1544 784 1257 
1669931581 1382 1534 789 1288 
1669931583 1394 1592 800 1266 
1669931585 1301 1608 606 1232 
1669931587 1260 1616 781 1276 
1669931589 1324 1660 789 1229 
1669931591 1400 1684 781 1286 
1669931593 1359 1500 793 1257 
1669931595 1393 1655 779 1267 
1669931597 1396 1604 793 1268 
1669931599 1361 1528 780 1260 
1669931601 1369 1644 756 1295 
1669931603 1379 1449 761 1300 
1669931605 1375 1620 779 1264 
1669931607 1390 1545 761 1242 
1669931609 1407 1503 691 1266 
1669931611 1399 1416 786 1276 
1669931613 1396 1488 757 1271 
1669931615 1362 1639 754 1165 
1669931617 1387 1545 747 1139 
1669931619 1294 1621 759 1215 
1669931621 1394 1665 686 1288 
1669931623 371 2684 353 468 
1669931625 2958 3567 1771 1928 
1669931627 1162 787 730 1205 
1669931629 1273 739 806 1109 
1669931631 1382 901 784 1240 
1669931633 1373 882 770 1268 
1669931635 1384 988 778 1251 
1669931637 1364 1045 778 1280 
1669931639 1361 1152 766 1175 
1669931641 1347 1136 803 1226 
1669931643 1363 1180 700 1249 
1669931645 1363 1218 789 1275 
1669931647 1383 1339 755 1248 
1669931649 1397 1292 766 1166 
1669931651 1393 1278 788 1137 
1669931653 1386 1416 783 1192 
1669931655 1378 1365 782 1231 
1669931657 1384 1368 775 1226 
1669931659 1387 1358 774 1259 
1669931661 1378 1377 781 1253 
1669931663 1355 1240 786 1284 
1669931665 1386 1377 779 1259 
1669931667 1352 1525 752 1271 
1669931669 1338 1325 671 1225 
1669931671 1370 1427 755 1267 
1669931673 1360 1509 768 1268 
1669931675 1346 1523 759 1238 
1669931677 1256 1543 756 1138 
1669931679 1346 1475 778 1147 
1669931681 1356 1548 785 1205 
1669931683 1388 1478 790 1234 
1669931685 1358 1557 692 1286 
1669931687 1345 1466 745 1256 
1669931689 1371 1433 793 1299 
1669931691 1362 1375 770 1312 
1669931693 1396 1459 781 1287 
1669931695 1397 1541 783 1181 
1669931697 1372 1586 775 1217 
1669931699 1389 1582 694 1230 
1669931701 1297 1529 744 1245 
1669931703 1330 1451 764 1193 
1669931705 1382 1547 781 1278 
1669931707 1296 1570 746 1301 
1669931709 1348 1520 834 1311 
1669931711 1329 1558 764 1244 
1669931713 1319 1598 731 1219 
1669931715 1026 1617 659 996 
1669931717 1845 1298 775 1615 
1669931719 1335 1419 660 1154 
1669931721 1351 1607 750 1246 
1669931723 1310 1494 773 1251 
1669931725 1308 1492 744 1226 
1669931727 1455 1423 804 1355 
1669931729 1787 1303 752 1585 
1669931731 1473 1435 770 1216 
1669931733 1458 1500 801 1260 
1669931735 1501 1525 744 1338 
1669931737 1420 1608 744 1269 
1669931739 1383 1403 730 1226 
1669931741 1358 1494 789 1256 
1669931743 1369 1443 772 1230 
1669931745 1377 1380 753 1214 
1669931747 1361 1568 782 1150 
1669931749 1380 1606 794 1131 
1669931751 1345 1572 686 1206 
1669931753 1345 1524 599 1221 
1669931755 1364 1618 760 1225 
1669931757 1327 1605 762 1217 
1669931759 1271 1541 760 1162 
1669931761 1348 1483 775 1232 
1669931763 1322 1490 755 1252 
1669931765 1293 1472 782 1164 
1669931767 1307 1626 682 1100 
1669931769 1119 1609 742 1173 
1669931771 1198 1492 777 1252 
1669931773 1392 1433 788 1353 
1669931775 1192 1626 676 1124 
1669931777 1205 1695 762 1187 
1669931779 1320 1641 747 1256 
1669931781 1346 1482 779 1256 
1669931783 1337 1492 760 1284 
1669931785 1253 1386 766 1112 
1669931787 1322 1575 786 1260 
1669931789 1406 1576 715 1276 
1669931791 1273 1607 726 1216 
1669931793 1336 1393 761 1224 
1669931795 1319 1421 765 1256 
1669931797 1356 1575 762 1248 
1669931799 1387 1500 766 1264 
1669931801 1371 1482 772 1268 
1669931803 1367 1603 751 1170 
1669931805 1382 1583 761 1271 
1669931807 1403 1574 758 1253 
1669931809 1285 1476 773 1270 
1669931811 1330 1629 747 1292 
1669931813 1343 1633 679 1273 
1669931815 1347 1618 658 1145 
1669931817 1333 1500 745 1257 
1669931819 1340 1611 772 1286 
1669931821 1374 1520 775 1256 
1669931823 1362 1594 768 1145 
1669931825 1394 1604 762 1218 
1669931827 1406 1640 784 1239 
1669931829 1380 1442 754 1234 
1669931831 1291 1467 771 1238 
1669931833 1340 1579 762 1239 
1669931835 1375 1605 746 1255 
1669931837 1368 1596 763 1266 
1669931839 1370 1482 787 1231 
1669931841 1342 1514 663 1248 
1669931843 1392 1583 764 1303 
1669931845 1400 1513 768 1256 
1669931847 1362 1568 757 1269 
1669931849 1385 1577 740 1251 
1669931851 1388 1627 772 1241 
1669931853 1370 1514 756 1147 
1669931855 1392 1630 758 1120 
1669931857 1363 1588 759 1205 
1669931859 1351 1592 781 1255 
1669931861 1340 1490 682 1233 
1669931863 1382 1625 748 1167 
1669931865 1358 1516 682 1241 
1669931867 1378 1599 730 1284 
1669931869 1356 1636 781 1278 
1669931871 1355 1425 733 1257 
1669931873 1387 1558 686 1278 
1669931875 1292 1572 651 1261 
1669931877 1365 1492 757 1249 
1669931879 1338 1429 774 1287 
1669931881 1338 1409 742 1298 
1669931883 1289 1474 740 1274 
1669931885 1320 1449 740 1264 
1669931887 1355 1455 754 1169 
1669931889 1404 1550 757 1260 
1669931891 1381 1507 751 1229 
1669931893 1386 1593 781 1232 
1669931895 1362 1533 731 1255 
1669931897 1348 1514 781 1245 
1669931899 1273 1583 674 1276 
1669931901 1360 1641 775 1263 
1669931903 1389 1604 750 1298 
1669931905 1377 1605 751 1247 
1669931907 1357 1627 775 1264 
1669931909 1341 1578 764 1250 
1669931911 1381 1512 735 1239 
1669931913 1393 1525 738 1273 
1669931915 1350 1541 771 1254 
1669931917 1384 1494 755 1276 
1669931919 1392 1487 760 1256 
1669931921 1383 1491 758 1159 
1669931923 1351 1599 764 1229 
1669931925 1379 1484 681 1227 
1669931927 1345 1636 782 1261 
1669931929 1345 1560 758 1130 
1669931931 1399 1495 733 1240 
1669931933 1370 1611 759 1281 
1669931935 1376 1435 767 1228 
1669931937 1365 1597 751 1233 
1669931939 1350 1629 754 1229 
1669931941 1367 1512 774 1267 
1669931943 1376 1527 734 1245 
1669931945 1351 1617 766 1263 
1669931947 1385 1516 755 1277 
1669931949 1364 1594 766 1139 
1669931951 1341 1571 741 1223 
1669931953 1346 1590 666 1275 
1669931955 1384 1512 748 1276 
1669931957 1382 1596 772 1275 
1669931959 1364 1594 681 1276 
1669931961 1386 1515 769 1254 
1669931963 1361 1480 782 1285 
1669931965 1393 1622 778 1267 
1669931967 1295 1520 767 1236 
1669931969 1365 1635 750 1232 
1669931971 1395 1509 760 1291 
1669931973 1424 1638 785 1299 
1669931975 1347 1493 734 1132 
1669931977 1354 1531 763 1248 
1669931979 1393 1643 758 1263 
1669931981 1365 1640 668 1236 
1669931983 1302 1493 761 1231 
1669931985 1341 1594 763 1262 
1669931987 1246 1689 724 1185 
1669931989 1424 1380 666 1277 
1669931991 1454 1512 781 1328 
1669931993 1423 1543 772 1297 
1669931995 1296 1412 743 1258 
1669931997 1269 1573 731 1277 
1669931999 1357 1589 755 1280 
