1669932003 1338 1633 764 1161 
1669932006 1370 1646 640 1033 
1669932008 1340 1492 771 1195 
1669932010 1366 1593 771 1232 
1669932012 1302 1642 741 1196 
1669932014 1357 1578 742 1062 
1669932016 1342 1527 732 1220 
1669932018 1346 1647 731 1230 
1669932020 1365 1641 749 1238 
1669932022 1286 1618 764 1277 
1669932024 1356 1525 732 1260 
1669932026 1343 1522 747 1252 
1669932028 1276 1577 725 1253 
1669932030 1332 1575 740 1179 
1669932032 1370 1609 775 1197 
1669932034 1379 1622 681 1242 
1669932036 1381 1634 753 1262 
1669932038 1380 1637 768 1245 
1669932040 1367 1637 771 1254 
1669932042 1368 1526 592 1259 
1669932044 1382 1479 734 1136 
1669932046 1388 1522 762 1242 
1669932048 1380 1621 763 1245 
1669932050 1362 1517 727 1275 
1669932052 1366 1536 671 1153 
1669932054 1355 1506 752 1254 
1669932056 1297 1595 748 1271 
1669932058 1352 1612 772 1225 
1669932060 1377 1622 748 1251 
1669932062 1380 1596 778 1269 
1669932064 1357 1460 668 1266 
1669932066 1266 1610 670 1267 
1669932068 1328 1583 751 1279 
1669932070 1374 1396 768 1288 
1669932072 1385 1574 754 1188 
1669932074 1272 1579 741 1242 
1669932076 1345 1407 746 1283 
1669932078 1371 1556 743 1270 
1669932080 1374 1480 771 1272 
1669932082 1299 1491 711 1271 
1669932084 1353 1491 750 1258 
1669932086 1358 1421 751 1261 
1669932088 1270 1513 661 1234 
1669932090 1378 1649 663 1241 
1669932092 1379 1608 765 1158 
1669932094 1356 1631 739 1232 
1669932096 1357 1622 653 1240 
1669932098 1397 1508 720 1256 
1669932100 1366 1634 677 1260 
1669932102 1312 1611 748 1231 
1669932104 1377 1608 757 1223 
1669932106 1347 1580 776 1253 
1669932108 1380 1624 741 1252 
1669932110 1347 1623 773 1230 
1669932112 1384 1613 765 1251 
1669932114 1385 1536 678 1238 
1669932116 1361 1529 662 1230 
1669932118 1405 1521 675 1256 
1669932120 1367 1483 725 1261 
1669932122 1279 1494 766 1277 
1669932124 1352 1599 723 1270 
1669932126 1393 1609 741 1269 
1669932128 1389 1625 743 1282 
1669932130 1291 1622 741 1241 
1669932132 1351 1589 732 1255 
1669932134 1376 1602 674 1054 
1669932136 1371 1595 711 1108 
1669932138 1359 1613 763 1217 
1669932140 1343 1614 759 1253 
1669932142 1343 1512 766 1229 
1669932144 1342 1617 657 1253 
1669932146 1376 1546 774 1219 
1669932148 1350 1420 761 1225 
1669932150 1371 1457 751 1246 
1669932152 1363 1594 761 1225 
1669932154 1338 1612 746 1255 
1669932156 1340 1531 754 1239 
1669932158 1354 1415 665 1243 
1669932160 1384 1501 654 1271 
1669932162 1349 1590 731 1230 
1669932164 1282 1583 754 1257 
1669932166 1360 1579 727 1271 
1669932168 1379 1609 754 1177 
1669932170 1279 1467 729 1212 
1669932172 1357 1601 776 1267 
1669932174 1359 1410 668 1241 
1669932176 1373 1579 716 1248 
1669932178 1374 1609 734 1241 
1669932180 1354 1576 743 1211 
1669932182 1331 1480 735 1251 
1669932184 1351 1489 730 1251 
1669932186 1371 1520 742 1259 
1669932188 1334 1539 752 1266 
1669932190 1374 1520 692 1179 
1669932192 1351 1499 749 1257 
1669932194 1272 1598 674 1219 
1669932196 1328 1621 760 1271 
1669932198 1364 1537 742 1235 
1669932200 1344 1624 774 1278 
1669932202 1348 1612 726 1243 
1669932204 1365 1488 677 1246 
1669932206 1386 1516 739 1254 
1669932208 1392 1593 740 1158 
1669932210 1402 1500 785 1245 
1669932212 1385 1604 735 1228 
1669932214 1359 1618 780 1240 
1669932216 1393 1579 756 1259 
1669932218 1389 1570 736 1145 
1669932220 1380 1623 760 1138 
1669932222 1366 1613 770 1101 
1669932224 1335 1617 751 1239 
1669932226 1369 1515 733 1208 
1669932228 1346 1530 765 1255 
1669932230 1354 1521 736 1162 
1669932232 1366 1647 725 1210 
1669932234 1356 1620 669 1219 
1669932236 1387 1495 771 1228 
1669932238 1384 1631 745 1217 
1669932240 1359 1627 722 1129 
1669932242 1336 1525 742 1233 
1669932244 1350 1514 760 1138 
1669932246 1363 1510 741 1205 
1669932248 1272 1604 738 1250 
1669932250 1362 1639 751 1274 
1669932252 1370 1649 760 1151 
1669932254 1366 1620 769 1219 
1669932256 1280 1631 725 1256 
1669932258 1368 1642 677 1258 
1669932260 1345 1636 748 1236 
1669932262 1335 1607 743 1246 
1669932264 1370 1518 747 1252 
1669932266 1361 1605 659 1208 
1669932268 1380 1607 741 1267 
1669932270 1373 1622 676 1235 
1669932272 1356 1635 744 1165 
1669932274 1378 1633 764 1120 
1669932276 1352 1605 749 1225 
1669932278 1372 1636 748 1262 
1669932280 1350 1536 718 1130 
1669932282 1367 1472 744 1250 
1669932284 1349 1486 738 1161 
1669932286 1334 1594 734 1219 
1669932288 1336 1636 746 1241 
1669932290 1377 1532 773 1252 
1669932292 1370 1611 731 1259 
1669932294 1383 1577 759 1144 
1669932296 1395 1615 760 1120 
1669932298 1279 1589 718 1128 
1669932300 1361 1619 663 1229 
1669932302 1390 1642 743 1241 
1669932304 1398 1545 744 1058 
1669932306 1362 1647 747 1101 
1669932308 1384 1444 760 1214 
1669932310 1376 1485 733 1238 
1669932312 1348 1624 730 1245 
1669932314 1365 1600 729 1241 
1669932316 1377 1523 757 1249 
1669932318 1396 1553 756 1236 
1669932320 1382 1497 731 1256 
1669932322 1395 1621 762 1252 
1669932324 1290 1523 759 1238 
1669932326 1368 1646 775 1220 
1669932328 1376 1543 721 1244 
1669932330 1348 1509 726 1119 
1669932332 1377 1552 770 1226 
1669932334 1389 1578 765 1234 
1669932336 1387 1613 742 1155 
1669932338 1396 1572 747 1203 
1669932340 1358 1629 771 1230 
1669932342 1380 1477 755 1258 
1669932344 1342 1494 778 1263 
1669932346 1369 1589 663 1262 
1669932348 1382 1482 637 1258 
1669932350 1381 1403 730 1276 
1669932352 1373 1605 729 1144 
1669932354 1272 1588 738 1227 
1669932356 1315 1602 744 1263 
1669932358 1258 1594 669 1217 
1669932360 1352 1524 727 1234 
1669932362 1378 1562 765 1256 
1669932364 1368 1488 707 1248 
1669932366 1361 1568 769 1251 
1669932368 1382 1529 659 1217 
1669932370 1353 1569 728 1242 
1669932372 1352 1581 733 1216 
1669932374 1381 1603 742 1238 
1669932376 1391 1460 760 1265 
1669932378 1375 1614 717 1266 
1669932380 1381 1620 652 1142 
1669932382 1372 1635 727 1236 
1669932384 1380 1608 735 1252 
1669932386 1353 1580 669 1244 
1669932388 1274 1579 750 1225 
1669932390 1357 1488 774 1241 
1669932392 1365 1585 726 1231 
1669932394 1361 1591 757 1215 
1669932396 1369 1617 734 1268 
1669932398 1389 1491 719 1256 
1669932400 1370 1510 770 1167 
1669932402 1367 1614 671 1201 
1669932404 1387 1627 730 1264 
1669932406 1394 1520 667 1238 
1669932408 1397 1646 775 1228 
1669932410 1399 1624 750 1259 
1669932412 1359 1634 741 1242 
1669932414 1349 1592 753 1228 
1669932416 1364 1504 675 1225 
1669932418 1373 1515 701 1210 
1669932420 1272 1545 721 1253 
1669932422 1367 1569 752 1168 
1669932424 1257 1605 741 1201 
1669932426 1361 1520 729 1252 
1669932428 1300 1603 718 1227 
1669932430 1326 1530 735 1239 
1669932432 1367 1616 746 1253 
1669932434 1354 1527 752 1249 
1669932436 1273 1587 750 1145 
1669932438 1360 1601 761 1234 
1669932440 1395 1575 728 1145 
1669932442 1342 1524 773 1198 
1669932444 1350 1579 761 1254 
1669932446 1375 1498 743 1235 
1669932448 1348 1427 649 1241 
1669932450 1328 1597 733 1263 
1669932452 1264 1589 739 1221 
1669932454 1324 1484 733 1258 
1669932456 1284 1616 637 1244 
1669932458 1363 1485 733 1268 
1669932460 1391 1516 750 1240 
1669932462 1390 1514 726 1275 
1669932464 1388 1521 758 1064 
1669932466 1285 1513 725 1204 
1669932468 1275 1590 741 1255 
1669932470 1335 1591 745 1220 
1669932472 1326 1515 718 1232 
1669932474 1344 1606 746 1141 
1669932476 1349 1494 679 1227 
1669932478 1369 1516 764 1153 
1669932480 1377 1630 730 1241 
1669932482 1370 1534 770 1256 
1669932484 1295 1526 722 1165 
1669932486 1318 1506 751 1220 
1669932488 1368 1412 721 1257 
1669932490 1347 1492 768 1170 
1669932492 1349 1587 730 1119 
1669932494 1354 1636 741 1193 
1669932496 1344 1618 721 1210 
1669932498 1382 1620 747 1244 
1669932500 1258 1599 654 1249 
1669932502 1339 1621 720 1058 
1669932504 1386 1608 771 1186 
1669932506 1368 1495 726 1229 
1669932508 1347 1629 716 1231 
1669932510 1339 1592 735 1256 
1669932512 1365 1625 751 1211 
1669932514 1348 1599 716 1259 
1669932516 1370 1525 746 1256 
1669932518 1387 1569 729 1230 
1669932520 1391 1616 753 1246 
1669932522 1373 1597 662 1136 
1669932524 1356 1604 747 1212 
1669932526 1266 1535 754 1233 
1669932528 1320 1603 729 1211 
1669932530 1348 1487 741 1139 
1669932532 1381 1582 764 1222 
1669932534 1360 1593 650 1248 
1669932536 1361 1625 750 1267 
1669932538 1377 1522 664 1128 
1669932540 1287 1595 739 1199 
1669932542 1370 1627 752 1152 
1669932544 1254 1528 681 1208 
1669932546 1360 1610 654 1267 
1669932548 1332 1421 725 1249 
1669932550 1366 1456 764 1275 
1669932552 1352 1516 730 1276 
1669932554 1350 1640 731 1252 
1669932556 1383 1632 635 1219 
1669932558 1375 1614 765 1242 
1669932560 1283 1484 732 1231 
1669932562 1356 1590 742 1261 
1669932564 1377 1602 726 1265 
1669932566 1374 1524 715 1247 
1669932568 1346 1439 724 1261 
1669932570 1371 1485 711 1250 
1669932572 1195 1568 732 1153 
1669932574 1329 1605 752 1256 
1669932576 1374 1525 751 1264 
1669932578 1366 1618 762 1283 
1669932580 1342 1402 718 1234 
1669932582 1335 1550 756 1146 
1669932584 1335 1607 745 1239 
1669932586 1363 1490 721 1232 
1669932588 1380 1637 754 1230 
1669932590 1378 1549 734 1221 
1669932592 1348 1615 733 1235 
1669932594 1376 1599 759 1213 
1669932596 1382 1599 729 1241 
1669932598 1374 1413 722 1217 
1669932600 1378 1576 753 1244 
1669932602 1268 1549 734 1131 
1669932604 1362 1434 728 1194 
1669932606 1355 1486 666 1259 
1669932608 1375 1578 634 1266 
1669932610 1357 1490 743 1252 
1669932612 1265 1592 758 1157 
1669932614 1321 1613 721 1227 
1669932616 1379 1520 764 1237 
1669932618 1384 1605 708 1144 
1669932620 1307 1480 734 1130 
1669932622 1338 1597 720 1214 
1669932624 1385 1602 756 1254 
1669932626 1350 1624 681 1260 
1669932628 1259 1594 753 1221 
1669932630 1323 1602 747 1207 
1669932632 1349 1584 742 1217 
1669932634 1370 1641 727 1243 
1669932636 1348 1597 733 1243 
1669932638 1380 1646 743 1238 
1669932640 1337 1492 749 1209 
1669932642 1333 1613 731 1254 
1669932644 1347 1505 650 1214 
1669932646 1290 1503 719 1239 
1669932648 1335 1480 718 1245 
1669932650 1348 1519 757 1251 
1669932652 1264 1627 733 1140 
1669932654 1352 1601 758 1247 
1669932656 1359 1616 751 1141 
1669932658 1354 1571 737 1181 
1669932660 1369 1508 727 1222 
1669932662 1384 1641 754 1232 
1669932664 1383 1498 743 1252 
1669932666 1362 1641 717 1141 
1669932668 1391 1625 707 1212 
1669932670 1282 1603 743 1246 
1669932672 1258 1485 654 1255 
1669932674 1240 1477 749 1270 
1669932676 1321 1528 641 1253 
1669932678 1328 1511 746 1277 
1669932680 1335 1522 755 1216 
1669932682 1275 1589 719 1228 
1669932684 1370 1592 739 1262 
1669932686 1382 1607 752 1168 
1669932688 1385 1641 654 1253 
1669932690 1357 1478 725 1265 
1669932692 1330 1629 749 1234 
1669932694 1346 1429 730 1214 
1669932696 1334 1483 736 1243 
1669932698 1343 1467 726 1258 
1669932700 1383 1498 660 1229 
1669932702 1370 1627 761 1240 
1669932704 1255 1601 732 1255 
1669932706 1254 1593 738 1260 
1669932708 1342 1595 730 1249 
1669932710 1349 1614 766 1268 
1669932712 1357 1592 753 1229 
1669932714 1377 1613 724 1151 
1669932716 1310 1503 705 1190 
1669932718 1314 1653 744 1202 
1669932720 1268 1670 755 1237 
1669932722 1389 1632 732 1204 
1669932724 1379 1576 637 1248 
1669932726 1369 1619 723 1252 
1669932728 1373 1511 721 1147 
1669932730 1375 1497 746 1223 
1669932732 1381 1516 755 1232 
1669932734 1366 1598 722 1251 
1669932736 1376 1528 629 1226 
1669932738 1291 1486 651 1203 
1669932740 1369 1472 658 1248 
1669932742 1382 1530 719 1255 
1669932744 1367 1588 751 1251 
1669932746 1363 1624 702 1143 
1669932748 1373 1494 653 1217 
1669932750 1382 1606 730 1230 
1669932752 1381 1619 714 1220 
1669932754 1277 1512 660 1234 
1669932756 1330 1611 747 1219 
1669932758 1339 1577 750 1226 
1669932760 1423 1499 718 1287 
1669932762 1275 1470 640 1183 
1669932764 1344 1617 740 1250 
1669932766 1272 1503 746 1237 
1669932768 1250 1527 704 1246 
1669932770 1355 1467 723 1265 
1669932772 1268 1506 720 1240 
1669932774 1354 1542 727 1217 
1669932776 1342 1617 710 1237 
1669932778 1337 1608 571 1231 
1669932780 1336 1622 753 1249 
1669932782 1363 1612 741 1214 
1669932784 1260 1382 722 1247 
1669932786 1344 1606 720 1263 
1669932788 1359 1636 721 1243 
1669932790 1339 1598 629 1204 
1669932792 1368 1536 718 1123 
1669932794 1378 1409 651 1205 
1669932796 1376 1579 727 1206 
1669932798 1353 1575 729 1128 
1669932800 1389 1508 736 1130 
1669932802 1360 1532 701 1195 
1669932804 1356 1604 743 1203 
1669932806 1363 1575 642 1201 
1669932808 1380 1636 708 1127 
1669932810 1345 1586 731 1212 
1669932812 1357 1499 756 1242 
1669932814 1373 1492 659 1242 
1669932816 1265 1592 711 1218 
1669932818 1319 1489 716 1146 
1669932820 1367 1469 745 1240 
1669932822 1361 1506 660 1231 
1669932824 1384 1518 639 1207 
1669932826 1347 1495 636 1267 
1669932828 1328 1629 733 1239 
1669932830 1355 1623 720 1229 
1669932832 1349 1620 761 1241 
1669932834 1346 1526 740 1269 
1669932836 1345 1613 711 1210 
1669932838 1381 1482 736 1242 
1669932840 1347 1489 724 1239 
1669932842 1338 1614 746 1227 
1669932844 1368 1598 660 1209 
1669932846 1352 1595 745 1224 
1669932848 1354 1638 738 1240 
1669932850 1368 1531 749 1253 
1669932852 1366 1639 733 1241 
1669932854 1387 1605 730 1147 
1669932856 1347 1603 723 1228 
1669932858 1377 1622 761 1238 
1669932860 1375 1616 746 1168 
1669932862 1373 1581 762 1239 
1669932864 1387 1602 760 1244 
1669932866 1286 1508 747 1218 
1669932868 1323 1584 743 1241 
1669932870 1336 1579 716 1222 
1669932872 1374 1628 753 1220 
1669932874 1380 1605 721 1208 
1669932876 1278 1514 749 1248 
1669932878 1371 1633 720 1269 
1669932880 1381 1528 741 1248 
1669932882 1377 1627 750 1171 
1669932884 1337 1523 745 1242 
1669932886 1345 1635 750 1229 
1669932888 1330 1515 719 1214 
1669932890 1258 1642 757 1234 
1669932892 1243 1581 721 1209 
1669932894 1319 1612 660 1249 
1669932896 1334 1645 759 1266 
1669932898 1356 1621 746 1240 
1669932900 1248 1630 653 1227 
1669932902 1310 1629 719 1235 
1669932904 1342 1606 753 1252 
1669932906 1355 1501 727 1256 
1669932908 1384 1500 650 1272 
1669932910 1378 1645 743 1229 
1669932912 1379 1626 742 1245 
1669932914 1383 1582 720 1224 
1669932916 1357 1594 752 1249 
1669932918 1345 1616 729 1254 
1669932920 1357 1517 740 1236 
1669932922 1322 1621 731 1196 
1669932924 1342 1517 717 1261 
1669932926 1364 1505 723 1229 
1669932928 1379 1621 718 1261 
1669932930 1390 1510 718 1267 
1669932932 1343 1547 718 1162 
1669932934 1275 1489 740 1248 
1669932936 1285 1608 726 1114 
1669932938 1353 1624 764 1127 
1669932940 1368 1624 756 1110 
1669932942 1373 1625 745 1210 
1669932944 1397 1594 743 1248 
1669932946 1358 1604 758 1174 
1669932948 1380 1499 711 1206 
1669932950 1384 1606 771 1260 
1669932952 1343 1481 746 1154 
1669932954 1250 1578 699 1203 
1669932956 1311 1587 651 1186 
1669932958 1266 1487 703 1223 
1669932960 1341 1503 698 1216 
1669932962 1284 1642 627 1245 
1669932964 1363 1634 734 1242 
1669932966 1380 1617 744 1232 
1669932968 1386 1637 741 1218 
1669932970 1366 1414 735 1132 
1669932972 1291 1499 747 1127 
1669932974 1357 1638 730 1137 
1669932976 1385 1537 716 1239 
1669932978 1344 1503 740 1255 
1669932980 1336 1493 737 1214 
1669932982 1379 1600 732 1250 
1669932984 1384 1584 670 1233 
1669932986 1384 1491 716 1252 
1669932988 1293 1451 708 1223 
1669932990 1357 1485 736 1259 
1669932992 1329 1501 728 1216 
1669932994 1247 1642 743 1120 
1669932996 1321 1590 570 1237 
1669932998 1302 1590 717 1267 
1669933000 1370 1488 745 1235 
1669933002 1385 1473 727 1253 
1669933004 1382 1606 567 1233 
1669933006 1274 1589 741 1208 
1669933008 1318 1508 632 1232 
1669933010 1370 1580 716 1283 
1669933012 1373 1591 641 1246 
1669933014 1387 1475 718 1231 
1669933016 1346 1628 723 1252 
1669933018 1289 1589 719 1221 
1669933020 1335 1512 720 1151 
1669933022 1366 1501 736 1234 
1669933024 1249 1481 721 1234 
1669933026 1346 1540 723 1257 
1669933028 1353 1496 740 1054 
1669933030 1334 1507 740 1204 
1669933032 1253 1614 691 1233 
1669933034 1353 1508 658 1243 
1669933036 1362 1513 742 1272 
1669933038 1370 1594 721 1246 
1669933040 1377 1515 705 1220 
1669933042 1352 1492 719 1200 
1669933044 1278 1563 724 1260 
1669933046 1174 1493 724 1265 
1669933048 1337 1599 713 1212 
1669933050 1370 1591 712 1217 
1669933052 1374 1507 632 1221 
1669933054 1369 1616 660 1233 
1669933056 1339 1608 726 1223 
1669933058 1346 1602 658 1243 
1669933060 1378 1629 642 1254 
1669933062 1275 1609 693 1235 
1669933064 1361 1499 728 1248 
1669933066 1293 1458 709 1209 
1669933068 1351 1593 734 1166 
1669933070 1356 1602 635 1237 
1669933072 1335 1492 749 1231 
1669933074 1369 1515 741 1209 
1669933076 1367 1580 728 1266 
1669933078 1366 1623 751 1221 
1669933080 1363 1520 720 1217 
1669933082 1337 1519 728 1135 
1669933084 1365 1607 710 1227 
1669933086 1357 1599 728 1236 
1669933088 1341 1618 727 1215 
1669933090 1334 1602 735 1239 
1669933092 1369 1509 718 1244 
1669933094 1287 1578 749 1223 
1669933096 1326 1513 711 1241 
1669933098 1378 1591 744 1205 
1669933100 1378 1611 646 1243 
1669933102 1341 1587 743 1228 
1669933104 1290 1629 731 1235 
1669933106 1359 1529 711 1231 
1669933108 1336 1637 736 1135 
1669933110 1363 1505 702 1114 
1669933112 1289 1591 741 1216 
1669933114 1337 1623 718 1210 
1669933116 1383 1615 729 1236 
1669933118 1369 1496 745 1263 
1669933120 1371 1593 733 1223 
1669933122 1361 1570 757 1196 
1669933124 1326 1468 751 1246 
1669933126 1342 1495 735 1253 
1669933128 1326 1512 624 1210 
1669933130 1330 1494 754 1236 
1669933132 1382 1640 723 1219 
1669933134 1370 1642 748 1250 
1669933136 1372 1641 729 1216 
1669933138 1407 1616 733 1150 
1669933140 1365 1610 745 1190 
1669933142 1337 1581 703 1231 
1669933144 1342 1613 733 1213 
1669933146 1363 1517 706 1249 
1669933148 1376 1532 737 1225 
1669933150 1338 1486 650 1240 
1669933152 1363 1576 716 1152 
1669933154 1354 1514 739 1173 
1669933156 1384 1601 731 1232 
1669933158 1364 1527 730 1242 
1669933160 1359 1619 732 1230 
1669933162 1255 1607 702 1236 
1669933164 1323 1625 740 1257 
1669933166 1352 1622 735 1247 
1669933168 1345 1626 723 1230 
1669933170 1357 1644 756 1237 
1669933172 1335 1617 714 1228 
1669933174 1376 1593 748 1252 
1669933176 1370 1591 741 1251 
1669933178 1353 1590 645 1230 
1669933180 1375 1583 706 1240 
1669933182 1336 1501 642 1247 
1669933184 1338 1490 751 1246 
1669933186 1359 1587 697 1196 
1669933188 1379 1590 744 1135 
1669933190 1354 1410 720 1236 
1669933192 1334 1604 717 1244 
1669933194 1253 1508 730 1267 
1669933196 1247 1625 711 1146 
1669933198 1343 1622 728 1249 
1669933200 1344 1522 644 1217 
1669933202 1335 1492 730 1239 
1669933204 1347 1570 722 1269 
1669933206 1373 1473 725 1254 
1669933208 1348 1506 722 1237 
1669933210 1369 1587 714 1227 
1669933212 1355 1609 728 1235 
1669933214 1368 1594 722 1234 
1669933216 1376 1528 559 1128 
1669933218 1367 1605 726 1109 
1669933220 1340 1495 736 1242 
1669933222 1360 1642 716 1214 
1669933224 1387 1618 719 1221 
1669933226 1371 1579 742 1154 
1669933228 1392 1589 634 1239 
1669933230 1377 1615 697 1249 
1669933232 1337 1601 709 1254 
1669933234 1284 1529 716 1234 
1669933236 1260 1632 718 1204 
1669933238 1357 1540 721 1259 
1669933240 1324 1516 717 1241 
1669933242 1332 1500 739 1228 
1669933244 1384 1569 743 1208 
1669933246 1270 1477 727 1200 
1669933248 1328 1418 634 1226 
1669933250 1326 1559 639 1212 
1669933252 1338 1515 722 1231 
1669933254 1261 1629 728 1162 
1669933256 1355 1602 721 1224 
1669933258 1246 1590 723 1255 
1669933260 1349 1516 650 1229 
1669933262 1367 1595 717 1226 
1669933264 1257 1571 623 1122 
1669933266 1333 1483 709 1219 
1669933268 1326 1630 739 1191 
1669933270 1355 1628 717 1237 
1669933272 1335 1526 732 1260 
1669933274 1372 1554 755 1218 
1669933276 1376 1493 722 1128 
1669933278 1357 1508 732 1201 
1669933280 1374 1608 655 1204 
1669933282 1270 1562 709 1205 
1669933284 1342 1513 706 1218 
1669933286 1287 1617 709 1244 
1669933288 1334 1496 620 1248 
1669933290 1335 1627 697 1239 
1669933292 1261 1490 734 1150 
1669933294 1325 1489 728 1203 
1669933296 1321 1571 731 1215 
1669933298 1322 1578 706 1155 
1669933300 1329 1570 715 1117 
1669933302 1337 1609 727 1218 
1669933304 1371 1528 628 1241 
1669933306 1263 1519 680 1115 
1669933308 1346 1589 717 1233 
1669933310 1370 1433 723 1250 
1669933312 1342 1580 725 1231 
1669933314 1368 1598 757 1241 
1669933316 1385 1591 739 1208 
1669933318 1348 1491 723 1244 
1669933320 1371 1623 739 1262 
1669933322 1362 1597 737 1251 
1669933324 1336 1476 643 1225 
1669933326 1371 1582 720 1244 
1669933328 1342 1630 726 1245 
1669933330 1364 1519 711 1204 
1669933332 1275 1556 731 1241 
1669933334 1339 1590 743 1243 
1669933336 1360 1456 737 1237 
1669933338 1372 1524 716 1221 
1669933340 1338 1517 732 1223 
1669933342 1368 1626 713 1203 
1669933344 1342 1511 701 1222 
1669933346 1366 1492 736 1221 
1669933348 1267 1497 628 1201 
1669933350 1340 1468 711 1213 
1669933352 1358 1522 748 1252 
1669933354 1361 1516 715 1135 
1669933356 1375 1618 710 1225 
1669933358 1346 1473 739 1239 
1669933360 1375 1517 642 1252 
1669933362 1337 1507 727 1241 
1669933364 1349 1512 655 1191 
1669933366 1381 1590 754 1243 
1669933368 1344 1525 642 1226 
1669933370 1263 1509 718 1248 
1669933372 1308 1604 741 1222 
1669933374 1365 1586 738 1240 
1669933376 1374 1604 730 1159 
1669933378 1368 1630 723 1198 
1669933380 1353 1514 717 1133 
1669933382 1336 1597 630 1215 
1669933384 1345 1491 627 1224 
1669933386 1338 1490 728 1217 
1669933388 1336 1492 729 1251 
1669933390 1348 1518 707 1206 
1669933392 1327 1619 698 1208 
1669933394 1331 1590 726 1206 
1669933396 1293 1594 727 1248 
1669933398 1283 1610 741 1233 
1669933400 1364 1637 725 1214 
1669933402 1341 1500 753 1139 
1669933404 1337 1636 752 1246 
1669933406 1370 1491 717 1205 
1669933408 1351 1577 719 1197 
1669933410 1352 1481 710 1252 
1669933412 1337 1497 689 1207 
1669933414 1372 1531 723 1129 
1669933416 1347 1593 698 1220 
1669933418 1353 1603 725 1214 
1669933420 1376 1584 641 1228 
1669933422 1339 1578 705 1223 
1669933424 1368 1495 713 1241 
1669933426 1376 1522 713 1202 
1669933428 1376 1629 742 1236 
1669933430 1337 1598 724 1156 
1669933432 1342 1614 746 1220 
1669933434 1355 1476 741 1126 
1669933436 1362 1487 730 1233 
1669933438 1376 1614 751 1226 
1669933440 1351 1519 705 1227 
1669933442 1365 1605 707 1212 
1669933444 1279 1501 699 1193 
1669933446 1317 1607 730 1113 
1669933448 1335 1501 738 1131 
1669933450 1256 1522 734 1239 
1669933452 1347 1569 721 1132 
1669933454 1340 1635 737 1231 
1669933456 1357 1580 744 1256 
1669933458 1352 1583 730 1126 
1669933460 1373 1591 736 1204 
1669933462 1358 1484 731 1226 
1669933464 1355 1465 727 1223 
1669933466 1371 1502 753 1211 
1669933468 1264 1506 730 1237 
1669933470 1351 1536 632 1207 
1669933472 1370 1652 695 1205 
1669933474 1378 1443 699 1229 
1669933476 1340 1590 708 1144 
1669933478 1353 1583 724 1190 
1669933480 1343 1596 737 1213 
1669933482 1330 1517 685 1219 
1669933484 1321 1596 703 1199 
1669933486 1346 1503 693 1200 
1669933488 1368 1638 710 1234 
1669933490 1360 1625 714 1218 
1669933492 1324 1614 727 1195 
1669933494 1354 1521 722 1038 
1669933496 1352 1532 656 1219 
1669933498 1366 1615 628 1248 
1669933500 1354 1514 711 1200 
1669933502 1342 1526 652 1228 
1669933504 1348 1517 689 1212 
1669933506 1352 1527 738 1229 
1669933508 1362 1494 710 1144 
1669933510 1375 1511 733 1213 
1669933512 1342 1465 686 1250 
1669933514 1374 1490 737 1263 
1669933516 1376 1596 706 1255 
1669933518 1386 1582 717 1237 
1669933520 1381 1603 639 1192 
1669933522 1388 1609 716 1246 
1669933524 1365 1482 716 1251 
1669933526 1331 1601 704 1267 
1669933528 1368 1605 636 1214 
1669933530 1279 1614 635 1223 
1669933532 1331 1501 726 1126 
1669933534 1272 1519 722 1233 
1669933536 1346 1619 638 1147 
1669933538 1366 1529 730 1225 
1669933540 1342 1598 728 1253 
1669933542 1376 1470 716 1264 
1669933544 1256 1518 709 1250 
1669933546 1316 1605 630 1223 
1669933548 1325 1627 717 1214 
1669933550 1326 1493 707 1237 
1669933552 1342 1635 726 1246 
1669933554 1360 1531 725 1234 
1669933556 1346 1516 705 1238 
1669933558 1343 1520 723 1196 
1669933560 1347 1522 733 1198 
1669933562 1368 1642 714 1140 
1669933564 1374 1616 717 1204 
1669933566 1362 1608 742 1237 
1669933568 1341 1588 716 1208 
1669933570 1338 1405 730 1236 
1669933572 1332 1564 622 1245 
1669933574 1350 1598 718 1257 
1669933576 1334 1593 708 1142 
1669933578 1358 1597 631 1113 
1669933580 1366 1490 744 1195 
1669933582 1372 1462 731 1241 
1669933584 1332 1618 715 1196 
1669933586 1252 1524 616 1218 
1669933588 1321 1609 705 1236 
1669933590 1258 1590 708 1243 
1669933592 1343 1592 695 1211 
1669933594 1330 1470 713 1203 
1669933596 1355 1581 695 1220 
1669933598 1374 1582 727 1212 
1669933600 1278 1518 735 1243 
1669933602 1347 1492 710 1252 
1669933604 1343 1588 734 1149 
1669933606 1355 1603 702 1242 
1669933608 1243 1466 706 1199 
1669933610 1328 1611 632 1113 
1669933612 1355 1580 736 1123 
1669933614 1322 1517 695 1195 
1669933616 1332 1511 715 1229 
1669933618 1362 1474 642 1223 
1669933620 1386 1530 739 1232 
1669933622 1282 1483 706 1237 
1669933624 1329 1609 726 1230 
1669933626 1336 1456 734 1247 
1669933628 1371 1582 715 1243 
1669933630 1349 1570 719 1194 
1669933632 1268 1503 717 1202 
1669933634 1343 1598 730 1039 
1669933636 1332 1427 724 1129 
1669933638 1358 1595 726 1209 
1669933640 1374 1629 697 1120 
1669933642 1376 1523 718 1228 
1669933644 1361 1531 727 1235 
1669933646 1372 1622 710 1214 
1669933648 1379 1574 723 1201 
1669933650 1376 1473 707 1217 
1669933652 1370 1488 613 1200 
1669933654 1378 1582 740 1258 
1669933656 1381 1475 721 1212 
1669933658 1379 1608 623 1223 
1669933660 1367 1515 687 1225 
1669933662 1378 1522 730 1231 
1669933664 1343 1584 643 1128 
1669933666 1270 1614 683 1203 
1669933668 1353 1613 743 1223 
1669933670 1343 1488 696 1124 
1669933672 1369 1598 736 1237 
1669933674 1367 1609 704 1208 
1669933676 1348 1512 715 1217 
1669933678 1330 1622 734 1224 
1669933680 1322 1442 741 1209 
1669933682 1373 1464 733 1200 
1669933684 1348 1504 725 1195 
1669933686 1334 1497 705 1226 
1669933688 1361 1571 702 1234 
1669933690 1377 1591 732 1219 
1669933692 1366 1608 722 1134 
1669933694 1261 1489 708 1189 
1669933696 1339 1530 679 1218 
1669933698 1349 1524 704 1216 
1669933700 1368 1536 727 1224 
1669933702 1267 1502 610 1192 
1669933704 1320 1542 722 1261 
1669933706 1332 1631 734 1211 
1669933708 1329 1517 710 1244 
1669933710 1357 1528 633 1203 
1669933712 1375 1502 731 1230 
1669933714 1349 1610 608 1214 
1669933716 1277 1511 726 1137 
1669933718 1346 1650 699 1217 
1669933720 1336 1515 720 1211 
1669933722 1357 1497 711 1200 
1669933724 1285 1404 699 1227 
1669933726 1335 1607 734 1146 
1669933728 1355 1499 727 1196 
1669933730 1338 1528 707 1202 
1669933732 1285 1557 715 1191 
1669933734 1362 1494 726 1225 
1669933736 1361 1571 715 1249 
1669933738 1369 1480 740 1132 
1669933740 1345 1626 701 1232 
1669933742 1338 1531 689 1235 
1669933744 1345 1611 687 1189 
1669933746 1328 1607 705 1210 
1669933748 1239 1586 712 1215 
1669933750 1343 1582 733 1210 
1669933752 1358 1499 730 1248 
1669933754 1366 1599 722 1233 
1669933756 1360 1629 714 1144 
1669933758 1375 1612 712 1223 
1669933760 1342 1632 706 1224 
1669933762 1367 1501 697 1238 
1669933764 1372 1424 699 1203 
1669933766 1372 1524 730 1107 
1669933768 1378 1385 723 1182 
1669933770 1185 1544 694 1224 
1669933772 1339 1584 715 1212 
1669933774 1343 1597 721 1231 
1669933776 1335 1511 711 1193 
1669933778 1261 1626 697 1206 
1669933780 1356 1641 704 1261 
1669933782 1350 1515 694 1219 
1669933784 1352 1618 747 1225 
1669933786 1348 1606 708 1218 
1669933788 1356 1508 715 1213 
1669933790 1367 1481 687 1195 
1669933792 1269 1592 612 1134 
1669933794 1246 1599 693 1219 
1669933796 1317 1615 686 1235 
1669933798 1322 1525 702 1263 
1669933800 1362 1529 696 1217 
1669933802 1364 1425 724 1146 
1669933804 1348 1610 735 1207 
1669933806 1365 1579 721 1212 
1669933808 1373 1606 711 1230 
1669933810 1192 1608 693 1187 
1669933812 1301 1603 691 1223 
1669933814 1362 1606 714 1239 
1669933816 1338 1598 625 1233 
1669933818 1366 1513 624 1243 
1669933820 1362 1418 726 1118 
1669933822 1379 1496 733 1213 
1669933824 1381 1493 726 1216 
1669933826 1387 1612 731 1135 
1669933828 1373 1582 634 1192 
1669933830 1383 1610 709 1189 
1669933832 1269 1570 710 1219 
1669933834 1348 1597 691 1227 
1669933836 1336 1623 734 1257 
1669933838 1259 1605 717 1207 
1669933840 1343 1576 685 1123 
1669933842 1335 1608 697 1220 
1669933844 1265 1606 727 1220 
1669933846 1243 1607 698 1226 
1669933848 1321 1512 735 1226 
1669933850 1349 1525 698 1124 
1669933852 1366 1614 716 1242 
1669933854 1183 1607 710 1254 
1669933856 1311 1611 695 1236 
1669933858 1372 1545 625 1242 
1669933860 1379 1501 676 1241 
1669933862 1380 1470 732 1137 
1669933864 1337 1407 713 1214 
1669933866 1347 1611 707 1128 
1669933868 1356 1499 700 1224 
1669933870 1377 1601 722 1117 
1669933872 1339 1500 636 1209 
1669933874 1369 1605 699 1228 
1669933876 1338 1607 683 1211 
1669933878 1354 1539 724 1236 
1669933880 1337 1632 635 1231 
1669933882 1364 1537 705 1206 
1669933884 1296 1485 704 1226 
1669933886 1346 1631 698 1183 
1669933888 1342 1321 677 1208 
1669933890 1355 1579 689 1235 
1669933892 1354 1621 708 1258 
1669933894 1373 1633 696 1142 
1669933896 1383 1606 728 1136 
1669933898 1382 1606 730 1096 
1669933900 1391 1503 679 1184 
1669933902 1267 1544 688 1125 
1669933904 1334 1313 711 1198 
1669933906 1251 1440 627 1185 
1669933908 1312 1498 725 1243 
1669933910 1321 1507 679 1205 
1669933912 1333 1582 616 1121 
1669933914 1352 1506 548 1192 
1669933916 1347 1472 692 1206 
1669933918 1341 1593 712 1101 
1669933920 1369 1506 694 1196 
1669933922 1385 1630 709 1229 
1669933924 1371 1515 620 1193 
1669933926 1346 1600 632 1221 
1669933928 1259 1495 723 1205 
1669933930 1338 1594 688 1184 
1669933932 1365 1589 711 1212 
1669933934 1258 1504 708 1134 
1669933936 1336 1493 711 1225 
1669933938 1332 1459 699 1204 
1669933940 1350 1633 684 1129 
1669933942 1362 1645 733 1184 
1669933944 1350 1534 731 1196 
1669933946 1371 1565 681 1207 
1669933948 1345 1562 632 1104 
1669933950 1275 1597 615 1193 
1669933952 1375 1529 723 1237 
1669933954 1358 1575 721 1192 
1669933956 1376 1618 647 1220 
1669933958 1272 1582 630 1247 
1669933960 1356 1487 706 1225 
1669933962 1345 1512 702 1132 
1669933964 1347 1420 632 1203 
1669933966 1346 1496 711 1209 
1669933968 1339 1590 729 1208 
1669933970 1381 1475 704 1240 
1669933972 1271 1573 689 1189 
1669933974 1344 1413 686 1105 
1669933976 1340 1579 724 1218 
1669933978 1336 1584 717 1219 
1669933980 1369 1619 712 1247 
1669933982 1351 1582 732 1254 
1669933984 1370 1512 704 1252 
1669933986 1271 1549 713 1245 
1669933988 1362 1403 714 1217 
1669933990 1354 1479 688 1218 
1669933992 1333 1615 722 1217 
1669933994 1364 1536 711 1215 
1669933996 1340 1538 714 1215 
1669933998 1331 1496 648 1201 
1669934000 1361 1619 630 1246 
1669934002 1375 1595 681 1232 
1669934004 1341 1605 692 1212 
1669934006 1357 1613 718 1251 
1669934008 1371 1616 736 1230 
1669934010 1369 1499 703 1126 
1669934012 1372 1634 698 1239 
1669934014 1377 1596 730 1213 
1669934016 1372 1496 695 1238 
1669934018 1291 1603 612 1199 
1669934020 1352 1631 687 1213 
1669934022 1370 1546 632 1218 
1669934024 1379 1603 729 1242 
1669934026 1267 1594 688 1188 
1669934028 1329 1511 733 1185 
1669934030 1343 1593 678 1218 
1669934032 1261 1572 691 1197 
1669934034 1311 1582 711 1232 
1669934036 1262 1594 676 1225 
1669934038 1315 1590 731 1233 
1669934040 1338 1409 707 1204 
1669934042 1373 1590 706 1214 
1669934044 1269 1510 702 1252 
1669934046 1337 1603 674 1140 
1669934048 1368 1611 693 1215 
1669934050 1374 1607 704 1206 
1669934052 1273 1478 709 1204 
1669934054 1323 1516 627 1226 
1669934056 1357 1609 710 1129 
1669934058 1330 1632 724 1026 
1669934060 1267 1497 614 1178 
1669934062 1326 1637 699 1191 
1669934064 1254 1488 686 1230 
1669934066 1262 1633 704 1252 
1669934068 1234 1497 709 1206 
1669934070 1324 1624 683 1193 
1669934072 1369 1529 683 1238 
1669934074 1375 1488 701 1126 
1669934076 1351 1480 702 1189 
1669934078 1366 1591 684 1206 
1669934080 1359 1624 709 1122 
1669934082 1252 1513 691 1210 
1669934084 1247 1614 699 1205 
1669934086 1344 1599 685 1190 
1669934088 1335 1499 714 1196 
1669934090 1323 1588 695 1214 
1669934092 1264 1596 698 1031 
1669934094 1308 1470 697 1172 
1669934096 1350 1525 618 1202 
1669934098 1340 1572 700 1240 
1669934100 1381 1612 725 1225 
1669934102 1366 1531 614 1135 
1669934104 1368 1504 733 1210 
1669934106 1361 1517 615 1218 
1669934108 1349 1612 696 1148 
1669934110 1254 1414 705 1214 
1669934112 1353 1574 736 1214 
1669934114 1366 1608 724 1224 
1669934116 1274 1507 712 1205 
1669934118 1313 1633 726 1252 
1669934120 1260 1435 685 1199 
1669934122 1352 1599 719 1240 
1669934124 1348 1506 723 1211 
1669934126 1358 1639 702 1248 
1669934128 1252 1619 692 1236 
1669934130 1324 1596 608 1133 
1669934132 1338 1528 670 1239 
1669934134 1331 1618 709 1222 
1669934136 1362 1524 701 1216 
1669934138 1334 1486 704 1132 
1669934140 1330 1574 716 1196 
1669934142 1353 1510 612 1113 
1669934144 1352 1589 713 1214 
1669934146 1338 1608 675 1206 
1669934148 1371 1619 714 1107 
1669934150 1343 1614 710 1196 
1669934152 1368 1637 723 1205 
1669934154 1329 1583 697 1207 
1669934156 1355 1482 640 1251 
1669934158 1380 1493 707 1243 
1669934160 1335 1582 720 1224 
1669934162 1374 1507 685 1216 
1669934164 1343 1605 717 1215 
1669934166 1368 1523 686 1110 
1669934168 1362 1605 699 1222 
1669934170 1355 1586 614 1234 
1669934172 1341 1593 711 1125 
1669934174 1370 1495 707 1197 
1669934176 1372 1471 702 1217 
1669934178 1336 1484 733 1208 
1669934180 1333 1605 700 1217 
1669934182 1343 1602 690 1219 
1669934184 1329 1631 716 1244 
1669934186 1357 1607 682 1248 
1669934188 1297 1607 695 1239 
1669934190 1324 1522 696 1223 
1669934192 1342 1504 691 1234 
1669934194 1369 1576 702 1257 
1669934196 1367 1568 702 1211 
1669934198 1254 1476 711 1102 
1669934200 1365 1606 725 1193 
1669934202 1362 1560 721 1224 
1669934204 1343 1503 719 1243 
1669934206 1353 1539 623 1223 
1669934208 1256 1603 695 1208 
1669934210 1244 1571 681 1221 
1669934212 1308 1518 684 1207 
1669934214 1363 1569 626 1208 
1669934216 1338 1414 616 1107 
1669934218 1322 1576 624 1210 
1669934220 1247 1605 677 1241 
1669934222 1323 1514 699 1239 
1669934224 1361 1623 691 1226 
1669934226 1262 1620 731 1241 
1669934228 1317 1579 728 1257 
1669934230 1338 1469 683 1211 
1669934232 1362 1613 696 1115 
1669934234 1377 1598 713 1206 
1669934236 1188 1486 679 1218 
1669934238 1332 1534 730 1103 
1669934240 1360 1640 697 1228 
1669934242 1323 1619 722 1248 
1669934244 1362 1613 615 1108 
1669934246 1263 1584 691 1200 
1669934248 1347 1524 709 1198 
1669934250 1250 1634 725 1211 
1669934252 1352 1635 698 1206 
1669934254 1348 1616 722 1130 
1669934256 1296 1578 721 1232 
1669934258 1235 1585 690 1098 
1669934260 1349 1466 693 1195 
1669934262 1320 1599 689 1202 
1669934264 1356 1617 709 1206 
1669934266 1261 1588 691 1222 
1669934268 1326 1600 700 1202 
1669934270 1260 1495 693 1197 
1669934272 1319 1529 702 1231 
1669934274 1354 1492 673 1197 
1669934276 1323 1573 692 1227 
1669934278 1367 1495 694 1250 
1669934280 1343 1617 678 1210 
1669934282 1372 1507 679 1222 
1669934284 1355 1506 710 1218 
1669934286 1332 1639 700 1198 
1669934288 1327 1637 696 1218 
1669934290 1253 1523 698 1243 
1669934292 1340 1599 676 1249 
1669934294 1365 1618 727 1239 
1669934296 1325 1617 717 1201 
1669934298 1354 1587 693 1242 
1669934300 1349 1508 727 1229 
1669934302 1351 1589 695 1251 
1669934304 1352 1641 690 1223 
1669934306 1362 1633 690 1229 
1669934308 1325 1614 597 1217 
1669934310 1349 1621 688 1217 
1669934312 1339 1615 682 1224 
1669934314 1376 1627 727 1214 
1669934316 1371 1617 716 1245 
1669934318 1342 1639 706 1207 
1669934320 1333 1640 718 1223 
1669934322 1352 1544 684 1240 
1669934324 1371 1481 710 1206 
1669934326 1379 1488 690 1245 
1669934328 1361 1579 710 1120 
1669934330 1333 1619 688 1108 
1669934332 1354 1616 539 1197 
1669934334 1358 1579 676 1201 
1669934336 1342 1633 683 1228 
1669934338 1364 1524 723 1131 
1669934340 1344 1598 695 1177 
1669934342 1370 1595 715 1191 
1669934344 1341 1607 701 1223 
1669934346 1360 1496 704 1206 
1669934348 1373 1606 699 1198 
1669934350 1362 1517 678 1120 
1669934352 1359 1624 685 1218 
1669934354 1337 1611 710 1224 
1669934356 1369 1590 694 1225 
1669934358 1366 1497 687 1227 
1669934360 1375 1548 700 1111 
1669934362 1394 1509 716 1227 
1669934364 1327 1590 696 1195 
1669934366 1336 1605 685 1205 
1669934368 1388 1619 627 1244 
1669934370 1403 1516 709 1231 
1669934372 1323 1573 704 1118 
1669934374 1283 1477 608 1212 
1669934376 1235 1485 684 1202 
1669934378 1302 1511 685 1207 
1669934380 1335 1625 712 1182 
1669934382 1384 1534 726 1227 
1669934384 1372 1501 670 1149 
1669934386 1377 1426 702 1217 
1669934388 1272 1470 692 1035 
1669934390 1347 1585 700 1189 
1669934392 1327 1588 689 1187 
1669934394 1315 1565 709 1233 
1669934396 1351 1602 716 1255 
1669934398 1368 1626 703 1228 
1669934400 1329 1477 674 1129 
1669934402 1361 1513 713 1205 
1669934404 1364 1435 673 1243 
1669934406 1340 1487 711 1231 
1669934408 1351 1577 616 1130 
1669934410 1365 1626 674 1227 
1669934412 1345 1585 702 1134 
1669934414 1266 1587 687 1173 
1669934416 1357 1482 628 1223 
1669934418 1341 1494 680 1220 
1669934420 1340 1500 693 1209 
1669934422 1365 1516 706 1205 
1669934424 1372 1624 695 1234 
1669934426 1368 1597 681 1217 
1669934428 1348 1400 711 1195 
1669934430 1372 1608 701 1223 
1669934432 1365 1588 678 1102 
1669934434 1356 1602 690 1093 
1669934436 1349 1592 698 1203 
1669934438 1363 1619 694 1147 
1669934440 1365 1518 693 1183 
1669934442 1370 1495 684 1203 
1669934444 1353 1599 704 1126 
1669934446 1354 1632 736 1196 
1669934448 1369 1527 699 1200 
1669934450 1362 1536 706 1219 
1669934452 1371 1588 600 1209 
1669934454 1360 1617 682 1245 
1669934456 1361 1481 688 1251 
1669934458 1335 1525 694 1212 
1669934460 1345 1601 687 1230 
1669934462 1363 1613 684 1224 
1669934464 1342 1593 613 1213 
1669934466 1326 1475 694 1234 
1669934468 1359 1506 689 1209 
1669934470 1338 1511 695 1228 
1669934472 1579 1567 794 1365 
1669934474 1220 1936 834 1086 
1669934476 1090 2016 666 1037 
1669934478 1252 1833 706 1213 
1669934480 1064 1623 674 938 
1669934482 1629 1469 706 1413 
1669934484 1395 1476 724 1231 
1669934486 1372 1526 695 1222 
1669934488 1358 1577 720 1248 
1669934490 1381 1515 689 1210 
1669934492 1407 1588 673 1234 
1669934494 961 2180 615 808 
1669934496 1173 1582 705 1200 
1669934498 1370 1818 683 1236 
1669934500 1262 1240 663 1226 
1669934502 1541 1336 715 1367 
1669934504 1427 1480 688 1231 
1669934506 1383 1618 719 1233 
1669934508 1363 1617 722 1200 
1669934510 1336 1640 691 1212 
1669934512 1336 1607 683 1223 
1669934514 1327 1616 718 1229 
1669934516 1337 1587 675 1242 
1669934518 1259 1569 675 1187 
1669934520 1343 1589 722 1221 
1669934522 1326 1524 720 1118 
1669934524 1315 1533 687 1199 
1669934526 1336 1639 695 1226 
1669934528 1368 1447 715 1183 
1669934530 1333 1495 708 1211 
1669934532 1353 1569 726 1234 
1669934534 1356 1513 714 1256 
1669934536 1258 1625 712 1218 
1669934538 1346 1627 708 1212 
1669934540 1347 1516 704 1207 
1669934542 1354 1513 707 1201 
1669934544 1353 1589 699 1182 
1669934546 1374 1616 613 1177 
1669934548 1354 1500 700 1231 
1669934550 1364 1527 694 1204 
1669934552 1384 1530 711 1226 
1669934554 1332 1629 708 1237 
1669934556 1324 1496 696 1200 
1669934558 1175 1561 676 1204 
1669934560 1342 1522 714 1217 
1669934562 1359 1481 704 1120 
1669934564 1355 1583 706 1218 
1669934566 1370 1618 722 1236 
1669934568 1368 1523 681 1204 
1669934570 1368 1508 675 1210 
1669934572 1369 1504 708 1229 
1669934574 1376 1620 606 1211 
1669934576 1334 1605 719 1190 
1669934578 1353 1470 717 1235 
1669934580 1331 1590 700 1134 
1669934582 1261 1574 690 1119 
1669934584 1349 1591 716 1222 
1669934586 1336 1500 683 1180 
1669934588 1292 1590 682 1233 
1669934590 1344 1410 706 1142 
1669934592 1240 1458 704 1208 
1669934594 1310 1525 693 1214 
1669934596 1264 1525 698 1246 
1669934598 1254 1588 691 1113 
1669934600 1347 1516 713 1180 
1669934602 1380 1596 715 1233 
1669934604 1366 1472 725 1240 
1669934606 1274 1515 703 1231 
1669934608 1354 1607 697 1217 
1669934610 1366 1513 606 1241 
1669934612 1362 1591 707 1208 
1669934614 1330 1603 715 1231 
1669934616 1361 1475 672 1204 
1669934618 1290 1528 691 1192 
1669934620 1341 1604 695 1193 
1669934622 1353 1588 682 1223 
1669934624 1352 1496 598 1104 
1669934626 1354 1585 606 1190 
1669934628 1283 1594 714 1205 
1669934630 1357 1611 714 1219 
1669934632 1354 1633 721 1190 
1669934634 1286 1628 699 1218 
1669934636 1318 1580 692 1212 
1669934638 1336 1621 697 1195 
1669934640 1360 1642 633 1221 
1669934642 1375 1608 715 1225 
1669934644 1353 1611 698 1145 
1669934646 1342 1324 680 1219 
1669934648 1337 1573 694 1206 
1669934650 1327 1607 722 1253 
1669934652 1362 1525 681 1203 
1669934654 1365 1592 621 1218 
1669934656 1354 1525 708 1231 
1669934658 1335 1619 685 1202 
1669934660 1257 1498 720 1203 
1669934662 1338 1465 678 1241 
1669934664 1329 1509 710 1199 
1669934666 1366 1533 708 1232 
1669934668 1345 1597 711 1220 
1669934670 1374 1636 724 1117 
1669934672 1364 1493 701 1209 
1669934674 1363 1622 714 1245 
1669934676 1334 1532 720 1252 
1669934678 1327 1496 688 1240 
1669934680 1364 1573 713 1218 
1669934682 1246 1506 674 1241 
1669934684 1311 1584 699 1230 
1669934686 1279 1462 590 1221 
1669934688 1353 1584 706 1138 
1669934690 1350 1416 714 1205 
1669934692 1333 1500 723 1196 
1669934694 1371 1458 733 1184 
1669934696 1338 1408 705 1118 
1669934698 1342 1482 706 1115 
1669934700 1362 1521 680 1217 
1669934702 1346 1400 691 1234 
1669934704 1363 1589 701 1195 
1669934706 1266 1620 534 1114 
1669934708 1296 1608 710 1177 
1669934710 1365 1589 694 1245 
1669934712 1261 1599 677 1231 
1669934714 1327 1606 693 1235 
1669934716 1321 1515 699 1244 
1669934718 1331 1588 670 1120 
1669934720 1375 1582 594 1111 
1669934722 1381 1595 729 1190 
1669934724 1371 1500 624 1229 
1669934726 1375 1620 732 1206 
1669934728 1367 1625 674 1234 
1669934730 1332 1494 689 1197 
1669934732 1339 1615 678 1106 
1669934734 1338 1629 682 1189 
1669934736 1357 1501 714 1106 
1669934738 1365 1508 695 1197 
1669934740 1322 1428 683 1185 
1669934742 1354 1474 736 1224 
1669934744 1369 1566 717 1227 
1669934746 1363 1515 615 1186 
1669934748 1331 1612 692 1195 
1669934750 1358 1537 687 1201 
1669934752 1351 1573 614 1237 
1669934754 1327 1606 713 1202 
1669934756 1343 1580 625 1228 
1669934758 1333 1574 662 1203 
1669934760 1353 1580 700 1206 
1669934762 1283 1478 711 1186 
1669934764 1345 1522 721 1232 
1669934766 1325 1583 714 1208 
1669934768 1366 1398 698 1123 
1669934770 1333 1558 697 1111 
1669934772 1258 1592 603 1163 
1669934774 1303 1584 624 1196 
1669934776 1348 1611 687 1194 
1669934778 1275 1577 674 1220 
1669934780 1338 1590 679 1231 
1669934782 1357 1497 698 1129 
1669934784 1351 1628 722 1199 
1669934786 1363 1620 720 1236 
1669934788 1372 1514 728 1234 
1669934790 1369 1598 724 1241 
1669934792 1348 1619 691 1228 
1669934794 1352 1605 612 1116 
1669934796 1245 1574 694 1194 
1669934798 1241 1591 678 1193 
1669934800 1301 1517 702 1241 
1669934802 1360 1401 685 1238 
1669934804 1368 1612 690 1208 
1669934806 1375 1583 700 1109 
1669934808 1352 1505 699 1210 
1669934810 1338 1412 526 1103 
1669934812 1322 1606 683 1223 
1669934814 1340 1620 722 1217 
1669934816 1352 1599 697 1214 
1669934818 1334 1455 665 1218 
1669934820 1351 1584 717 1187 
1669934822 1365 1618 622 1209 
1669934824 1367 1608 710 1226 
1669934826 1372 1490 619 1228 
1669934828 1286 1390 700 1201 
1669934830 1353 1591 708 1207 
1669934832 1343 1514 623 1185 
1669934834 1334 1631 669 1223 
1669934836 1354 1507 690 1239 
1669934838 1337 1544 719 1223 
1669934840 1261 1468 711 1190 
1669934842 1321 1627 690 1240 
1669934844 1338 1615 697 1235 
1669934846 1337 1621 692 1219 
1669934848 1331 1587 690 1241 
1669934850 1334 1619 686 1118 
1669934852 1241 1609 692 1200 
1669934854 1357 1630 692 1238 
1669934856 1329 1502 712 1244 
1669934858 1333 1626 686 1133 
1669934860 1359 1537 706 1233 
1669934862 1338 1534 719 1229 
1669934864 1329 1556 683 1208 
1669934866 1338 1512 695 1196 
1669934868 1362 1606 696 1121 
1669934870 1371 1412 718 1225 
1669934872 1333 1490 704 1130 
1669934874 1346 1643 687 1200 
1669934876 1284 1634 716 1226 
1669934878 1364 1492 685 1189 
1669934880 1329 1526 680 1243 
1669934882 1323 1525 677 1195 
1669934884 1350 1622 684 1216 
1669934886 1245 1477 681 1195 
1669934888 1242 1585 682 1136 
1669934890 1314 1528 704 1218 
1669934892 1242 1636 723 1214 
1669934894 1342 1506 723 1207 
1669934896 1361 1497 698 1222 
1669934898 1268 1499 675 1217 
1669934900 1361 1615 676 1111 
1669934902 1340 1602 696 1235 
1669934904 1322 1398 679 1193 
1669934906 1315 1438 617 1200 
1669934908 1323 1455 604 1221 
1669934910 1322 1516 661 1219 
1669934912 1348 1602 709 1191 
1669934914 1363 1634 723 1227 
1669934916 1343 1472 685 1205 
1669934918 1259 1598 617 1223 
1669934920 1356 1483 707 1242 
1669934922 1310 356 721 1464 
1669934924 1409 1245 654 1193 
1669934926 515 1433 479 623 
1669934928 2315 1733 737 1702 
1669934930 1654 2005 680 1207 
1669934932 1340 593 649 1205 
1669934934 1858 1790 856 1544 
1669934936 1653 1535 757 1295 
1669934938 1289 1401 637 1145 
1669934940 1129 1111 628 1079 
1669934942 1387 1191 664 1216 
1669934944 1246 1377 745 1176 
1669934946 1615 1779 760 1200 
1669934948 1333 1526 656 1180 
1669934950 952 1267 575 961 
1669934952 1342 935 654 1245 
1669934954 1883 2317 719 1401 
1669934956 1411 1825 639 1142 
1669934958 1254 1291 555 1117 
1669934960 1112 981 582 1116 
1669934962 778 843 543 867 
1669934964 920 1041 547 992 
1669934966 1393 1630 701 1196 
1669934968 1442 1790 722 1133 
1669934970 1603 1966 760 1307 
1669934972 1293 1340 594 1202 
1669934974 1752 1768 827 1483 
1669934976 1334 863 639 1168 
1669934978 1081 1510 707 1114 
1669934980 1392 1626 744 1149 
1669934982 1425 1673 684 1203 
1669934984 1384 1670 722 1224 
1669934986 1181 1175 662 1080 
1669934988 1391 1603 670 1105 
1669934990 1403 1513 682 1220 
1669934992 1294 1566 728 1255 
1669934994 1319 1771 621 1182 
1669934996 1546 1781 799 1363 
1669934998 1494 1883 694 1181 
1669935000 1395 1514 683 1222 
1669935002 1354 1403 680 1222 
1669935004 1387 1645 686 1256 
1669935006 1291 1464 590 1201 
1669935008 1350 1387 681 1166 
1669935010 1392 1402 707 1142 
1669935012 1426 1493 710 1157 
1669935014 1402 1416 732 1284 
1669935016 1431 1673 730 1174 
1669935018 1404 1573 699 1246 
1669935020 1449 1739 772 1184 
1669935022 1385 1723 716 1214 
1669935024 1280 1363 673 1247 
1669935026 1348 1579 697 1190 
1669935028 1367 1466 693 1204 
1669935030 1442 1663 779 1287 
1669935032 1312 1378 691 1203 
1669935034 1376 1604 650 1229 
1669935036 1442 1500 743 1306 
1669935038 1317 1493 649 1176 
1669935040 1382 1612 718 1217 
1669935042 1111 784 635 988 
1669935044 1701 1364 843 1408 
1669935046 1403 1449 710 1171 
1669935048 1356 1745 710 1081 
1669935050 1443 1822 687 1229 
1669935052 961 1521 622 1024 
1669935054 1306 1520 768 1222 
1669935056 1386 1335 649 1232 
1669935058 1802 1657 972 1522 
1669935060 1586 1522 794 1365 
1669935062 518 3113 478 585 
1669935064 2148 1957 969 1632 
1669935066 2602 1366 1318 2255 
1669935068 553 932 693 720 
1669935070 1005 3404 552 705 
1669935072 1586 3268 607 1306 
1669935074 894 1777 643 956 
1669935076 1273 2532 493 972 
1669935078 1081 1662 705 1067 
1669935080 1166 2485 712 1016 
1669935082 1367 399 476 1311 
1669935084 2093 3604 1456 632 
1669935086 499 359 479 721 
1669935088 2230 3566 1542 1832 
1669935090 2090 413 1204 1671 
1669935092 1735 2316 793 1546 
1669935094 736 2087 524 623 
1669935096 3035 2283 2201 2028 
1669935098 1906 1967 804 1515 
1669935100 2225 2766 695 1574 
1669935102 1895 2595 681 1288 
1669935104 1654 2281 724 1342 
1669935106 1381 2294 688 1181 
1669935108 1414 2072 704 1291 
1669935110 1456 1890 614 1257 
1669935112 1390 1755 666 1261 
1669935114 1501 1928 721 1297 
1669935116 1455 1749 653 1258 
1669935118 1508 1987 712 1318 
1669935120 1213 1218 804 941 
1669935122 848 1300 674 1066 
1669935124 1624 2851 727 1188 
1669935126 1329 724 670 1344 
1669935128 957 1121 737 1015 
1669935130 1371 2196 743 1250 
1669935132 1226 1734 713 1179 
1669935134 1291 1859 734 1119 
1669935136 1290 1917 679 1190 
1669935138 1371 1640 616 1226 
1669935140 1335 1830 681 1210 
1669935142 1330 1864 711 1190 
1669935144 1317 1641 697 1207 
1669935146 1312 1760 650 1215 
1669935148 1326 1778 702 1120 
1669935150 1414 2229 703 1195 
1669935152 1423 2273 668 1396 
1669935154 501 536 429 603 
1669935156 558 528 649 948 
1669935158 1443 754 589 1462 
1669935160 1286 1487 700 1159 
1669935162 1872 1752 812 1699 
1669935164 852 2415 616 518 
1669935166 1559 2948 764 1357 
1669935168 1521 2379 647 1275 
1669935170 1405 1834 714 1161 
1669935172 1365 1727 666 1167 
1669935174 1393 1717 695 1241 
1669935176 1451 1642 705 1279 
1669935178 1331 1631 696 1239 
1669935180 1362 1653 692 1245 
1669935182 1327 1513 682 1206 
1669935184 1446 1776 782 1235 
1669935186 1061 1439 556 965 
1669935188 1243 411 685 1186 
1669935190 1406 1789 656 1270 
1669935192 1375 1101 714 1340 
1669935194 1359 1155 717 1300 
1669935196 1314 1453 651 1176 
1669935198 1216 1826 651 1061 
1669935200 1743 2388 840 1226 
1669935202 1436 2063 713 1182 
1669935204 1531 1705 764 1267 
1669935206 1830 1934 1084 1529 
1669935208 3533 3464 3111 3208 
1669935210 1465 400 948 1529 
1669935212 2818 3578 2894 2898 
1669935214 721 3582 746 504 
1669935216 1946 400 1069 1344 
1669935218 2104 3501 1235 1801 
1669935220 1148 2972 720 1125 
1669935222 3554 3519 3459 3369 
1669935224 1460 2413 739 1064 
1669935226 1297 2273 734 1225 
1669935228 1267 1975 719 1121 
1669935230 950 1502 658 1043 
1669935232 1344 1925 745 1222 
1669935234 1177 1712 660 1100 
1669935236 1158 1781 735 1127 
1669935238 1289 1842 750 1210 
1669935240 1284 1746 713 1197 
1669935242 1378 1699 720 1273 
1669935244 1476 1384 816 1197 
1669935246 1099 1494 511 1035 
1669935248 1243 1556 607 1140 
1669935250 1185 1694 735 1195 
1669935252 1458 1843 779 1299 
1669935254 1382 1687 668 1265 
1669935256 1364 1511 678 1230 
1669935258 1335 1670 684 1239 
1669935260 1316 1628 643 1129 
1669935262 1426 1789 726 1269 
1669935264 1577 2062 781 1242 
1669935266 1093 1220 755 1218 
1669935268 1449 1824 736 1249 
1669935270 1251 1569 673 1172 
1669935272 1214 1520 644 1128 
1669935274 1380 1793 693 1253 
1669935276 1205 1336 666 1054 
1669935278 1296 1894 757 1208 
1669935280 1344 1695 685 1127 
1669935282 1538 1990 720 1212 
1669935284 1442 1916 686 1216 
1669935286 737 488 593 1204 
1669935288 1302 1359 693 1023 
1669935290 2046 3628 939 1290 
1669935292 917 2121 603 965 
1669935294 1862 3508 881 1415 
1669935296 1603 2538 705 936 
1669935298 1278 1943 790 921 
1669935300 1512 2393 779 1065 
1669935302 1228 2122 675 1024 
1669935304 1533 2078 773 1284 
1669935306 1251 1936 723 1102 
1669935308 1130 1105 671 1169 
1669935310 1838 3318 870 1173 
1669935312 1568 2211 764 1371 
1669935314 1351 1691 644 1288 
1669935316 1315 1640 687 1217 
1669935318 1463 1566 707 1247 
1669935320 1299 1111 655 1273 
1669935322 1044 1829 747 1177 
1669935324 1316 1342 664 1268 
1669935326 1241 1817 612 1127 
1669935328 1248 1962 667 1174 
1669935330 1370 1737 705 1194 
1669935332 1102 676 692 1330 
1669935334 1316 1417 772 1225 
1669935336 1540 2291 718 1110 
1669935338 1155 2421 667 1488 
1669935340 1488 2896 649 1053 
1669935342 1487 2089 642 1011 
1669935344 1882 3175 840 1023 
1669935346 1664 2713 790 824 
1669935348 1606 2474 880 1133 
1669935350 1480 2789 728 1066 
1669935352 1663 1486 684 1391 
1669935354 2169 1814 846 1536 
1669935356 979 667 644 1146 
1669935358 1969 2906 852 898 
1669935360 889 560 469 1017 
1669935362 1192 1054 570 1300 
1669935364 1451 1736 673 1270 
1669935366 1379 1694 661 1151 
1669935368 1397 1624 674 1202 
1669935370 1112 477 652 1290 
1669935372 1504 2052 746 1211 
1669935374 1432 2098 696 1108 
1669935376 1433 1859 736 1143 
1669935378 1444 1561 654 1240 
1669935380 1444 1495 681 1227 
1669935382 1354 1258 638 1207 
1669935384 1393 1679 670 1219 
1669935386 1411 1501 620 1249 
1669935388 1409 1529 686 1220 
1669935390 1265 1529 674 1134 
1669935392 1340 1578 690 1133 
1669935394 1391 1470 691 1157 
1669935396 1301 1523 679 1122 
1669935398 1474 1659 698 1159 
1669935400 1444 1755 693 1306 
1669935402 1395 1698 673 1215 
1669935404 1321 1560 613 1098 
1669935406 1364 1520 712 1245 
1669935408 1447 1630 640 1256 
1669935410 1392 1566 747 1236 
1669935412 1486 1641 745 1268 
1669935414 1216 1559 550 1188 
1669935416 1247 1304 615 1147 
1669935418 1376 1524 684 1236 
1669935420 1329 1392 674 1227 
1669935422 1272 1174 663 1156 
1669935424 1370 1431 685 1177 
1669935426 1297 1454 711 1149 
1669935428 1363 1577 698 1226 
1669935430 1307 1622 685 1153 
1669935432 1296 1418 730 1124 
1669935434 1688 2420 717 1323 
1669935436 1581 2369 743 1407 
1669935438 1228 1403 669 1176 
1669935440 1501 1647 696 1261 
1669935442 1521 1719 700 1309 
1669935444 1370 1377 665 1234 
1669935446 1380 1461 690 1209 
1669935448 1515 1618 717 1329 
1669935450 1584 1716 756 1293 
1669935452 1651 1766 742 1382 
1669935454 1369 1335 655 1168 
1669935456 1164 985 592 1181 
1669935458 1309 1780 683 1140 
1669935460 1226 1552 695 1179 
1669935462 1397 1633 709 1265 
1669935464 1383 1778 684 1228 
1669935466 1378 1693 694 1197 
1669935468 1381 1691 683 1235 
1669935470 1326 1483 693 1145 
1669935472 1305 1360 684 1248 
1669935474 1523 2702 749 1035 
1669935476 1349 1719 738 1188 
1669935478 1191 1178 683 1199 
1669935480 1381 1466 634 1285 
1669935482 1309 1166 723 1275 
1669935484 931 1585 529 837 
1669935486 362 308 363 1597 
1669935488 3030 3269 1659 774 
1669935490 1749 1102 710 1306 
1669935492 2149 3308 889 746 
1669935494 1566 2120 719 1056 
1669935496 1085 1066 631 1134 
1669935498 1463 1757 719 1175 
1669935500 1404 1470 658 1131 
1669935502 1230 906 557 1137 
1669935504 1331 1519 657 1153 
1669935506 3348 2792 2212 2031 
1669935508 2665 3569 1368 1461 
1669935510 923 2106 893 820 
1669935512 2159 3294 940 1522 
1669935514 1343 2454 774 1172 
1669935516 1409 2732 726 1277 
1669935518 1128 2009 618 1292 
1669935520 1120 1326 681 1305 
1669935522 943 1518 651 1160 
1669935524 1681 1748 1079 1437 
1669935526 1178 1535 893 1059 
1669935528 634 836 530 571 
1669935530 869 973 788 1348 
1669935532 2907 3368 1340 2211 
1669935534 1543 2978 515 787 
1669935536 1037 772 706 1069 
1669935538 939 1564 509 1011 
1669935540 1717 2320 793 1434 
1669935542 1422 2643 834 1257 
1669935544 1617 2054 628 1408 
1669935546 1382 1635 605 1237 
1669935548 1339 1142 599 1214 
1669935550 1347 1191 603 1111 
1669935552 813 1565 615 868 
1669935554 1571 1962 752 1363 
1669935556 1090 1352 597 1047 
1669935558 1252 2035 684 1146 
1669935560 1635 2149 737 1293 
1669935562 1090 1022 579 1062 
1669935564 1271 1753 687 1119 
1669935566 1381 2024 785 1272 
1669935568 1127 1090 585 1146 
1669935570 1519 2847 701 1159 
1669935572 1057 1374 628 1079 
1669935574 1304 1300 670 1241 
1669935576 1104 1478 647 950 
1669935578 1297 2139 735 1078 
1669935580 1177 888 500 1113 
1669935582 1296 1751 690 1189 
1669935584 1302 1700 671 1121 
1669935586 985 2992 748 959 
1669935588 953 2230 600 958 
1669935590 1441 1894 773 1347 
1669935592 1359 1834 695 1249 
1669935594 1316 1004 657 1225 
1669935596 1534 1759 766 1279 
1669935598 1305 1795 664 1053 
