1669935602 1418 1758 738 1193 
1669935605 1500 1752 706 1295 
1669935607 1363 1347 682 1166 
1669935609 1272 1537 689 1113 
1669935611 1583 1929 779 1374 
1669935613 1506 1844 710 1276 
1669935615 1514 637 664 1243 
1669935617 2461 3591 1176 1726 
1669935619 825 922 497 1007 
1669935621 1813 2344 717 1476 
1669935623 751 617 667 895 
1669935625 2554 2511 1347 2247 
1669935627 501 491 470 653 
1669935629 894 767 644 947 
1669935631 1048 1169 675 971 
1669935633 1287 1358 681 980 
1669935635 1389 1354 693 1188 
1669935637 1642 1387 704 1392 
1669935639 1852 1998 977 1500 
1669935641 3378 3601 2035 2148 
1669935643 959 1359 808 883 
1669935645 564 657 543 1182 
1669935647 3581 291 2335 2706 
1669935649 1320 1760 2179 2318 
1669935651 1532 3532 1757 2248 
1669935653 1224 2259 1805 1227 
1669935655 699 430 1092 1116 
1669935657 819 2668 977 743 
1669935659 2284 2244 1035 1329 
1669935661 3547 1555 2089 2628 
1669935663 1168 3669 851 1207 
1669935665 1413 488 486 637 
1669935667 1436 686 702 1079 
1669935669 494 390 447 494 
1669935671 1466 418 2170 2441 
1669935673 1727 339 683 3085 
1669935675 2227 982 2950 3030 
1669935677 920 730 1430 1843 
1669935679 614 778 596 753 
1669935681 675 567 702 1281 
1669935683 712 507 542 1019 
1669935685 728 618 645 998 
1669935687 860 664 639 1050 
1669935689 1416 3425 861 1086 
1669935691 993 827 716 1126 
1669935693 1467 787 727 1340 
1669935695 1108 547 761 1229 
1669935697 1678 1222 704 1415 
1669935699 1703 2315 941 1360 
1669935701 1144 1060 548 1056 
1669935703 1248 683 739 1194 
1669935705 1149 1121 721 1108 
1669935707 1385 1631 651 1059 
1669935709 1271 596 634 1171 
1669935711 1201 589 563 1163 
1669935713 1173 539 528 1160 
1669935715 1293 1212 630 1123 
1669935717 2185 376 562 1489 
1669935719 2735 823 486 2384 
1669935721 1253 520 519 923 
1669935723 1997 494 630 1287 
1669935725 1567 591 702 1209 
1669935727 1044 3322 861 686 
1669935729 2093 835 931 1589 
1669935731 660 2132 624 1353 
1669935733 1783 2488 716 1484 
1669935735 1631 818 658 1351 
1669935737 1465 608 727 1301 
1669935739 1527 568 727 1372 
1669935741 1502 725 752 1380 
1669935743 1315 788 620 1324 
1669935745 1321 667 743 1322 
1669935747 1352 811 735 1328 
1669935749 1331 736 740 1214 
1669935751 1395 769 700 1234 
1669935753 1388 755 636 1251 
1669935755 1503 583 658 1329 
1669935757 1386 417 506 1277 
1669935759 1011 1172 504 1110 
1669935761 993 845 596 1124 
1669935763 979 933 621 1221 
1669935765 1083 858 584 1279 
1669935767 1125 922 703 1302 
1669935769 1186 970 748 1364 
1669935771 1210 1125 765 1348 
1669935773 1254 1059 723 1336 
1669935775 1256 1146 763 1326 
1669935777 1310 1114 749 1312 
1669935779 1333 1114 746 1144 
1669935781 1217 1203 726 1309 
1669935783 1268 1251 659 1326 
1669935785 1310 1223 739 1320 
1669935787 1315 1126 757 1338 
1669935789 1296 1284 772 1222 
1669935791 1308 1298 752 1347 
1669935793 1260 1312 647 1316 
1669935795 1184 1294 744 1174 
1669935797 1172 1298 734 1250 
1669935799 1237 1179 664 1129 
1669935801 1226 1180 570 1201 
1669935803 1203 1229 537 1135 
1669935805 1357 1182 611 1264 
1669935807 1297 334 539 1274 
1669935809 1462 393 660 1395 
1669935811 551 2536 445 700 
1669935813 932 1516 603 1106 
1669935815 883 1263 585 1051 
1669935817 1005 1257 605 1204 
1669935819 1067 1217 642 1294 
1669935821 1070 1090 626 1211 
1669935823 1086 1216 664 1302 
1669935825 957 1202 719 1328 
1669935827 1034 750 607 1299 
1669935829 3344 3148 1901 2700 
1669935831 876 1803 628 1142 
1669935833 1547 797 904 1379 
1669935835 1177 2301 638 1308 
1669935837 2884 3466 2011 1849 
1669935839 820 1295 672 890 
1669935841 730 2438 625 709 
1669935843 878 2175 618 1047 
1669935845 904 1738 674 1055 
1669935847 1017 1231 641 1115 
1669935849 3614 2698 2153 3008 
1669935851 843 1385 673 1006 
1669935853 799 919 646 1098 
1669935855 1021 1503 576 1046 
1669935857 1023 1408 641 1174 
1669935859 926 1308 674 1142 
1669935861 1009 1391 673 1158 
1669935863 1016 1393 644 1084 
1669935865 1029 1428 669 1190 
1669935867 1019 1502 664 1159 
1669935869 1022 1512 656 1084 
1669935871 1045 1420 639 1158 
1669935873 1047 1504 671 1199 
1669935875 1054 1508 562 1150 
1669935877 1060 1540 577 1158 
1669935879 1053 1531 677 1154 
1669935881 1063 1513 673 1186 
1669935883 1059 1522 686 1161 
1669935885 983 1416 656 1108 
1669935887 1071 1495 656 1164 
1669935889 1103 1509 676 1182 
1669935891 1085 1490 594 1101 
1669935893 1071 1522 658 1099 
1669935895 1092 1498 663 1148 
1669935897 1083 1547 594 1181 
1669935899 1118 1410 658 1211 
1669935901 1127 1466 570 1185 
1669935903 1112 1525 655 1199 
1669935905 1127 1402 645 1181 
1669935907 1142 1461 657 1220 
1669935909 1140 1555 642 1217 
1669935911 1135 1532 677 1212 
1669935913 1134 1472 597 1154 
1669935915 1129 1426 672 1173 
1669935917 1170 1540 693 1219 
1669935919 1165 1531 679 1093 
1669935921 1136 1442 602 1108 
1669935923 1140 1434 657 1178 
1669935925 1152 1555 658 1210 
1669935927 1160 1424 649 1171 
1669935929 1183 1446 697 1174 
1669935931 1174 1439 661 1194 
1669935933 1091 1578 692 1119 
1669935935 1187 1466 680 1219 
1669935937 1198 1576 610 1211 
1669935939 1159 1452 685 1205 
1669935941 1194 1472 582 1115 
1669935943 1213 1569 669 1207 
1669935945 1178 1445 657 1171 
1669935947 1183 1571 644 1185 
1669935949 1198 1468 685 1213 
1669935951 1176 1485 681 1197 
1669935953 1181 1570 675 1185 
1669935955 1198 1461 670 1193 
1669935957 1228 1555 589 1207 
1669935959 1214 1371 677 1193 
1669935961 1240 1447 649 1206 
1669935963 1237 1546 693 1203 
1669935965 1243 1576 687 1203 
1669935967 1210 1464 672 1094 
1669935969 1234 1564 660 1102 
1669935971 1064 1351 623 1175 
1669935973 1195 1429 579 1175 
1669935975 1135 1517 670 1216 
1669935977 1144 1402 571 1177 
1669935979 1234 1532 691 1202 
1669935981 1233 1535 667 1166 
1669935983 1253 1577 640 1209 
1669935985 1228 1492 691 1211 
1669935987 1247 1597 665 1217 
1669935989 1232 1581 655 1209 
1669935991 1152 1469 658 1196 
1669935993 1227 1470 599 1148 
1669935995 1254 1546 687 1092 
1669935997 1257 1542 656 1182 
1669935999 1258 1478 588 1207 
1669936001 1240 1531 674 1215 
1669936003 1274 1387 640 1188 
1669936005 1257 1564 593 1207 
1669936007 1280 1568 597 1165 
1669936009 1275 1461 675 1171 
1669936011 1238 1381 663 1196 
1669936013 1288 1513 641 1169 
1669936015 1276 1538 654 1179 
1669936017 1254 1562 672 1217 
1669936019 1262 1380 666 1073 
1669936021 1184 1426 649 1190 
1669936023 1273 1570 601 1194 
1669936025 1106 1465 665 1167 
1669936027 1238 1570 679 1186 
1669936029 1260 1378 669 1205 
1669936031 1295 1435 646 1195 
1669936033 1295 1466 648 1112 
1669936035 1304 1578 592 1179 
1669936037 1312 1582 500 1202 
1669936039 1268 1446 669 1163 
1669936041 1267 1564 682 1072 
1669936043 1270 1585 654 1196 
1669936045 1223 1522 673 1195 
1669936047 1285 1418 679 1191 
1669936049 1274 1561 637 1171 
1669936051 1292 1562 592 1182 
1669936053 1304 1530 678 1118 
1669936055 1277 1471 668 1176 
1669936057 1290 1458 659 1165 
1669936059 1266 1539 645 1090 
1669936061 1278 1553 635 1169 
1669936063 1296 1462 651 1180 
1669936065 1303 1565 688 1197 
1669936067 1285 1565 646 1181 
1669936069 1320 1577 680 1201 
1669936071 1305 1564 692 1108 
1669936073 1227 1575 572 989 
1669936075 1266 1396 644 1091 
1669936077 1312 1569 668 1096 
1669936079 1298 1604 567 1140 
1669936081 1323 1452 678 1091 
1669936083 1321 1558 679 1172 
1669936085 1229 1541 654 1222 
1669936087 1325 1455 664 1215 
1669936089 1314 1586 653 1212 
1669936091 1297 1555 671 1097 
1669936093 1299 1573 631 1084 
1669936095 1309 1571 637 1186 
1669936097 1326 1588 667 1184 
1669936099 1249 1548 581 1195 
1669936101 1300 1501 654 1099 
1669936103 1294 1610 647 1160 
1669936105 1318 1602 638 1211 
1669936107 1329 1499 650 1200 
1669936109 1325 1605 644 1197 
1669936111 1298 1602 667 1204 
1669936113 1341 1561 654 1217 
1669936115 1343 1469 673 1211 
1669936117 1338 1378 673 1193 
1669936119 1328 1582 676 1203 
1669936121 1348 1491 673 1219 
1669936123 1330 1588 647 1173 
1669936125 1316 1558 661 1152 
1669936127 1343 1581 666 1104 
1669936129 1326 1595 649 1081 
1669936131 1330 1619 666 1163 
1669936133 1348 1456 677 1165 
1669936135 1312 1486 643 1086 
1669936137 1326 1468 652 1198 
1669936139 1329 1484 652 1194 
1669936141 1321 1606 660 1191 
1669936143 1349 1611 662 1181 
1669936145 1339 1540 650 1104 
1669936147 1231 1552 640 1077 
1669936149 2321 550 666 1996 
1669936151 1571 1247 654 1102 
1669936153 1449 1500 575 1098 
1669936155 1420 1394 685 1114 
1669936157 1328 1440 671 1153 
1669936159 1400 1303 662 1170 
1669936161 1401 1396 490 1175 
1669936163 1365 1532 669 1138 
1669936165 1372 1493 665 1149 
1669936167 1332 1414 666 979 
1669936169 1375 1474 678 1152 
1669936171 1384 1567 673 1168 
1669936173 1286 1575 662 1209 
1669936175 1355 1592 651 1156 
1669936177 1389 1508 628 1091 
1669936179 1386 1570 643 1168 
1669936181 1378 1490 674 1188 
1669936183 1366 1495 625 1171 
1669936185 1385 1529 663 1205 
1669936187 1354 1417 658 1200 
1669936189 1357 1542 675 1176 
1669936191 1286 1564 668 1165 
1669936193 1346 1513 574 1193 
1669936195 1361 1555 660 1220 
1669936197 1296 1478 637 1180 
1669936199 1493 2142 706 1138 
1669936201 1376 1726 652 1175 
1669936203 1366 1573 661 1184 
1669936205 1369 1581 661 1163 
1669936207 1372 1613 634 1215 
1669936209 1383 1398 653 1195 
1669936211 1392 1446 650 1226 
1669936213 1267 1502 552 1092 
1669936215 1345 1597 636 1166 
1669936217 1369 1437 662 1205 
1669936219 1390 1520 647 1173 
1669936221 1355 1571 649 1156 
1669936223 1366 1329 551 1136 
1669936225 1361 1721 646 1169 
1669936227 1327 1519 640 1202 
1669936229 1271 1601 618 1170 
1669936231 1359 1582 670 1194 
1669936233 1394 1636 507 1192 
1669936235 1378 1683 623 1164 
1669936237 1373 1516 583 1193 
1669936239 1348 1417 660 1221 
1669936241 1358 1377 633 1225 
1669936243 1327 1395 629 1141 
1669936245 1249 1599 612 1204 
1669936247 1235 1469 668 1118 
1669936249 1306 1877 569 1151 
1669936251 2788 1344 1817 2330 
1669936253 1621 2105 646 1417 
1669936255 1438 1908 656 1218 
1669936257 1406 1699 629 1194 
1669936259 1315 1477 610 1090 
1669936261 1367 1445 651 1154 
1669936263 1395 1528 631 1164 
1669936265 1392 1537 622 1211 
1669936267 1351 1532 651 1173 
1669936269 1357 1565 634 1180 
1669936271 1295 1429 655 1202 
1669936273 1352 1557 649 1182 
1669936275 1355 1554 663 1190 
1669936277 1367 1537 650 1208 
1669936279 1409 1498 641 1204 
1669936281 1364 1582 652 1170 
1669936283 1288 1507 632 1212 
1669936285 1378 1526 612 1168 
1669936287 1404 1574 643 1190 
1669936289 1395 1547 633 1186 
1669936291 1368 1494 572 1204 
1669936293 1379 1588 659 1200 
1669936295 1397 1588 649 1183 
1669936297 1398 1498 640 1208 
1669936299 1401 1574 654 1219 
1669936301 1403 1487 654 1207 
1669936303 1375 1569 657 1201 
1669936305 1295 1590 633 1195 
1669936307 1394 1606 663 1154 
1669936309 1357 1460 570 1184 
1669936311 1371 1460 644 1181 
1669936313 1293 1543 645 1156 
1669936315 1364 1476 673 1192 
1669936317 1385 1587 647 1164 
1669936319 1367 1561 622 1162 
1669936321 1392 1550 631 1158 
1669936323 1398 1477 657 1193 
1669936325 1400 1482 628 1089 
1669936327 1386 1349 653 1091 
1669936329 1351 1416 657 1138 
1669936331 1375 1470 661 1210 
1669936333 1379 1520 665 1155 
1669936335 1399 1523 616 1200 
1669936337 1362 1548 630 1209 
1669936339 1366 1469 651 1208 
1669936341 1391 1542 570 1206 
1669936343 1380 1448 664 1214 
1669936345 1366 1540 625 1199 
1669936347 1372 1525 640 1097 
1669936349 1388 1541 616 1196 
1669936351 1391 1439 645 1158 
1669936353 1370 1529 666 1184 
1669936355 1338 1473 639 1174 
1669936357 1302 1434 574 1196 
1669936359 1374 1556 629 1079 
1669936361 1372 1542 577 1164 
1669936363 1287 1414 660 1181 
1669936365 1357 1564 570 1164 
1669936367 1351 1461 648 1107 
1669936369 1347 1558 662 1091 
1669936371 1359 1540 632 1166 
1669936373 1338 1488 647 1190 
1669936375 1379 1553 669 1182 
1669936377 1375 1549 568 1165 
1669936379 1351 1564 625 1180 
1669936381 1339 1562 642 1202 
1669936383 1386 1448 650 1179 
1669936385 1338 1569 614 1105 
1669936387 1377 1556 650 1162 
1669936389 1389 1529 629 1182 
1669936391 1365 1517 653 1198 
1669936393 1392 1427 646 1179 
1669936395 1277 1457 651 1207 
1669936397 1380 1462 659 1178 
1669936399 1385 1566 669 1157 
1669936401 1284 1527 605 1153 
1669936403 1370 1572 652 1198 
1669936405 1302 1529 621 1182 
1669936407 1342 1469 648 1208 
1669936409 1340 1563 644 1205 
1669936411 1375 1559 644 1113 
1669936413 1278 1565 636 1190 
1669936415 1383 1464 656 1202 
1669936417 1380 1575 610 1205 
1669936419 1372 1562 646 1205 
1669936421 1372 1461 635 1198 
1669936423 1357 1530 658 1094 
1669936425 1305 1447 636 1154 
1669936427 1372 1584 571 1147 
1669936429 1363 1556 580 1079 
1669936431 1341 1577 558 1191 
1669936433 1352 1507 648 1168 
1669936435 1386 1502 628 1180 
1669936437 1301 1609 633 1188 
1669936439 1391 1612 634 1189 
1669936441 1393 1592 639 1147 
1669936443 1397 1595 625 1175 
1669936445 1383 1486 565 1169 
1669936447 1354 1493 612 1159 
1669936449 1338 1486 564 1186 
1669936451 1365 1466 642 1203 
1669936453 1372 1495 556 1169 
1669936455 1388 1582 548 1191 
1669936457 1378 1379 597 1149 
1669936459 1368 1568 574 1158 
1669936461 1385 1570 618 1196 
1669936463 1340 1356 627 1082 
1669936465 1389 1448 626 1162 
1669936467 1394 1343 619 1168 
1669936469 1370 1530 649 1175 
1669936471 1385 1553 635 1183 
1669936473 1362 1587 659 1187 
1669936475 1364 1571 653 1184 
1669936477 1366 1508 663 1199 
1669936479 1383 1499 628 1173 
1669936481 1368 1560 629 1177 
1669936483 1354 1587 629 1158 
1669936485 1373 1494 641 1182 
1669936487 3198 2995 2713 3081 
1669936489 1804 1943 676 1489 
1669936491 1377 1343 622 1214 
1669936493 1328 1454 583 1178 
1669936495 1805 3195 658 1086 
1669936497 895 594 633 872 
1669936499 1319 991 631 1086 
1669936501 1385 1255 648 1075 
1669936503 1916 3447 724 1396 
1669936505 1389 1603 606 1171 
1669936507 1275 1326 643 1187 
1669936509 1440 1994 659 1203 
1669936511 1336 1852 620 1218 
1669936513 1136 890 515 1026 
1669936515 1125 952 514 993 
1669936517 1291 1305 627 1125 
1669936519 2333 1737 1374 1903 
1669936521 1501 2062 642 1220 
1669936523 1398 1427 645 1198 
1669936525 1271 1684 649 1183 
1669936527 1369 1465 606 1121 
1669936529 1391 1649 638 1094 
1669936531 1513 2127 685 1187 
1669936533 1337 1055 488 1146 
1669936535 3570 3046 2490 3385 
1669936537 910 670 579 840 
1669936539 553 989 460 757 
1669936541 1359 1541 613 1185 
1669936543 1316 1795 615 1059 
1669936545 1334 1436 622 1139 
1669936547 1340 1060 675 1323 
1669936549 1401 1250 646 1171 
1669936551 1383 1453 642 1164 
1669936553 1433 1496 666 1222 
1669936555 1421 1405 655 1216 
1669936557 1386 1697 634 1208 
1669936559 1361 1473 653 1199 
1669936561 1376 1530 597 1149 
1669936563 1348 1681 681 1211 
1669936565 1339 1125 564 1182 
1669936567 1354 1568 628 1153 
1669936569 1342 1498 619 1128 
1669936571 1291 1000 606 1129 
1669936573 1448 533 683 1278 
1669936575 1504 1033 584 1036 
1669936577 1371 1349 629 1105 
1669936579 1269 1288 567 1140 
1669936581 1284 1082 561 1115 
1669936583 1258 1602 620 1059 
1669936585 1199 1350 554 957 
1669936587 1314 1073 776 1179 
1669936589 1662 1985 795 1249 
1669936591 2216 1675 1549 1829 
1669936593 1408 1657 659 1194 
1669936595 1492 1972 632 1101 
1669936597 1468 1963 658 1094 
1669936599 1792 1817 660 1375 
1669936601 1168 2137 635 1049 
1669936603 1855 2465 581 904 
1669936605 1518 2456 635 931 
1669936607 1273 2465 562 965 
1669936609 1454 2403 660 1187 
1669936611 1785 3386 833 1917 
1669936613 731 520 402 704 
1669936615 1304 961 627 2002 
1669936617 1220 1253 453 779 
