1669906593 1573 1729 727 1415 
1669906595 1607 1729 704 1344 
1669906597 1618 1785 708 1389 
1669906599 1591 1685 700 1477 
1669906601 1542 1798 758 1508 
1669906603 1490 1662 589 1380 
1669906605 1001 1408 1966 1457 
1669906607 1722 1748 1399 1039 
1669906609 15 12 10 13 
1669906611 10 9 11 13 
1669906613 10 10 10 12 
1669906615 10 10 9 10 
1669906617 585 3046 1088 1366 
1669906619 1064 1577 1208 1258 
1669906621 1620 1511 681 1369 
1669906623 1406 1634 759 1179 
1669906625 1325 1592 828 685 
1669906627 2674 2860 817 1224 
1669906629 1672 1856 574 1430 
1669906631 1303 1648 680 1384 
1669906633 1423 1796 738 1453 
1669906635 1426 1728 735 1454 
1669906637 1523 1746 732 1478 
1669906639 1451 1719 738 1438 
1669906641 1399 1712 722 1337 
1669906643 1392 1781 741 1480 
1669906645 1443 1746 716 1479 
1669906647 1529 1696 715 1432 
1669906649 1491 1806 740 1452 
1669906651 1555 1772 725 1439 
1669906653 1507 1762 679 1456 
1669906655 1540 1748 699 1447 
1669906657 1534 1817 715 1430 
1669906659 1427 1702 632 1324 
1669906661 1568 1752 720 1346 
1669906663 1433 1764 722 1492 
1669906665 1542 1706 728 1473 
1669906667 1566 1748 620 1441 
1669906669 1559 1763 726 1500 
1669906671 1546 1786 716 1475 
1669906673 1531 1737 728 1490 
1669906675 1505 1808 731 1458 
1669906677 1634 1668 680 1516 
1669906679 1526 1709 719 1355 
1669906681 1529 1754 723 1351 
1669906683 1574 1721 692 1484 
1669906685 3018 1953 614 1829 
1669906687 1742 1834 511 1480 
1669906689 1516 1786 729 1438 
1669906691 1611 1745 704 1474 
1669906693 1526 1750 752 1454 
1669906695 1663 1716 697 1482 
1669906697 1402 1753 703 1451 
1669906699 1569 1726 709 1459 
1669906701 1635 1670 679 1483 
1669906703 1547 1740 630 1463 
1669906705 1552 1757 727 1424 
1669906707 1598 1717 717 1479 
1669906709 1567 1740 701 1420 
1669906711 1602 1708 709 1488 
1669906713 1632 1659 670 1450 
1669906715 1406 1883 735 1325 
1669906717 1575 1707 706 1436 
1669906719 1495 1825 740 1445 
1669906721 1524 1673 621 1426 
1669906723 1544 1715 627 1459 
1669906725 1559 1737 701 1458 
1669906727 1582 1726 736 1493 
1669906729 1592 1708 702 1463 
1669906731 1603 1702 690 1459 
1669906733 1597 1785 720 1486 
1669906735 1563 1773 708 1450 
1669906737 1643 1648 690 1459 
1669906739 1551 1778 737 1466 
1669906741 1538 1750 629 1418 
1669906743 1527 1743 719 1351 
1669906745 1545 1786 624 1461 
1669906747 1547 1719 698 1358 
1669906749 1532 1675 717 1418 
1669906751 1585 1730 708 1491 
1669906753 1558 1740 696 1361 
1669906755 1446 1725 717 1426 
1669906757 1564 1766 634 1324 
1669906759 1572 1700 633 1445 
1669906761 1413 1834 703 1431 
1669906763 1662 1714 712 1490 
1669906765 1608 1778 737 1471 
1669906767 1608 1648 683 1480 
1669906769 1612 1706 744 1460 
1669906771 1612 1717 622 1478 
1669906773 1603 1762 705 1483 
1669906775 1554 1739 714 1469 
1669906777 1549 1732 707 1436 
1669906779 1570 1756 717 1435 
1669906781 1534 1791 734 1369 
1669906783 1544 1642 612 1457 
1669906785 1559 1697 697 1472 
1669906787 1384 1794 704 1354 
1669906789 1574 1765 683 1455 
1669906791 1402 1842 766 1475 
1669906793 1195 1845 776 1286 
1669906795 1701 1691 711 1489 
1669906797 1630 1705 678 1448 
1669906799 1617 1717 722 1374 
