1669906803 1539 1705 726 1465 
1669906806 1584 1729 709 1439 
1669906808 1566 1744 722 1466 
1669906810 1617 1720 692 1447 
1669906812 1622 1631 718 1258 
1669906814 1505 1692 702 1439 
1669906816 1571 1720 689 1484 
1669906818 1585 1706 714 1343 
1669906820 1547 1720 735 1479 
1669906822 1581 1704 700 1456 
1669906824 1572 1663 679 1462 
1669906826 1597 1740 723 1474 
1669906828 1624 1700 720 1375 
1669906830 1585 1775 739 1472 
1669906832 1554 1738 735 1434 
1669906834 1548 1745 699 1446 
1669906836 1566 1637 693 1435 
1669906838 1561 1771 693 1453 
1669906840 1599 1734 719 1470 
1669906842 1584 1779 635 1451 
1669906844 1544 1726 725 1432 
1669906846 1527 1776 665 1461 
1669906848 1594 1745 702 1370 
1669906850 1509 1760 722 1479 
1669906852 1609 1696 733 1484 
1669906854 1425 1727 691 1427 
1669906856 1544 1739 726 1482 
1669906858 1360 1773 744 1459 
1669906860 1584 1705 707 1490 
1669906862 1564 1657 689 1434 
1669906864 1538 1673 696 1446 
1669906866 1643 1703 683 1438 
1669906868 1536 1728 723 1433 
1669906870 1514 1753 717 1439 
1669906872 1555 1753 711 1435 
1669906874 1442 1752 719 1485 
1669906876 1558 1762 731 1478 
1669906878 1449 1812 670 1371 
1669906880 1539 1668 700 1336 
1669906882 1512 1695 621 1440 
1669906884 1598 1662 708 1486 
1669906886 1578 1698 695 1429 
1669906888 1595 1637 715 1469 
1669906890 1501 1772 666 1489 
1669906892 1526 1828 732 1460 
1669906894 1627 1727 702 1452 
1669906896 1628 1914 820 1453 
1669906898 1790 1623 679 1468 
1669906900 1682 1710 721 1461 
1669906902 1433 1793 717 1491 
1669906904 1710 1542 619 1465 
1669906906 1700 1600 689 1504 
1669906908 1551 1664 613 1442 
1669906910 1582 1788 747 1465 
1669906912 1609 1696 734 1464 
1669906914 1591 1713 684 1465 
1669906916 1580 1721 684 1490 
1669906918 1575 1743 698 1459 
1669906920 1635 1670 727 1450 
1669906922 1640 1708 610 1447 
1669906924 1545 1699 691 1428 
1669906926 1584 1721 694 1345 
1669906928 1164 1853 788 1416 
1669906930 1628 1746 709 1441 
1669906932 1665 1645 693 1495 
1669906934 1463 1828 681 1454 
1669906936 1665 1695 703 1467 
1669906938 1632 1751 682 1447 
1669906940 1432 1894 779 1438 
1669906942 1589 1734 695 1455 
1669906944 1584 1688 696 1438 
1669906946 1617 1717 686 1387 
1669906948 1600 1733 695 1478 
1669906950 1530 1714 712 1505 
1669906952 1482 1792 767 1469 
1669906954 1659 1661 673 1462 
1669906956 1458 1696 737 1443 
1669906958 1580 1778 723 1461 
1669906960 1616 1521 710 1378 
1669906962 1588 1623 701 1449 
1669906964 1582 1611 710 1437 
1669906966 1609 1707 689 1477 
1669906968 1603 1762 685 1439 
1669906970 1604 1748 705 1487 
1669906972 1575 1719 679 1420 
1669906974 1501 1657 711 1420 
1669906976 1570 1743 709 1481 
1669906978 1597 1678 706 1482 
1669906980 1587 1734 693 1485 
1669906982 1589 1770 712 1479 
1669906984 1547 1696 702 1472 
1669906986 1575 1724 723 1475 
1669906988 1544 1692 731 1460 
1669906990 1575 1761 721 1433 
1669906992 1547 1751 729 1476 
1669906994 1545 1692 729 1460 
1669906996 1596 1743 699 1466 
1669906998 1578 1727 694 1470 
1669907000 1581 1737 714 1476 
1669907002 1605 1741 700 1442 
1669907004 1564 1756 723 1432 
1669907006 1589 1741 726 1475 
1669907008 1572 1695 723 1437 
1669907010 1605 1773 698 1484 
1669907012 1604 1702 713 1485 
1669907014 1609 1678 712 1472 
1669907016 1611 1760 727 1479 
1669907018 1587 1729 695 1469 
1669907020 1602 1705 701 1432 
1669907022 1622 1761 731 1436 
1669907024 1610 1769 697 1469 
1669907026 1607 1728 704 1440 
1669907028 1613 1752 709 1479 
1669907030 1472 1838 733 1446 
1669907032 1545 1687 668 1450 
1669907034 1627 1692 692 1507 
1669907036 1646 1687 710 1487 
1669907038 1593 1696 678 1477 
1669907040 1610 1647 711 1473 
1669907042 1619 1683 687 1449 
1669907044 1577 1709 720 1446 
1669907046 1623 1759 681 1460 
1669907048 1570 1700 709 1468 
1669907050 1606 1704 649 1474 
1669907052 1581 1740 645 1485 
1669907054 1566 1692 736 1349 
1669907056 1597 1749 701 1444 
1669907058 1606 1711 690 1358 
1669907060 1594 1752 733 1432 
1669907062 1501 1706 694 1462 
1669907064 1484 1736 717 1492 
1669907066 1561 1704 715 1463 
1669907068 1592 1767 714 1499 
1669907070 1570 1735 716 1466 
1669907072 1619 1695 713 1469 
1669907074 1607 1690 731 1433 
1669907076 1615 1715 732 1484 
1669907078 1595 1708 729 1442 
1669907080 1611 1690 743 1478 
1669907082 1594 1778 692 1487 
1669907084 1620 1730 713 1468 
1669907086 1507 1724 724 1444 
1669907088 1570 1719 716 1457 
1669907090 1563 1679 718 1465 
1669907092 1653 1698 727 1440 
1669907094 1421 1775 725 1458 
1669907096 1592 1749 730 1392 
1669907098 1459 1709 682 1332 
1669907100 1599 1753 722 1370 
1669907102 1602 1739 630 1477 
1669907104 1584 1705 698 1484 
1669907106 1619 1732 615 1439 
1669907108 1580 1716 712 1453 
1669907110 1603 1673 712 1460 
1669907112 1624 1765 715 1466 
1669907114 1588 1702 715 1464 
1669907116 1310 1989 750 1407 
1669907118 1688 1642 710 1502 
1669907120 1648 1728 711 1491 
1669907122 1650 1740 691 1474 
1669907124 1601 1777 736 1492 
1669907126 1606 1724 647 1473 
1669907128 1592 1694 736 1487 
1669907130 1613 1598 705 1467 
1669907132 1609 1713 687 1482 
1669907134 1613 1701 708 1452 
1669907136 1614 1744 701 1471 
1669907138 1563 1735 699 1437 
1669907140 1598 1639 710 1474 
1669907142 1582 1740 741 1486 
1669907144 1388 1806 642 1424 
1669907146 1733 1695 668 1506 
1669907148 1518 1811 769 1478 
1669907150 1497 1608 629 1427 
1669907152 1604 1711 688 1448 
1669907154 1521 1730 634 1425 
1669907156 1633 1723 721 1354 
1669907158 1626 1722 634 1447 
1669907160 1710 1660 708 1489 
1669907162 1503 1744 738 1344 
1669907164 1560 1753 719 1435 
1669907166 1667 1690 665 1453 
1669907168 1527 1802 758 1379 
1669907170 1687 1662 689 1478 
1669907172 1662 1747 614 1466 
1669907174 1605 1768 733 1478 
1669907176 1585 1719 709 1471 
1669907178 1632 1740 691 1436 
1669907180 1619 1678 731 1488 
1669907182 1485 1714 644 1469 
1669907184 1583 1741 700 1368 
1669907186 1569 1757 732 1471 
1669907188 1514 1832 756 1441 
1669907190 1614 1702 729 1469 
1669907192 1621 1751 686 1495 
1669907194 1690 1610 661 1455 
1669907196 1572 1765 736 1455 
1669907198 1586 1746 717 1484 
1669907200 1554 1713 703 1443 
1669907202 1571 1719 732 1343 
1669907204 1588 1749 719 1437 
1669907206 1519 1800 735 1470 
1669907208 1412 1610 589 1400 
1669907210 1384 1701 708 1458 
1669907212 1643 1716 681 1471 
1669907214 1575 1746 711 1451 
1669907216 1620 1639 713 1471 
1669907218 1576 1740 693 1468 
1669907220 1561 1768 727 1478 
1669907222 1585 1691 693 1483 
1669907224 1691 1648 706 1473 
1669907226 1481 1731 630 1473 
1669907228 1583 1760 638 1440 
1669907230 1583 1715 718 1370 
1669907232 1577 1638 729 1435 
1669907234 1602 1729 706 1491 
1669907236 1614 1703 622 1476 
1669907238 1686 1707 706 1494 
1669907240 1624 1800 710 1362 
1669907242 1603 1748 745 1452 
1669907244 1603 1744 707 1440 
1669907246 1349 1759 741 1419 
1669907248 1655 1706 726 1463 
1669907250 1599 1629 696 1393 
1669907252 1602 1759 714 1355 
1669907254 1546 1750 730 1350 
1669907256 1606 1696 639 1475 
1669907258 1607 1693 719 1449 
1669907260 1604 1738 653 1443 
1669907262 1528 1776 664 1356 
1669907264 1601 1753 718 1483 
1669907266 1657 1751 731 1491 
1669907268 1614 1549 705 1466 
1669907270 1615 1689 679 1478 
1669907272 1624 1595 672 1434 
1669907274 1541 1712 695 1450 
1669907276 1527 1745 692 1452 
1669907278 1646 1654 702 1454 
1669907280 1605 1737 732 1453 
1669907282 1611 1667 621 1460 
1669907284 1666 1681 679 1453 
1669907286 1832 1568 585 1424 
1669907288 1942 1513 596 1465 
1669907290 1612 1777 697 1434 
1669907292 1648 1711 707 1485 
1669907294 1600 1735 623 1425 
1669907296 1548 1752 712 1358 
1669907298 1610 1757 746 1491 
1669907300 1701 1655 696 1481 
1669907302 1463 1725 736 1484 
1669907304 1358 1859 795 1452 
1669907306 1590 1678 637 1460 
1669907308 1626 1766 713 1464 
1669907310 1621 1729 723 1420 
1669907312 1585 1684 727 1442 
1669907314 1594 1776 622 1479 
1669907316 1594 1664 617 1469 
1669907318 1576 1711 698 1494 
1669907320 1611 1722 723 1469 
1669907322 1576 1704 712 1469 
1669907324 1572 1784 752 1499 
1669907326 1603 1760 708 1457 
1669907328 1570 1777 705 1447 
1669907330 1602 1748 711 1491 
1669907332 1411 2227 918 1373 
1669907334 1748 1613 681 1498 
1669907336 1657 1711 735 1483 
1669907338 1678 1554 629 1461 
1669907340 1617 1740 643 1459 
1669907342 1597 1648 690 1447 
1669907344 1672 1690 715 1375 
1669907346 1592 1782 715 1479 
1669907348 1582 1624 706 1492 
1669907350 1667 1629 684 1490 
1669907352 1601 1724 604 1458 
1669907354 1597 1740 734 1480 
1669907356 1540 1723 694 1476 
1669907358 1430 1819 736 1451 
1669907360 1574 1757 728 1490 
1669907362 1669 1666 702 1374 
1669907364 1574 1681 768 1442 
1669907366 1420 1440 595 1376 
1669907368 1708 1630 699 1456 
1669907370 1656 1703 694 1399 
1669907372 1560 1749 719 1453 
1669907374 1537 1762 740 1343 
1669907376 1500 1807 758 1476 
1669907378 1614 1745 694 1458 
1669907380 1606 1677 712 1498 
1669907382 1677 1677 667 1444 
1669907384 1486 1608 695 1450 
1669907386 1603 1736 693 1480 
1669907388 1605 1752 644 1468 
1669907390 1601 1752 700 1452 
1669907392 1582 1718 639 1434 
1669907394 1549 1775 708 1454 
1669907396 1668 1771 721 1456 
1669907398 1574 1674 712 1453 
1669907400 1557 1753 738 1483 
1669907402 1596 1730 699 1480 
1669907404 1634 1672 733 1456 
1669907406 1614 1762 708 1486 
1669907408 1615 1757 696 1381 
1669907410 1616 1770 703 1428 
1669907412 1603 1693 702 1487 
1669907414 1642 1721 618 1347 
1669907416 1488 1498 721 1473 
1669907418 1572 1753 703 1476 
1669907420 1590 1756 727 1444 
1669907422 1619 1717 682 1443 
1669907424 1622 1786 713 1453 
1669907426 1604 1701 700 1464 
1669907428 1606 1659 706 1460 
1669907430 1629 1711 715 1482 
1669907432 1651 1745 714 1459 
1669907434 1601 1678 702 1450 
1669907436 1619 1711 718 1452 
1669907438 1599 1706 683 1455 
1669907440 1526 1673 690 1498 
1669907442 1656 1729 695 1483 
1669907444 1575 1758 716 1483 
1669907446 1541 1754 738 1488 
1669907448 1630 1765 696 1376 
1669907450 1588 1704 729 1466 
1669907452 1479 1734 696 1492 
1669907454 1603 1677 696 1453 
1669907456 1587 1720 740 1499 
1669907458 1617 1700 734 1365 
1669907460 1641 1688 701 1489 
1669907462 1474 1762 740 1460 
1669907464 1589 1742 720 1370 
1669907466 1482 1631 677 1441 
1669907468 1605 1702 731 1479 
1669907470 1594 1637 710 1366 
1669907472 1502 1729 683 1475 
1669907474 1629 1745 703 1436 
1669907476 1610 1734 729 1487 
1669907478 1505 1816 774 1384 
1669907480 1619 1672 605 1351 
1669907482 1609 1738 716 1505 
1669907484 1515 1757 736 1370 
1669907486 1551 1693 603 1442 
1669907488 1583 1717 713 1435 
1669907490 1582 1698 715 1483 
1669907492 1579 1706 694 1463 
1669907494 1599 1725 710 1381 
1669907496 1635 1714 701 1471 
1669907498 1567 1770 707 1364 
1669907500 1603 1705 671 1463 
1669907502 1621 1704 729 1468 
1669907504 1571 1685 696 1379 
1669907506 1599 1738 732 1438 
1669907508 1627 1746 619 1439 
1669907510 1592 1736 709 1352 
1669907512 1641 1701 633 1444 
1669907514 1668 1738 692 1487 
1669907516 1582 1685 718 1466 
1669907518 1485 1615 704 1480 
1669907520 1550 1751 698 1480 
1669907522 1495 1751 734 1320 
1669907524 1289 1906 853 1439 
1669907526 1389 1877 693 1408 
1669907528 1880 1592 635 1455 
1669907530 1444 1818 754 1474 
1669907532 1727 1658 590 1487 
1669907534 1683 1703 715 1466 
1669907536 1641 1731 656 1452 
1669907538 1636 1727 679 1354 
1669907540 812 2384 1023 1379 
1669907542 1803 1653 672 1451 
1669907544 1511 1645 696 1496 
1669907546 1694 1699 705 1442 
1669907548 1799 1641 657 1458 
1669907550 1528 1705 683 1435 
1669907552 1587 1743 695 1429 
1669907554 1704 1595 644 1486 
1669907556 1649 1754 719 1437 
1669907558 1638 1720 621 1420 
1669907560 1579 1748 720 1459 
1669907562 1602 1782 709 1439 
1669907564 1745 1671 695 1468 
1669907566 1639 1712 699 1465 
1669907568 1621 1769 715 1353 
1669907570 1622 1695 678 1498 
1669907572 1550 1778 764 1467 
1669907574 1580 1726 706 1468 
1669907576 1574 1740 719 1476 
1669907578 2030 1520 676 1554 
1669907580 1369 1821 700 1486 
1669907582 1544 1753 699 1460 
1669907584 1457 1808 751 1416 
1669907586 1466 1784 688 1369 
1669907588 1914 1549 637 1396 
1669907590 1616 1657 586 1339 
1669907592 1894 1574 617 1484 
1669907594 1471 1762 773 1448 
1669907596 1737 1620 695 1483 
1669907598 1510 1831 777 1463 
1669907600 1673 1715 714 1463 
1669907602 1208 2013 844 1304 
1669907604 1404 1827 706 1289 
1669907606 1775 1591 688 1360 
1669907608 1737 1656 713 1435 
1669907610 1686 1682 705 1462 
1669907612 1639 1690 688 1453 
1669907614 1627 1659 705 1485 
1669907616 1605 1694 717 1437 
1669907618 1630 1621 715 1484 
1669907620 1642 1664 700 1385 
1669907622 1596 1653 729 1438 
1669907624 1651 1708 713 1461 
1669907626 1635 1756 742 1497 
1669907628 1625 1696 686 1386 
1669907630 1488 1624 700 1261 
1669907632 1614 1758 734 1377 
1669907634 1590 1713 699 1425 
1669907636 1610 1751 694 1476 
1669907638 1626 1742 716 1497 
1669907640 1609 1754 728 1446 
1669907642 1606 1750 712 1461 
1669907644 1583 1764 711 1481 
1669907646 1608 1788 743 1492 
1669907648 1576 1734 657 1441 
1669907650 1565 1748 731 1470 
1669907652 1605 1743 733 1484 
1669907654 1606 1746 744 1488 
1669907656 1554 1734 650 1480 
1669907658 1589 1662 732 1372 
1669907660 1558 1655 690 1454 
1669907662 1465 1728 734 1462 
1669907664 1550 1769 691 1437 
1669907666 1562 1734 644 1495 
1669907668 1607 1711 700 1373 
1669907670 1564 1625 710 1489 
1669907672 1606 1738 655 1464 
1669907674 1584 1780 729 1471 
1669907676 1603 1758 727 1479 
1669907678 1564 1749 704 1493 
1669907680 1604 1666 737 1461 
1669907682 1557 1737 722 1484 
1669907684 1470 1729 688 1448 
1669907686 1610 1758 648 1455 
1669907688 1599 1712 719 1438 
1669907690 1556 1741 731 1445 
1669907692 1476 1748 721 1472 
1669907694 1596 1748 719 1369 
1669907696 1561 1644 699 1353 
1669907698 1614 1741 706 1383 
1669907700 1620 1671 727 1454 
1669907702 1598 1693 735 1481 
1669907704 1588 1699 725 1476 
1669907706 1634 1776 723 1446 
1669907708 1581 1741 694 1484 
1669907710 1599 1723 712 1482 
1669907712 1625 1721 676 1458 
1669907714 1579 1757 696 1447 
1669907716 1605 1707 724 1361 
1669907718 1586 1768 720 1462 
1669907720 1579 1713 719 1423 
1669907722 1603 1653 725 1470 
1669907724 1519 1713 635 1474 
1669907726 1623 1776 708 1498 
1669907728 1579 1747 695 1469 
1669907730 1569 1730 729 1493 
1669907732 1477 1747 629 1423 
1669907734 1551 1736 735 1455 
1669907736 1585 1760 721 1458 
1669907738 1637 1773 693 1445 
1669907740 1490 1726 728 1499 
1669907742 1587 1746 705 1480 
1669907744 1589 1762 737 1469 
1669907746 1598 1756 730 1509 
1669907748 1602 1743 713 1465 
1669907750 1645 1756 707 1352 
1669907752 1608 1675 698 1466 
1669907754 1609 1752 732 1446 
1669907756 1587 1726 725 1449 
1669907758 1616 1620 703 1451 
1669907760 1570 1736 723 1429 
1669907762 1566 1756 694 1379 
1669907764 1613 1725 632 1368 
1669907766 1594 1620 718 1372 
1669907768 1576 1769 732 1493 
1669907770 1566 1770 705 1453 
1669907772 1607 1699 698 1487 
1669907774 1563 1711 718 1362 
1669907776 1566 1784 641 1460 
1669907778 1613 1733 739 1480 
1669907780 1570 1739 624 1489 
1669907782 1592 1738 698 1489 
1669907784 1568 1733 701 1488 
1669907786 1605 1717 695 1465 
1669907788 1751 1659 675 1431 
1669907790 1627 1608 623 1477 
1669907792 628 3175 1650 1341 
1669907794 1998 1445 675 1512 
1669907796 1490 1790 740 1436 
1669907798 1732 1683 678 1493 
1669907800 1671 1660 702 1398 
1669907802 1659 1723 715 1463 
1669907804 1616 1725 718 1463 
1669907806 1583 1758 744 1370 
1669907808 1627 1742 720 1455 
1669907810 1622 1654 637 1477 
1669907812 1485 1663 691 1461 
1669907814 1600 1658 713 1468 
1669907816 1575 1673 716 1487 
1669907818 1568 1672 732 1448 
1669907820 1617 1758 741 1358 
1669907822 1613 1765 733 1457 
1669907824 1612 1745 731 1469 
1669907826 1605 1770 719 1473 
1669907828 1582 1778 742 1393 
1669907830 1581 1734 650 1481 
1669907832 1564 1790 748 1479 
1669907834 1568 1704 743 1495 
1669907836 1603 1733 725 1468 
1669907838 1617 1689 687 1464 
1669907840 1586 1753 723 1436 
1669907842 1624 1735 721 1427 
1669907844 1576 1777 695 1449 
1669907846 1584 1787 738 1460 
1669907848 1597 1698 734 1381 
1669907850 1563 1641 704 1448 
1669907852 1521 1677 707 1488 
1669907854 1483 1660 622 1480 
1669907856 1468 1503 666 1374 
1669907858 1492 1717 717 1478 
1669907860 1606 1622 720 1468 
1669907862 1615 1668 739 1490 
1669907864 1499 1706 731 1470 
1669907866 1502 1702 729 1357 
1669907868 1488 1748 738 1486 
1669907870 1625 1724 716 1488 
1669907872 1529 1697 727 1448 
1669907874 1474 1617 696 1361 
1669907876 1617 1680 635 1464 
1669907878 1636 1781 727 1473 
1669907880 1621 1738 645 1476 
1669907882 1494 1701 723 1479 
1669907884 1600 1727 738 1460 
1669907886 1639 1722 708 1450 
1669907888 1618 1521 713 1486 
1669907890 1606 1736 734 1497 
1669907892 1613 1697 692 1260 
1669907894 1566 1762 732 1476 
1669907896 1599 1703 736 1381 
1669907898 1568 1747 733 1445 
1669907900 1610 1702 551 1460 
1669907902 1584 1759 715 1451 
1669907904 1580 1724 692 1457 
1669907906 1562 1733 721 1478 
1669907908 1570 1753 713 1490 
1669907910 1577 1678 712 1388 
1669907912 1626 1733 715 1424 
1669907914 1594 1767 693 1456 
1669907916 1498 1634 703 1434 
1669907918 1625 1738 734 1493 
1669907920 1617 1731 685 1464 
1669907922 1634 1708 734 1444 
1669907924 1578 1733 709 1461 
1669907926 1616 1826 718 1488 
1669907928 1591 1733 731 1443 
1669907930 1593 1740 639 1427 
1669907932 1614 1734 718 1468 
1669907934 1586 1780 715 1466 
1669907936 1602 1711 723 1483 
1669907938 1578 1710 619 1461 
1669907940 1613 1779 727 1479 
1669907942 1548 1703 700 1450 
1669907944 1587 1750 727 1437 
1669907946 1553 1763 709 1492 
1669907948 1609 1725 697 1422 
1669907950 1490 1743 703 1452 
1669907952 1621 1695 722 1458 
1669907954 1491 1735 700 1453 
1669907956 1545 1749 716 1364 
1669907958 1588 1728 626 1465 
1669907960 1573 1717 708 1483 
1669907962 1592 1737 698 1493 
1669907964 1105 1973 807 1410 
1669907966 1072 2021 947 1369 
1669907968 1663 1674 698 1400 
1669907970 1672 1677 701 1357 
1669907972 1613 1715 712 1459 
1669907974 1755 1819 793 1487 
1669907976 1680 1585 674 1440 
1669907978 2929 2181 1242 1859 
1669907980 1319 2095 980 1272 
1669907982 1616 1758 696 1352 
1669907984 1382 1712 730 1458 
1669907986 1618 1696 695 1461 
1669907988 1603 1737 722 1384 
1669907990 1572 1697 698 1437 
1669907992 1772 1948 808 1485 
1669907994 1273 1248 516 1305 
1669907996 1557 1687 716 1493 
1669907998 2383 2549 1130 1487 
1669908000 1450 1527 668 1425 
1669908002 1572 1709 700 1361 
1669908004 1556 1739 685 1477 
1669908006 1614 1775 647 1482 
1669908008 1657 1792 721 1492 
1669908010 1500 1919 769 1365 
1669908012 1503 1575 669 1448 
1669908014 1621 1714 756 1493 
1669908016 1686 1805 681 1468 
1669908018 1367 1531 647 1457 
1669908020 1543 1686 718 1469 
1669908022 1621 1730 738 1460 
1669908024 1598 1772 555 1469 
1669908026 1576 1768 735 1470 
1669908028 1606 1676 699 1474 
1669908030 1675 1755 716 1380 
1669908032 1458 1603 682 1443 
1669908034 1675 1822 774 1488 
1669908036 1805 1902 801 1432 
1669908038 1648 1611 838 1538 
1669908040 1509 1630 630 1332 
1669908042 2020 979 973 1265 
1669908044 2195 532 638 1170 
1669908046 695 1624 785 1043 
1669908048 1265 950 743 1480 
1669908050 911 1686 1083 831 
1669908052 1079 1612 994 802 
1669908054 1493 1668 674 1405 
1669908056 1393 1634 658 1263 
1669908058 1608 1688 778 1521 
1669908060 1710 1763 669 1510 
1669908062 1517 1722 662 1488 
1669908064 1450 1685 606 1467 
1669908066 1511 1748 618 1340 
1669908068 1590 1764 714 1445 
1669908070 1507 1776 515 1329 
1669908072 1565 1749 691 1476 
1669908074 1291 1693 672 1301 
1669908076 1111 1627 588 1273 
1669908078 1637 1759 1137 1550 
1669908080 1285 1748 640 1360 
1669908082 1645 1688 735 1505 
1669908084 1571 1743 711 1480 
1669908086 1837 1668 808 1568 
1669908088 1348 1782 680 1359 
1669908090 1687 1743 739 1536 
1669908092 1689 1792 735 1502 
1669908094 1639 1685 640 1376 
1669908096 1723 1684 677 1545 
1669908098 1582 1828 793 1492 
1669908100 1663 1689 717 1518 
1669908102 1709 1735 734 1390 
1669908104 1694 1733 770 1524 
1669908106 1846 1745 768 1560 
1669908108 1631 1805 718 1487 
1669908110 1441 1799 710 1297 
1669908112 1727 1669 765 1541 
1669908114 1738 1809 778 1506 
1669908116 1671 1786 776 1497 
1669908118 1668 1737 760 1385 
1669908120 1655 1697 759 1474 
1669908122 1630 1787 679 1493 
1669908124 1661 1788 784 1428 
1669908126 1548 1756 760 1508 
1669908128 1614 1750 675 1460 
1669908130 1621 1666 741 1507 
1669908132 1627 1686 779 1508 
1669908134 1664 1505 732 1406 
1669908136 1657 1790 713 1481 
1669908138 1689 1668 745 1483 
1669908140 1690 1709 740 1482 
1669908142 1688 1765 748 1499 
1669908144 1656 1567 748 1298 
1669908146 1605 1704 715 1504 
1669908148 1667 1759 763 1515 
1669908150 1663 1744 766 1474 
1669908152 1667 1772 775 1477 
1669908154 1711 1747 741 1494 
1669908156 1735 1756 767 1464 
1669908158 1670 1741 751 1463 
1669908160 1666 1770 753 1472 
1669908162 1700 1500 777 1387 
1669908164 1613 1475 713 1455 
1669908166 1756 1649 745 1460 
1669908168 1690 1619 744 1504 
1669908170 1654 1617 706 1464 
1669908172 1676 1798 742 1492 
1669908174 1707 1755 732 1471 
1669908176 1577 1771 641 1476 
1669908178 1653 1493 729 1469 
1669908180 1715 1678 728 1438 
1669908182 1713 1672 704 1479 
1669908184 1665 1714 720 1394 
1669908186 1690 1719 707 1478 
1669908188 1652 1781 721 1343 
1669908190 1673 1661 725 1436 
1669908192 1659 1705 720 1366 
1669908194 1671 1692 710 1474 
1669908196 1678 1795 715 1440 
1669908198 1617 1721 716 1371 
1669908200 1599 1713 614 1311 
1669908202 1641 1793 689 1446 
1669908204 1592 1730 676 1424 
1669908206 1554 1787 651 1414 
1669908208 1556 1732 689 1412 
1669908210 1471 1446 678 1431 
1669908212 1544 1662 686 1450 
1669908214 1534 1723 687 1470 
1669908216 1520 1674 677 1469 
1669908218 1577 1654 725 1357 
1669908220 1438 1729 697 1487 
1669908222 1546 1651 718 1468 
1669908224 1588 1494 639 1487 
1669908226 1610 1767 730 1399 
1669908228 1622 1754 736 1492 
1669908230 1662 1764 744 1487 
1669908232 1701 1785 725 1391 
1669908234 1702 1812 767 1479 
1669908236 1710 1502 674 1477 
1669908238 1680 1727 720 1512 
1669908240 1726 1836 767 1487 
1669908242 1691 1754 633 1485 
1669908244 1667 1771 729 1498 
1669908246 1640 1811 714 1487 
1669908248 1663 1664 725 1446 
1669908250 1619 1681 616 1447 
1669908252 1655 1661 705 1456 
1669908254 1634 1704 716 1421 
1669908256 1537 1687 633 1413 
1669908258 1334 1584 638 1362 
1669908260 1540 1712 693 1415 
1669908262 1454 1720 663 1397 
1669908264 1561 1644 707 1431 
1669908266 1599 1736 679 1389 
1669908268 1424 1788 695 1418 
1669908270 1518 1781 715 1483 
1669908272 1528 1807 712 1453 
1669908274 1573 1678 646 1501 
1669908276 1637 1703 747 1486 
1669908278 1656 1759 734 1370 
1669908280 1664 1754 753 1512 
1669908282 1656 1784 759 1500 
1669908284 1683 1723 738 1401 
1669908286 1672 1676 627 1438 
1669908288 1655 1802 736 1379 
1669908290 1658 1517 713 1350 
1669908292 1689 1679 709 1450 
1669908294 1671 1772 733 1430 
1669908296 1666 1656 711 1427 
1669908298 1628 1785 711 1412 
1669908300 1626 1799 710 1475 
1669908302 1656 1602 614 1330 
1669908304 1654 1778 713 1409 
1669908306 1640 1785 692 1461 
1669908308 1632 1821 704 1448 
1669908310 1566 1778 713 1427 
1669908312 1372 1576 647 1239 
1669908314 1703 1672 628 1444 
1669908316 1148 1798 638 1262 
1669908318 1109 1447 606 1269 
1669908320 1732 1547 781 1534 
1669908322 1635 1752 668 1471 
1669908324 1670 1779 684 1434 
1669908326 1622 1709 673 1323 
1669908328 1584 1778 620 1324 
1669908330 1599 1754 683 1427 
1669908332 1577 1705 597 1380 
1669908334 1613 1677 691 1460 
1669908336 1657 1671 668 1251 
1669908338 1597 1683 682 1286 
1669908340 1649 1633 676 1325 
1669908342 1623 1771 594 1327 
1669908344 1220 1721 554 1272 
1669908346 1345 1742 692 1389 
1669908348 1761 1698 737 1495 
1669908350 1579 1754 688 1353 
1669908352 1494 1684 684 1322 
1669908354 1610 1593 672 1363 
1669908356 1538 1793 688 1440 
1669908358 1529 1714 686 1409 
1669908360 1504 1525 653 1412 
1669908362 1558 1292 572 1463 
1669908364 1547 1759 678 1462 
1669908366 1512 1683 674 1442 
1669908368 1517 1756 696 1347 
1669908370 1545 1756 669 1445 
1669908372 1284 1743 676 1386 
1669908374 1570 1658 737 1466 
1669908376 1555 1666 721 1468 
1669908378 1637 1795 717 1505 
1669908380 1597 1671 728 1353 
1669908382 1549 1690 742 1429 
1669908384 1659 1726 758 1526 
1669908386 1677 1677 740 1477 
1669908388 1705 1804 746 1526 
1669908390 1664 1793 734 1461 
1669908392 1704 1691 705 1486 
1669908394 1642 1722 724 1373 
1669908396 1455 1779 746 1331 
1669908398 1604 1494 706 1309 
1669908400 1652 1683 671 1462 
1669908402 1642 1467 697 1431 
1669908404 1612 1481 648 1436 
1669908406 1601 1657 675 1431 
1669908408 1546 1697 669 1407 
1669908410 1556 1644 687 1444 
1669908412 1474 1774 661 1447 
1669908414 1520 1561 657 1440 
1669908416 1609 1646 677 1481 
1669908418 1351 1756 626 1397 
1669908420 1521 1731 653 1417 
1669908422 1558 1681 701 1484 
1669908424 1518 1776 677 1480 
1669908426 1572 1798 730 1379 
1669908428 1548 1804 706 1499 
1669908430 1574 1447 712 1386 
1669908432 1532 1785 741 1462 
1669908434 1596 1712 645 1455 
1669908436 1662 1746 749 1517 
1669908438 1643 1713 766 1381 
1669908440 1693 1676 671 1478 
1669908442 1764 1464 674 1547 
1669908444 1755 1698 674 1538 
1669908446 1698 1720 666 1520 
1669908448 1581 1796 746 1483 
1669908450 1661 1710 744 1499 
1669908452 1699 1753 733 1476 
1669908454 1690 1496 717 1468 
1669908456 1634 1783 719 1437 
1669908458 1651 1762 729 1365 
1669908460 1694 1706 730 1341 
1669908462 1661 1725 706 1429 
1669908464 1634 1702 641 1464 
1669908466 1637 1652 630 1480 
1669908468 1654 1673 711 1469 
1669908470 1672 1760 740 1454 
1669908472 1650 1756 701 1487 
1669908474 1696 1526 615 1480 
1669908476 1627 1753 718 1491 
1669908478 1710 1758 705 1454 
1669908480 1689 1684 719 1438 
1669908482 1664 1624 716 1347 
1669908484 1714 1509 640 1432 
1669908486 1494 1573 710 1413 
1669908488 1692 1686 745 1499 
1669908490 1690 1771 723 1446 
1669908492 1659 1659 695 1477 
1669908494 1563 1759 734 1476 
1669908496 1690 1796 696 1468 
1669908498 1642 1791 675 1398 
1669908500 1807 1648 766 1520 
1669908502 1348 1771 602 1367 
1669908504 1818 1759 679 1517 
1669908506 1644 1788 659 1436 
1669908508 1602 1697 588 1433 
1669908510 1579 1694 695 1447 
1669908512 1494 1708 687 1406 
1669908514 1503 1649 658 1453 
1669908516 1490 1769 669 1480 
1669908518 1504 1766 617 1439 
1669908520 1570 1776 612 1507 
1669908522 1576 1776 643 1445 
1669908524 1610 1712 722 1406 
1669908526 1593 1701 716 1517 
1669908528 1604 1837 778 1477 
1669908530 1693 1742 762 1518 
1669908532 1681 1791 731 1496 
1669908534 1671 1668 712 1491 
1669908536 1658 1709 687 1454 
1669908538 1651 1797 678 1442 
1669908540 1637 1668 679 1430 
1669908542 1366 1803 627 1319 
1669908544 1476 1732 791 1419 
1669908546 1809 1719 681 1521 
1669908548 1626 1580 580 1342 
1669908550 1525 1704 569 1407 
1669908552 1544 1808 681 1405 
1669908554 1397 1668 659 1433 
1669908556 1093 1470 619 1154 
1669908558 1111 1704 541 1307 
1669908560 1251 1766 671 1296 
1669908562 1506 1530 748 1459 
1669908564 1587 1794 641 1475 
1669908566 1605 1777 641 1491 
1669908568 1309 1756 668 1412 
1669908570 1278 1805 603 1421 
1669908572 1310 1828 609 1423 
1669908574 1502 1786 745 1435 
1669908576 1516 1702 654 1471 
1669908578 1814 1685 815 1585 
1669908580 1822 1758 746 1447 
1669908582 1614 1731 747 1517 
1669908584 1691 1766 672 1528 
1669908586 1293 1723 683 1405 
1669908588 1686 1622 685 1487 
1669908590 1658 1684 746 1489 
1669908592 1668 1509 783 1532 
1669908594 1539 1675 687 1423 
1669908596 1704 1544 773 1531 
1669908598 1638 1622 755 1475 
1669908600 1747 1785 754 1445 
1669908602 1751 1836 683 1492 
1669908604 1678 1737 660 1555 
1669908606 1714 1696 750 1511 
1669908608 1747 1828 782 1560 
1669908610 1746 1795 768 1512 
1669908612 1708 1788 748 1552 
1669908614 1744 1743 732 1505 
1669908616 1740 1828 647 1476 
1669908618 1765 1692 762 1302 
1669908620 1760 1720 728 1404 
1669908622 1719 1682 648 1387 
1669908624 1708 1649 753 1503 
1669908626 1744 1812 764 1498 
1669908628 1620 1770 539 1312 
1669908630 1673 1758 710 1344 
1669908632 1564 1663 718 1384 
1669908634 1687 1730 721 1485 
1669908636 1684 1512 720 1470 
1669908638 1711 1697 674 1434 
1669908640 1686 1660 677 1448 
1669908642 1603 1674 702 1427 
1669908644 1637 1739 662 1441 
1669908646 1644 1764 667 1329 
1669908648 1625 1708 660 1456 
1669908650 1628 1760 659 1425 
1669908652 1628 1594 580 1433 
1669908654 1603 1736 665 1462 
1669908656 1589 1744 681 1456 
1669908658 1534 1760 673 1425 
1669908660 1547 1657 694 1466 
1669908662 1557 1755 669 1464 
1669908664 1505 1709 665 1428 
1669908666 1563 1719 652 1457 
1669908668 1528 1750 590 1446 
1669908670 1515 1666 685 1452 
1669908672 1578 1577 581 1409 
1669908674 1562 1674 670 1487 
1669908676 1537 1705 680 1469 
1669908678 1428 1532 662 1462 
1669908680 1525 1678 682 1352 
1669908682 1579 1716 665 1445 
1669908684 1522 1754 681 1458 
1669908686 1562 1525 651 1458 
1669908688 1574 1526 675 1439 
1669908690 1526 1531 644 1340 
1669908692 1526 1699 671 1452 
1669908694 1560 1721 641 1392 
1669908696 1471 1662 644 1415 
1669908698 1478 1739 656 1412 
1669908700 1604 1656 598 1423 
1669908702 1623 1792 667 1427 
1669908704 1606 1678 686 1443 
1669908706 1625 1679 673 1334 
1669908708 1665 1742 707 1339 
1669908710 1564 1804 668 1405 
1669908712 1591 1726 694 1448 
1669908714 1634 1538 663 1398 
1669908716 1505 1675 682 1407 
1669908718 1603 1773 651 1405 
1669908720 1611 1646 671 1432 
1669908722 1567 1745 648 1327 
1669908724 1554 1711 649 1408 
1669908726 1590 1765 655 1413 
1669908728 1536 1777 641 1417 
1669908730 1527 1756 670 1420 
1669908732 1554 1687 654 1429 
1669908734 1545 1791 675 1438 
1669908736 1519 1466 697 1449 
1669908738 1563 1736 723 1480 
1669908740 1548 1747 724 1395 
1669908742 1586 1781 705 1518 
1669908744 1634 1733 638 1406 
1669908746 1643 1720 728 1403 
1669908748 1637 1705 719 1491 
1669908750 1552 1764 724 1490 
1669908752 1671 1675 737 1467 
1669908754 1512 1817 723 1478 
1669908756 1543 1786 758 1402 
1669908758 1709 1740 718 1504 
1669908760 1730 1554 727 1450 
1669908762 1675 1671 686 1378 
1669908764 1696 1677 731 1358 
1669908766 1682 1306 714 1475 
1669908768 1670 1689 710 1490 
1669908770 1656 1530 685 1434 
1669908772 1665 1755 679 1459 
1669908774 1663 1459 694 1442 
1669908776 1639 1751 686 1484 
1669908778 1514 1465 665 1414 
1669908780 1559 1709 664 1389 
1669908782 1627 1771 683 1449 
1669908784 1594 1762 602 1437 
1669908786 1536 1768 674 1419 
1669908788 1605 1712 589 1442 
1669908790 1593 1746 636 1295 
1669908792 1576 1478 667 1409 
1669908794 1529 1636 642 1454 
1669908796 1532 1756 645 1398 
1669908798 1505 1789 645 1429 
1669908800 1511 1632 663 1451 
1669908802 1541 1704 666 1447 
1669908804 1549 1771 681 1340 
1669908806 1458 1675 649 1430 
1669908808 1512 1707 653 1413 
1669908810 1518 1760 688 1459 
1669908812 1534 1786 672 1474 
1669908814 1489 1758 676 1339 
1669908816 1545 1716 695 1427 
1669908818 1546 1760 688 1489 
1669908820 1583 1737 709 1445 
1669908822 1559 1702 726 1386 
1669908824 1572 1658 697 1485 
1669908826 1600 1817 692 1506 
1669908828 1619 1742 694 1372 
1669908830 1607 1791 695 1468 
1669908832 1639 1725 700 1509 
1669908834 1626 1813 714 1372 
1669908836 1600 1651 727 1523 
1669908838 1651 1730 755 1484 
1669908840 1683 1791 657 1502 
1669908842 1707 1773 726 1525 
1669908844 1718 1550 678 1383 
1669908846 1579 1679 737 1507 
1669908848 1669 1640 713 1468 
1669908850 1538 1695 710 1376 
1669908852 1694 1780 642 1479 
1669908854 1643 1761 710 1465 
1669908856 1618 1709 698 1438 
1669908858 1639 1445 666 1418 
1669908860 1608 1662 655 1395 
1669908862 1514 1535 639 1429 
1669908864 1510 1813 685 1405 
1669908866 1537 1746 598 1448 
1669908868 1553 1651 684 1440 
1669908870 1541 1798 679 1491 
1669908872 1546 1813 706 1507 
1669908874 1585 1753 692 1512 
1669908876 1589 1748 725 1493 
1669908878 1600 1719 754 1408 
1669908880 1639 1701 714 1490 
1669908882 1633 1809 713 1477 
1669908884 1674 1777 728 1519 
1669908886 1665 1790 618 1488 
1669908888 1599 1732 629 1447 
1669908890 1622 1708 681 1434 
1669908892 1504 1668 699 1423 
1669908894 1489 1738 600 1426 
1669908896 1617 1701 665 1445 
1669908898 1536 1527 660 1331 
1669908900 1542 1673 662 1404 
1669908902 1503 1757 577 1435 
1669908904 1546 1723 647 1448 
1669908906 1503 1625 592 1466 
1669908908 1579 1721 682 1371 
1669908910 1537 1746 707 1434 
1669908912 1612 1794 644 1497 
1669908914 1614 1789 653 1502 
1669908916 1645 1718 738 1489 
1669908918 1679 1737 703 1517 
1669908920 1667 1765 749 1382 
1669908922 1628 1762 745 1457 
1669908924 1645 1656 695 1444 
1669908926 1664 1786 725 1438 
1669908928 1669 1716 675 1448 
1669908930 1592 1799 677 1459 
1669908932 1563 1452 701 1427 
1669908934 1606 1776 693 1437 
1669908936 1531 1697 644 1441 
1669908938 1526 1576 604 1450 
1669908940 1580 1688 601 1441 
1669908942 1726 1714 627 1487 
1669908944 1532 1718 683 1438 
1669908946 1488 1718 661 1447 
1669908948 1548 1750 674 1483 
1669908950 1604 1699 594 1496 
1669908952 1459 1783 701 1451 
1669908954 1527 1671 705 1477 
1669908956 1564 1785 696 1450 
1669908958 1575 1717 720 1464 
1669908960 1589 1673 741 1453 
1669908962 1643 1740 729 1484 
1669908964 1660 1716 762 1528 
1669908966 1641 1817 720 1370 
1669908968 1697 1797 723 1480 
1669908970 1666 1700 749 1516 
1669908972 1643 1794 749 1457 
1669908974 1681 1778 716 1499 
1669908976 1685 1663 733 1461 
1669908978 1578 1671 725 1448 
1669908980 1711 1758 743 1484 
1669908982 1684 1530 708 1340 
1669908984 1751 1777 717 1510 
1669908986 1576 1602 673 1435 
1669908988 1541 1707 716 1452 
1669908990 1635 1723 712 1463 
1669908992 1536 1798 586 1306 
1669908994 1453 1681 636 1374 
1669908996 1599 1806 768 1457 
1669908998 1871 1635 703 1539 
1669909000 1864 1749 634 1570 
1669909002 1628 1628 696 1458 
1669909004 1507 1713 690 1353 
1669909006 1478 1712 684 1423 
1669909008 1495 1768 579 1449 
1669909010 1453 1685 647 1430 
1669909012 1539 1675 681 1447 
1669909014 1552 1690 660 1332 
1669909016 1529 1741 666 1351 
1669909018 1547 1748 580 1340 
1669909020 1500 1725 687 1461 
1669909022 1487 1458 665 1456 
1669909024 1542 1750 666 1359 
1669909026 1542 1736 703 1442 
1669909028 1486 1516 593 1393 
1669909030 1542 1756 608 1333 
1669909032 1530 1769 672 1357 
1669909034 1546 1501 646 1449 
1669909036 1549 1669 584 1326 
1669909038 1579 1746 690 1218 
1669909040 1565 1748 667 1386 
1669909042 1594 1786 680 1451 
1669909044 1574 1681 668 1343 
1669909046 1634 1703 707 1452 
1669909048 1658 1797 684 1347 
1669909050 1674 1506 722 1484 
1669909052 1669 1810 725 1469 
1669909054 1718 1681 728 1363 
1669909056 1675 1480 743 1377 
1669909058 1712 1719 747 1501 
1669909060 1674 1771 755 1471 
1669909062 1656 1793 734 1482 
1669909064 1653 1727 733 1482 
1669909066 1681 1809 758 1496 
1669909068 1657 1721 725 1527 
1669909070 1621 1781 745 1500 
1669909072 1651 1776 737 1484 
1669909074 1579 1721 731 1512 
1669909076 1615 1634 625 1496 
1669909078 1599 1759 726 1369 
1669909080 1559 1775 717 1508 
1669909082 1572 1791 690 1481 
1669909084 1576 1577 730 1463 
1669909086 1446 1788 696 1478 
1669909088 1570 1810 620 1463 
1669909090 1510 1770 730 1483 
1669909092 1561 1753 705 1476 
1669909094 1520 1651 690 1454 
1669909096 1463 1762 608 1462 
1669909098 1494 1721 655 1414 
1669909100 1539 1750 675 1481 
1669909102 1404 1299 679 1462 
1669909104 1542 1477 590 1425 
1669909106 1489 1715 689 1367 
1669909108 1542 1736 578 1445 
1669909110 1503 1682 599 1446 
1669909112 1545 1645 690 1469 
1669909114 1493 1662 693 1429 
1669909116 1522 1639 586 1436 
1669909118 1539 1653 682 1438 
1669909120 1554 1675 655 1428 
1669909122 1527 1674 662 1409 
1669909124 1516 1720 665 1461 
1669909126 1528 1480 592 1450 
1669909128 1495 1631 583 1440 
1669909130 1515 1705 671 1427 
1669909132 1489 1755 659 1404 
1669909134 1445 1756 605 1393 
1669909136 1526 1658 692 1420 
1669909138 1551 1656 677 1425 
1669909140 1564 1654 583 1383 
1669909142 1531 1749 671 1427 
1669909144 1562 1480 659 1407 
1669909146 1597 1677 668 1412 
1669909148 1588 1511 678 1423 
1669909150 1558 1774 640 1451 
1669909152 1568 1766 676 1330 
1669909154 1607 1645 679 1310 
1669909156 1560 1802 667 1397 
1669909158 1564 1763 665 1437 
1669909160 1591 1688 656 1325 
1669909162 1560 1804 680 1424 
1669909164 1608 1687 655 1399 
1669909166 1468 1765 655 1438 
1669909168 1587 1714 673 1335 
1669909170 1616 1471 650 1314 
1669909172 1472 1768 504 1323 
1669909174 1608 1696 669 1404 
1669909176 1614 1724 682 1340 
1669909178 1605 1748 688 1403 
1669909180 1589 1660 657 1419 
1669909182 1555 1683 577 1411 
1669909184 1607 1739 651 1430 
1669909186 1552 1649 648 1220 
1669909188 1609 1462 685 1309 
1669909190 1536 1677 646 1458 
1669909192 1551 1674 635 1392 
1669909194 1559 1776 605 1381 
1669909196 1539 1715 659 1418 
1669909198 1528 1811 662 1466 
1669909200 1514 1727 682 1332 
1669909202 1493 1647 666 1426 
1669909204 1537 1755 689 1479 
1669909206 1505 1752 527 1456 
1669909208 1562 1735 675 1466 
1669909210 1571 1655 707 1471 
1669909212 1572 1785 691 1481 
1669909214 1569 1767 700 1389 
1669909216 1572 1612 564 1366 
1669909218 1655 1807 755 1513 
1669909220 1613 1798 733 1464 
1669909222 1541 1714 724 1496 
1669909224 1668 1726 744 1517 
1669909226 1662 1764 728 1490 
1669909228 1708 1773 748 1510 
1669909230 1721 1707 740 1505 
1669909232 1661 1698 663 1480 
1669909234 1662 1707 720 1463 
1669909236 1692 1513 703 1439 
1669909238 1700 1706 742 1469 
1669909240 1680 1783 732 1350 
1669909242 1661 1701 630 1433 
1669909244 1690 1610 729 1463 
1669909246 1637 1669 704 1470 
1669909248 1673 1687 689 1457 
1669909250 1603 1785 705 1449 
1669909252 1600 1751 691 1451 
1669909254 1582 1521 671 1396 
1669909256 1628 1719 681 1422 
1669909258 1620 1696 690 1436 
1669909260 1585 1757 686 1413 
1669909262 1536 1764 682 1424 
1669909264 1539 1716 652 1421 
1669909266 1532 1680 701 1426 
1669909268 1546 1750 671 1465 
1669909270 1496 1764 702 1447 
1669909272 1525 1748 703 1438 
1669909274 1467 1756 727 1481 
1669909276 1539 1682 727 1473 
1669909278 1595 1684 620 1394 
1669909280 1597 1743 719 1477 
1669909282 1602 1747 708 1490 
1669909284 1660 1611 716 1486 
1669909286 1581 1478 752 1502 
1669909288 1708 1772 734 1514 
1669909290 1726 1662 654 1501 
1669909292 1713 1750 759 1484 
1669909294 1573 1708 634 1384 
1669909296 1692 1789 735 1481 
1669909298 1645 1731 719 1466 
1669909300 1558 1588 712 1434 
1669909302 1641 1773 695 1400 
1669909304 1404 1724 678 1446 
1669909306 1613 1775 671 1382 
1669909308 1570 1594 674 1412 
1669909310 1589 1776 603 1432 
1669909312 1516 1653 684 1421 
1669909314 1496 1523 670 1440 
1669909316 1479 1730 705 1433 
1669909318 1541 1771 675 1434 
1669909320 1548 1732 668 1328 
1669909322 1518 1660 689 1450 
1669909324 1541 1648 703 1459 
1669909326 1545 1616 622 1485 
1669909328 1581 1488 710 1454 
1669909330 1599 1765 700 1497 
1669909332 1604 1699 706 1463 
1669909334 1585 1747 701 1449 
1669909336 1623 1811 651 1512 
1669909338 1596 1780 769 1512 
1669909340 1658 1801 727 1390 
1669909342 1584 1591 753 1503 
1669909344 1684 1718 773 1508 
1669909346 1671 1741 737 1478 
1669909348 1676 1789 737 1382 
1669909350 1571 1807 751 1502 
1669909352 1698 1603 743 1473 
1669909354 1644 1814 722 1491 
1669909356 1687 1770 708 1463 
1669909358 1658 1747 721 1466 
1669909360 1672 1616 715 1441 
1669909362 1600 1791 684 1369 
1669909364 1641 1776 724 1463 
1669909366 1610 1688 690 1346 
1669909368 1618 1774 572 1293 
1669909370 1568 1784 592 1212 
1669909372 1559 1668 681 1441 
1669909374 1535 1652 657 1444 
1669909376 1450 1778 653 1421 
1669909378 1507 1681 675 1440 
1669909380 1539 1665 696 1432 
1669909382 1535 1764 701 1418 
1669909384 1571 1633 701 1469 
1669909386 1568 1692 717 1461 
1669909388 1592 1789 721 1369 
1669909390 1599 1672 729 1497 
1669909392 1639 1718 718 1529 
1669909394 1647 1747 725 1511 
1669909396 1564 1327 744 1518 
1669909398 1713 1696 764 1478 
1669909400 1709 1700 660 1465 
1669909402 1669 1777 713 1479 
1669909404 1663 1746 657 1432 
1669909406 1644 1784 725 1458 
1669909408 1630 1746 718 1432 
1669909410 1592 1663 695 1441 
1669909412 1621 1745 657 1427 
1669909414 1600 1535 674 1449 
1669909416 1522 1278 682 1463 
1669909418 1420 1692 648 1355 
1669909420 1536 1765 671 1426 
1669909422 1509 1677 687 1421 
1669909424 1544 1673 676 1438 
1669909426 1497 1643 681 1433 
1669909428 1411 1658 706 1460 
1669909430 1524 1769 606 1479 
1669909432 1571 1687 708 1491 
1669909434 1508 1731 711 1463 
1669909436 1562 1770 699 1445 
1669909438 1576 1766 692 1490 
1669909440 1583 1708 733 1490 
1669909442 1551 1714 727 1468 
1669909444 1463 1619 676 1449 
1669909446 1537 1759 705 1448 
1669909448 1475 1775 712 1493 
1669909450 1584 1706 708 1491 
1669909452 1587 1701 720 1515 
1669909454 1557 1772 736 1489 
1669909456 1534 1779 695 1478 
1669909458 1363 1703 707 1377 
1669909460 1529 1720 633 1444 
1669909462 1556 1475 690 1503 
1669909464 1583 1480 719 1488 
1669909466 1564 1713 722 1458 
1669909468 1560 1660 685 1441 
1669909470 1562 1764 623 1426 
1669909472 1505 1735 699 1461 
1669909474 1494 1767 675 1445 
1669909476 1545 1708 705 1435 
1669909478 1558 1491 699 1462 
1669909480 1561 1714 621 1461 
1669909482 1522 1312 701 1433 
1669909484 1542 1659 674 1483 
1669909486 1508 1662 677 1445 
1669909488 1532 1537 686 1453 
1669909490 1514 1485 697 1422 
1669909492 1509 1751 662 1434 
1669909494 1557 1776 699 1332 
1669909496 1512 1589 651 1414 
1669909498 1515 1755 664 1454 
1669909500 1526 1735 655 1452 
1669909502 1508 1679 654 1466 
1669909504 1544 1718 655 1403 
1669909506 1547 1685 669 1446 
1669909508 1518 1699 665 1421 
1669909510 1566 1788 684 1422 
1669909512 1599 1667 680 1448 
1669909514 1559 1760 679 1440 
1669909516 1580 1677 651 1414 
1669909518 1625 1681 676 1455 
1669909520 1591 1729 698 1315 
1669909522 1608 1561 693 1421 
1669909524 1622 1713 668 1412 
1669909526 1663 1661 723 1458 
1669909528 1667 1727 718 1477 
1669909530 1639 1723 707 1460 
1669909532 1654 1614 639 1471 
1669909534 1651 1658 689 1438 
1669909536 1695 1733 736 1384 
1669909538 1726 1733 760 1452 
1669909540 1584 1706 727 1462 
1669909542 1687 1740 634 1355 
1669909544 1681 1686 727 1467 
1669909546 1698 1792 763 1485 
1669909548 1570 1783 733 1503 
1669909550 1643 1489 720 1498 
1669909552 1658 1780 766 1485 
1669909554 1656 1721 749 1468 
1669909556 1725 1708 770 1402 
1669909558 1714 1776 731 1463 
1669909560 1687 1789 659 1490 
1669909562 1657 1723 758 1507 
1669909564 1682 1703 720 1366 
1669909566 1671 1771 710 1387 
1669909568 1701 1776 723 1487 
1669909570 1707 1816 743 1443 
1669909572 1679 1754 750 1490 
1669909574 1671 1767 732 1363 
1669909576 1691 1709 723 1498 
1669909578 1709 1647 720 1392 
1669909580 1712 1799 734 1485 
1669909582 1684 1507 707 1466 
1669909584 1687 1760 718 1501 
1669909586 1699 1463 699 1467 
1669909588 1703 1677 709 1457 
1669909590 1678 1713 736 1505 
1669909592 1688 1733 762 1473 
1669909594 1676 1807 710 1372 
1669909596 1726 1743 723 1476 
1669909598 1718 1735 726 1490 
1669909600 1666 1613 757 1497 
1669909602 1663 1650 763 1488 
1669909604 1634 1782 648 1516 
1669909606 1580 1728 723 1494 
1669909608 1578 1692 625 1502 
1669909610 1598 1682 744 1493 
1669909612 1536 1770 693 1475 
1669909614 1522 1823 681 1467 
1669909616 1538 1830 707 1469 
1669909618 1539 1651 677 1461 
1669909620 1531 1774 705 1450 
1669909622 1542 1790 580 1465 
1669909624 1534 1679 580 1450 
1669909626 1559 1739 581 1437 
1669909628 1541 1784 694 1445 
1669909630 1534 1602 565 1413 
1669909632 1554 1700 510 1413 
1669909634 1556 1695 679 1407 
1669909636 1606 1497 656 1410 
1669909638 1527 1769 685 1440 
1669909640 1620 1734 706 1468 
1669909642 1600 1580 699 1431 
1669909644 1638 1629 705 1468 
1669909646 1537 1624 539 1455 
1669909648 1663 1748 727 1423 
1669909650 1648 1739 719 1440 
1669909652 1664 1787 725 1462 
1669909654 1634 1699 625 1418 
1669909656 1573 1758 745 1481 
1669909658 1689 1776 746 1506 
1669909660 1672 1806 657 1433 
1669909662 1663 1816 728 1407 
1669909664 1700 1768 738 1471 
1669909666 1658 1698 730 1483 
1669909668 1649 1760 735 1510 
1669909670 1698 1820 775 1509 
1669909672 1516 1807 758 1489 
1669909674 1577 1453 650 1497 
1669909676 1602 1816 757 1472 
1669909678 1597 1720 746 1503 
1669909680 1580 1658 705 1492 
1669909682 1557 1700 706 1489 
1669909684 1510 1808 712 1447 
1669909686 1547 1656 611 1446 
1669909688 1498 1693 679 1431 
1669909690 1545 1716 691 1421 
1669909692 1505 1745 658 1327 
1669909694 1505 1728 567 1422 
1669909696 1551 1629 577 1444 
1669909698 1441 1746 683 1415 
1669909700 1554 1781 682 1472 
1669909702 1499 1783 692 1413 
1669909704 1497 1679 682 1455 
1669909706 1553 1691 657 1395 
1669909708 1554 1750 676 1318 
1669909710 1425 1743 690 1434 
1669909712 1536 1778 660 1224 
1669909714 1394 1658 659 1416 
1669909716 1544 1720 640 1473 
1669909718 1483 1774 687 1340 
1669909720 1536 1716 605 1427 
1669909722 1520 1779 608 1455 
1669909724 1508 1696 618 1347 
1669909726 1557 1808 693 1487 
1669909728 1566 1485 716 1472 
1669909730 1575 1768 733 1368 
1669909732 1617 1741 723 1478 
1669909734 1565 1765 745 1481 
1669909736 1639 1707 746 1483 
1669909738 1608 1720 743 1479 
1669909740 1627 1704 730 1492 
1669909742 1550 1784 752 1522 
1669909744 1665 1681 741 1471 
1669909746 1653 1789 749 1508 
1669909748 1651 1732 746 1478 
1669909750 1662 1682 659 1483 
1669909752 1609 1770 765 1534 
1669909754 1640 1752 768 1533 
1669909756 1622 1761 714 1520 
1669909758 1657 1789 746 1482 
1669909760 1628 1805 724 1519 
1669909762 1616 1736 731 1468 
1669909764 1584 1681 732 1472 
1669909766 1595 1675 722 1370 
1669909768 1536 1703 699 1435 
1669909770 1519 1770 710 1484 
1669909772 1548 1726 711 1486 
1669909774 1511 1665 681 1434 
1669909776 1557 1763 686 1476 
1669909778 1528 1755 685 1417 
1669909780 1485 1789 673 1422 
1669909782 1451 1744 666 1429 
1669909784 1495 1666 598 1299 
1669909786 1530 1729 643 1316 
1669909788 1529 1700 663 1457 
1669909790 1540 1718 662 1427 
1669909792 1558 1556 667 1402 
1669909794 1557 1735 645 1434 
1669909796 1549 1666 687 1404 
1669909798 1577 1679 635 1423 
1669909800 1535 1681 691 1397 
1669909802 1564 1740 695 1389 
1669909804 1597 1750 599 1432 
1669909806 1555 1725 698 1449 
1669909808 1567 1746 590 1329 
1669909810 857 1645 471 1141 
1669909812 1053 1780 520 1093 
1669909814 1280 1694 484 1278 
1669909816 945 1560 468 1235 
1669909818 2337 1672 806 1726 
1669909820 1507 1432 660 1475 
1669909822 1580 1601 661 1422 
1669909824 1531 1633 685 1412 
1669909826 1509 1719 586 1457 
1669909828 1545 1691 685 1411 
1669909830 1399 1630 596 1310 
1669909832 1536 1682 679 1428 
1669909834 1523 1659 682 1482 
1669909836 1465 1743 681 1451 
1669909838 1548 1711 719 1489 
1669909840 1557 1688 729 1452 
1669909842 1566 1814 702 1276 
1669909844 1603 1650 655 1493 
1669909846 1588 1809 760 1509 
1669909848 1611 1777 713 1508 
1669909850 1645 1792 746 1523 
1669909852 1632 1689 748 1521 
1669909854 1531 1644 744 1510 
1669909856 1668 1767 746 1378 
1669909858 1685 1774 724 1493 
1669909860 1700 1737 658 1480 
1669909862 1654 1695 729 1496 
1669909864 1712 1766 755 1521 
1669909866 1653 1731 651 1498 
1669909868 1714 1675 729 1508 
1669909870 1609 1685 730 1385 
1669909872 1709 1503 736 1370 
1669909874 1668 1789 761 1490 
1669909876 1696 1724 731 1478 
1669909878 1680 1742 665 1381 
1669909880 1681 1651 710 1503 
1669909882 1693 1692 748 1534 
1669909884 1672 1526 742 1502 
1669909886 1722 1686 652 1414 
1669909888 1625 1716 670 1470 
1669909890 1715 1788 741 1491 
1669909892 1701 1746 718 1473 
1669909894 1655 1780 645 1499 
1669909896 1651 1760 755 1508 
1669909898 1697 1780 734 1295 
1669909900 1694 1817 733 1459 
1669909902 1556 1704 749 1461 
1669909904 1686 1793 730 1415 
1669909906 1655 1658 731 1510 
1669909908 1718 1713 748 1290 
1669909910 1682 1817 746 1467 
1669909912 1691 1721 649 1450 
1669909914 1672 1566 740 1509 
1669909916 1662 1833 745 1461 
1669909918 1697 1771 640 1466 
1669909920 1659 1770 744 1473 
1669909922 1685 1698 745 1455 
1669909924 1698 1716 750 1466 
1669909926 1712 1792 737 1479 
1669909928 1672 1734 648 1492 
1669909930 1710 1800 751 1444 
1669909932 1718 1525 700 1344 
1669909934 1648 1747 694 1359 
1669909936 1551 1767 719 1465 
1669909938 1546 1716 719 1474 
1669909940 1695 1695 697 1454 
1669909942 1669 1691 683 1413 
1669909944 1532 1797 710 1364 
1669909946 1620 1476 693 1463 
1669909948 1597 1646 665 1418 
1669909950 1493 1456 699 1406 
1669909952 1605 1771 667 1435 
1669909954 1547 1738 578 1409 
1669909956 1543 1635 678 1356 
1669909958 1435 1638 662 1310 
1669909960 1532 1778 600 1425 
1669909962 1499 1705 681 1449 
1669909964 1499 1784 697 1412 
1669909966 1538 1475 633 1431 
1669909968 1501 1770 660 1329 
1669909970 1498 1532 681 1443 
1669909972 1479 1737 660 1420 
1669909974 1497 1729 657 1421 
1669909976 1547 1703 588 1332 
1669909978 1444 1756 679 1441 
1669909980 1520 1666 687 1399 
1669909982 1558 1782 652 1433 
1669909984 1562 1709 668 1413 
1669909986 1553 1663 673 1443 
1669909988 1547 1752 686 1451 
1669909990 1514 1724 596 1437 
1669909992 1565 1733 653 1426 
1669909994 1518 1675 667 1458 
1669909996 1531 1735 663 1448 
1669909998 1456 1756 654 1446 
1669910000 1509 1630 676 1461 
1669910002 1546 1793 638 1419 
1669910004 1409 1711 655 1400 
1669910006 1543 1747 663 1415 
1669910008 1532 1761 651 1433 
1669910010 1406 1785 638 1462 
1669910012 1540 1727 657 1337 
1669910014 1529 1703 585 1397 
1669910016 1529 1723 662 1431 
1669910018 1502 1690 694 1459 
1669910020 1479 1453 679 1440 
1669910022 1535 1798 690 1463 
1669910024 1540 1705 663 1419 
1669910026 1548 1781 673 1422 
1669910028 1527 1700 679 1468 
1669910030 1562 1783 712 1452 
1669910032 1533 1683 724 1461 
1669910034 1596 1619 693 1451 
1669910036 1614 1802 741 1465 
1669910038 1618 1786 647 1484 
1669910040 1632 1629 744 1488 
1669910042 1645 1753 759 1502 
1669910044 1659 1832 747 1464 
1669910046 1661 1758 756 1483 
1669910048 1686 1697 726 1514 
1669910050 1702 1781 750 1356 
1669910052 1706 1661 723 1476 
1669910054 1674 1693 724 1496 
1669910056 1659 1646 710 1494 
1669910058 1556 1657 708 1362 
1669910060 1630 1739 680 1328 
1669910062 1534 1684 701 1426 
1669910064 1615 1765 685 1467 
1669910066 1634 1670 709 1454 
1669910068 1644 1797 697 1450 
1669910070 1617 1637 659 1397 
1669910072 1592 1717 650 1299 
1669910074 1575 1770 668 1439 
1669910076 1577 1655 669 1401 
1669910078 1532 1730 679 1391 
1669910080 1514 1660 683 1437 
1669910082 1550 1649 681 1422 
1669910084 1531 1719 593 1437 
1669910086 1524 1659 680 1328 
1669910088 1543 1646 586 1318 
1669910090 1414 1761 659 1411 
1669910092 1528 1496 594 1422 
1669910094 1413 1736 675 1458 
1669910096 1540 1746 696 1355 
1669910098 1515 1720 713 1473 
1669910100 1567 1691 682 1493 
1669910102 1568 1769 611 1434 
1669910104 1579 1760 731 1498 
1669910106 1581 1668 732 1473 
1669910108 1559 1468 692 1348 
1669910110 1601 1693 724 1463 
1669910112 1554 1788 741 1506 
1669910114 1595 1772 733 1498 
1669910116 1577 1664 701 1471 
1669910118 1596 1561 698 1486 
1669910120 1585 1669 724 1514 
1669910122 1594 1791 727 1459 
1669910124 1630 1691 719 1493 
1669910126 1633 1801 705 1470 
1669910128 1625 1714 724 1392 
1669910130 1544 1776 658 1404 
1669910132 1628 1494 660 1500 
1669910134 1618 1825 642 1359 
1669910136 1568 1703 697 1507 
1669910138 1580 1502 729 1505 
1669910140 1595 1769 718 1503 
1669910142 1558 1716 718 1474 
1669910144 1599 1706 719 1497 
1669910146 1560 1796 706 1497 
1669910148 1585 1817 697 1448 
1669910150 1542 1689 613 1443 
1669910152 1567 1644 686 1494 
1669910154 1564 1714 701 1457 
1669910156 1537 1675 615 1263 
1669910158 1519 1675 692 1443 
1669910160 1561 1662 697 1442 
1669910162 1518 1779 707 1357 
1669910164 1574 1545 697 1445 
1669910166 1574 1320 713 1448 
1669910168 1454 1567 718 1467 
1669910170 1588 1748 724 1467 
1669910172 1612 1784 725 1480 
1669910174 1619 1709 733 1496 
1669910176 1598 1679 743 1507 
1669910178 1600 1838 761 1481 
1669910180 1615 1777 720 1515 
1669910182 1621 1763 667 1500 
1669910184 1652 1556 743 1474 
1669910186 1710 1674 725 1467 
1669910188 1683 1665 718 1503 
1669910190 1574 1725 645 1442 
1669910192 1649 1791 726 1467 
1669910194 1699 1762 660 1378 
1669910196 1607 1716 702 1454 
1669910198 1695 1752 695 1413 
1669910200 1648 1775 680 1429 
1669910202 1637 1786 673 1436 
1669910204 1627 1781 687 1318 
1669910206 1607 1732 655 1389 
1669910208 1589 1458 561 1409 
1669910210 1533 1753 641 1434 
1669910212 1538 1760 593 1431 
1669910214 1542 1686 665 1400 
1669910216 1487 1781 679 1446 
1669910218 1546 1791 672 1431 
1669910220 1503 1755 674 1378 
1669910222 1498 1689 688 1441 
1669910224 1512 1745 690 1448 
1669910226 1572 1820 716 1461 
1669910228 1567 1718 729 1456 
1669910230 1599 1730 689 1490 
1669910232 1570 1691 736 1479 
1669910234 1652 1809 740 1520 
1669910236 1664 1571 735 1504 
1669910238 1647 1756 731 1497 
1669910240 1699 1803 758 1521 
1669910242 1700 1722 722 1523 
1669910244 1647 1686 719 1453 
1669910246 1643 1688 713 1464 
1669910248 1676 1720 706 1465 
1669910250 1629 1804 612 1420 
1669910252 1528 1294 663 1432 
1669910254 1548 1669 677 1403 
1669910256 1499 1627 674 1448 
1669910258 1523 1637 673 1417 
1669910260 1485 1733 660 1325 
1669910262 1526 1699 605 1471 
1669910264 1563 1651 719 1465 
1669910266 1610 1724 706 1506 
1669910268 1631 1686 765 1520 
1669910270 1629 1746 763 1462 
1669910272 1698 1776 763 1451 
1669910274 1705 1657 708 1387 
1669910276 1674 1793 699 1430 
1669910278 1668 1758 702 1366 
1669910280 1610 1672 711 1412 
1669910282 1563 1675 697 1399 
1669910284 1611 1478 657 1382 
1669910286 1584 1740 669 1406 
1669910288 1508 1763 679 1439 
1669910290 1546 1487 645 1437 
1669910292 1495 1710 665 1435 
1669910294 1485 1759 594 1430 
1669910296 1469 1788 714 1383 
1669910298 1524 1781 690 1463 
1669910300 1592 1828 725 1509 
1669910302 1635 1725 734 1381 
1669910304 1677 1681 754 1515 
1669910306 1698 1745 715 1510 
1669910308 1680 1702 659 1480 
1669910310 1686 1697 700 1479 
1669910312 1674 1781 732 1489 
1669910314 1668 1826 627 1418 
1669910316 1636 1477 701 1450 
1669910318 1616 1569 651 1430 
1669910320 1546 1689 581 1413 
1669910322 1549 1749 632 1338 
1669910324 1552 1662 578 1422 
1669910326 1504 1695 674 1482 
1669910328 1561 1785 623 1433 
1669910330 1555 1619 723 1456 
1669910332 1626 1748 738 1516 
1669910334 1633 1681 722 1377 
1669910336 1693 1701 748 1509 
1669910338 1678 1826 660 1466 
1669910340 1645 1738 648 1492 
1669910342 1628 1755 723 1455 
1669910344 1622 1476 680 1457 
1669910346 1609 1663 667 1452 
1669910348 1534 1611 631 1439 
1669910350 1494 1758 681 1445 
1669910352 1513 1645 670 1424 
1669910354 1547 1720 687 1467 
1669910356 1512 1720 681 1435 
1669910358 1570 1530 715 1478 
1669910360 1554 1779 696 1490 
1669910362 1640 1800 732 1536 
1669910364 1675 1707 648 1496 
1669910366 1700 1776 726 1482 
1669910368 1717 1804 668 1458 
1669910370 1649 1792 722 1454 
1669910372 1652 1724 621 1473 
1669910374 1665 1736 709 1457 
1669910376 1595 1775 657 1427 
1669910378 1609 1781 649 1388 
1669910380 1584 1486 685 1326 
1669910382 1536 1692 662 1310 
1669910384 1485 1683 679 1436 
1669910386 1511 1666 699 1456 
1669910388 1558 1743 668 1351 
1669910390 1558 1703 689 1459 
1669910392 1578 1741 622 1498 
1669910394 1590 1698 726 1363 
1669910396 1619 1791 744 1404 
1669910398 1657 1787 755 1498 
