1669910402 1529 1769 722 1494 
1669910405 1699 1669 645 1456 
1669910407 1672 1718 744 1474 
1669910409 1698 1799 725 1484 
1669910411 1643 1638 734 1495 
1669910413 1679 1739 705 1472 
1669910415 1631 1649 704 1442 
1669910417 1620 1509 695 1431 
1669910419 1579 1673 596 1425 
1669910421 1477 1667 684 1431 
1669910423 1566 1700 588 1435 
1669910425 1586 1477 673 1379 
1669910427 1447 1746 649 1435 
1669910429 1534 1729 638 1336 
1669910431 1555 1689 638 1299 
1669910433 1549 1618 579 1420 
1669910435 1526 1587 663 1397 
1669910437 1580 1820 653 1315 
1669910439 1597 1750 680 1438 
1669910441 1610 1474 692 1447 
1669910443 1614 1785 649 1444 
1669910445 1639 1808 619 1406 
1669910447 1656 1772 714 1483 
1669910449 1672 1770 718 1488 
1669910451 1649 1730 708 1489 
1669910453 1685 1676 741 1485 
1669910455 1694 1678 750 1377 
1669910457 1643 1771 731 1512 
1669910459 1654 1789 751 1486 
1669910461 1603 1786 643 1463 
1669910463 1566 1788 708 1465 
1669910465 1533 1700 668 1389 
1669910467 1525 1630 590 1419 
1669910469 1520 1809 690 1406 
1669910471 1585 1729 676 1462 
1669910473 1596 1754 666 1417 
1669910475 1609 1677 662 1468 
1669910477 1637 1745 677 1484 
1669910479 1649 1744 716 1486 
1669910481 1702 1704 764 1512 
1669910483 1627 1678 769 1489 
1669910485 1586 1524 730 1516 
1669910487 1544 1761 694 1380 
1669910489 1554 1636 603 1337 
1669910491 1485 1666 633 1440 
1669910493 1544 1608 679 1442 
1669910495 1615 1723 691 1400 
1669910497 1671 1773 706 1459 
1669910499 1709 1715 721 1492 
1669910501 1701 1770 726 1515 
1669910503 1534 1801 706 1496 
1669910505 1615 1665 704 1484 
1669910507 1577 1675 714 1361 
1669910509 1536 1636 694 1377 
1669910511 1509 1689 679 1434 
1669910513 1559 1735 648 1453 
1669910515 1617 1789 643 1429 
1669910517 1639 1678 533 1417 
1669910519 1666 1700 711 1473 
1669910521 1681 1736 737 1488 
1669910523 1689 1707 738 1485 
1669910525 1653 1812 747 1516 
1669910527 1553 1694 741 1465 
1669910529 1552 1592 624 1368 
1669910531 1521 1657 596 1442 
1669910533 1490 1674 573 1417 
1669910535 1445 1764 667 1442 
1669910537 1596 1744 681 1418 
1669910539 1625 1685 692 1434 
1669910541 1662 1781 698 1483 
1669910543 1699 1727 724 1365 
1669910545 1689 1679 742 1524 
1669910547 1588 1761 729 1486 
1669910549 1588 1771 626 1396 
1669910551 1436 1600 712 1488 
1669910553 1513 1760 675 1478 
1669910555 1515 1761 683 1421 
1669910557 1417 1782 582 1408 
1669910559 1597 1653 672 1315 
1669910561 1636 1683 693 1430 
1669910563 1651 1770 736 1498 
1669910565 1695 1689 691 1485 
1669910567 1679 1768 729 1488 
1669910569 1685 1719 715 1492 
1669910571 1604 1330 731 1526 
1669910573 1559 1738 738 1375 
1669910575 1565 1722 631 1482 
1669910577 1506 1551 674 1440 
1669910579 1513 1640 702 1469 
1669910581 1492 1688 673 1392 
1669910583 1553 1745 667 1423 
1669910585 1574 1750 705 1449 
1669910587 1655 1656 696 1464 
1669910589 1651 1738 732 1340 
1669910591 1655 1737 710 1489 
1669910593 1695 1673 712 1464 
1669910595 1625 1784 730 1409 
1669910597 1623 1645 734 1487 
1669910599 1543 1746 641 1467 
1669910601 1533 1712 674 1472 
1669910603 1541 1675 690 1455 
1669910605 1495 1618 694 1457 
1669910607 1553 1443 577 1410 
1669910609 1568 1692 683 1436 
1669910611 1572 1625 646 1429 
1669910613 1627 1769 695 1448 
1669910615 1604 1747 700 1439 
1669910617 1680 1739 687 1464 
1669910619 1693 1722 709 1431 
1669910621 1687 1777 726 1380 
1669910623 1713 1669 715 1459 
1669910625 1706 1805 762 1481 
1669910627 1623 1741 656 1365 
1669910629 1637 1742 754 1503 
1669910631 1607 1668 742 1400 
1669910633 1552 1625 722 1452 
1669910635 1542 1684 688 1378 
1669910637 1486 1706 607 1451 
1669910639 1536 1789 636 1324 
1669910641 1535 1706 670 1450 
1669910643 1548 1650 680 1343 
1669910645 1610 1723 656 1444 
1669910647 1661 1783 701 1411 
1669910649 1630 1758 706 1434 
1669910651 1558 1755 680 1368 
1669910653 1682 1546 742 1342 
1669910655 1690 1503 729 1494 
1669910657 1655 1637 656 1367 
1669910659 1686 1782 669 1478 
1669910661 1663 1794 745 1388 
1669910663 1655 1750 729 1528 
1669910665 1441 1669 697 1486 
1669910667 1553 1722 703 1379 
1669910669 1545 1643 689 1476 
1669910671 1506 1789 694 1386 
1669910673 1547 1787 590 1425 
1669910675 1526 1508 688 1449 
1669910677 1555 1666 675 1438 
1669910679 1546 1598 643 1405 
1669910681 1549 1747 671 1424 
1669910683 1556 1783 594 1415 
1669910685 1638 1739 690 1318 
1669910687 1673 1651 701 1442 
1669910689 1635 1765 689 1458 
1669910691 1681 1689 709 1445 
1669910693 1714 1718 745 1471 
1669910695 1681 1774 635 1470 
1669910697 1682 1502 735 1499 
1669910699 1692 1809 739 1469 
1669910701 1677 1725 755 1504 
1669910703 1610 1782 759 1382 
1669910705 1628 1806 720 1481 
1669910707 1474 1722 722 1478 
1669910709 1543 1750 718 1479 
1669910711 1522 1802 720 1359 
1669910713 1424 1754 684 1488 
1669910715 1475 1687 686 1478 
1669910717 1545 1701 683 1450 
1669910719 1529 1749 656 1436 
1669910721 1481 1691 681 1398 
1669910723 1543 1780 595 1416 
1669910725 1424 1681 666 1466 
1669910727 1586 1586 591 1435 
1669910729 1549 1709 665 1424 
1669910731 1546 1539 675 1413 
1669910733 1625 1774 701 1424 
1669910735 1611 1656 682 1417 
1669910737 1657 1816 708 1468 
1669910739 1646 1545 679 1454 
1669910741 1636 1785 614 1485 
1669910743 1672 1727 722 1344 
1669910745 1652 1681 709 1457 
1669910747 1487 1637 633 1409 
1669910749 1705 1819 813 1446 
1669910751 2145 1669 865 1682 
1669910753 1815 1756 746 1495 
1669910755 1659 1668 706 1316 
1669910757 1588 1706 701 1436 
1669910759 1556 1838 706 1444 
1669910761 1712 1764 722 1303 
1669910763 1614 1762 716 1327 
1669910765 1692 1663 634 1482 
1669910767 1697 1710 763 1485 
1669910769 1590 1522 666 1424 
1669910771 1749 1747 748 1412 
1669910773 1665 1746 736 1411 
1669910775 1672 1718 755 1477 
1669910777 1764 1646 706 1573 
1669910779 1741 1647 730 1432 
1669910781 1676 1771 740 1504 
1669910783 1646 1786 735 1466 
1669910785 1618 1734 711 1460 
1669910787 1831 1685 780 1581 
1669910789 1683 1667 715 1486 
1669910791 1691 1767 722 1522 
1669910793 1663 1673 738 1507 
1669910795 1565 1735 725 1466 
1669910797 1736 1695 718 1510 
1669910799 1669 1704 754 1406 
1669910801 1662 1729 732 1487 
1669910803 1705 1653 662 1394 
1669910805 1657 1691 731 1497 
1669910807 1705 1790 743 1474 
1669910809 1675 1712 755 1386 
1669910811 1677 1807 712 1370 
1669910813 1832 1756 773 1550 
1669910815 1620 1582 750 1485 
1669910817 1079 1689 637 1203 
1669910819 964 1806 657 1181 
1669910821 2032 1689 726 1558 
1669910823 2070 1787 767 1656 
1669910825 1745 1728 775 1535 
1669910827 1615 1756 723 1480 
1669910829 1614 1697 745 1476 
1669910831 1662 1696 664 1495 
1669910833 1686 1780 664 1521 
1669910835 1649 1790 749 1500 
1669910837 1637 1771 730 1491 
1669910839 1551 1803 707 1482 
1669910841 1577 1786 723 1461 
1669910843 1222 1781 604 1324 
1669910845 2680 1706 1124 1949 
1669910847 1811 1717 738 1610 
1669910849 1856 1718 657 1597 
1669910851 1670 1679 711 1478 
1669910853 1452 1489 679 1406 
1669910855 715 1651 522 1012 
1669910857 1714 1638 607 1497 
1669910859 2097 1699 802 1579 
1669910861 1712 1768 692 1528 
1669910863 1530 1702 653 1412 
1669910865 1320 1694 629 1310 
1669910867 759 1785 620 1011 
1669910869 2481 1614 993 2112 
1669910871 1388 1720 545 1333 
1669910873 1891 1716 638 1587 
1669910875 1479 1643 619 1390 
1669910877 1109 1743 551 1183 
1669910879 1053 1699 548 1181 
1669910881 666 1729 465 619 
1669910883 3001 1702 1827 2832 
1669910885 1875 1761 924 1299 
1669910887 2162 1689 854 1675 
1669910889 1629 1778 621 1457 
1669910891 1845 1754 800 1393 
1669910893 2872 1877 1279 1991 
1669910895 2992 1918 1315 2192 
1669910897 1979 1660 789 1593 
1669910899 1872 1711 722 1521 
1669910901 1615 1719 584 1357 
1669910903 1488 1565 628 1407 
1669910905 1534 1653 655 1381 
1669910907 1556 1565 656 1428 
1669910909 3131 1680 1413 2332 
1669910911 1858 1712 750 1614 
1669910913 2330 1700 1202 2143 
1669910915 1673 1722 607 1483 
1669910917 1527 1657 666 1349 
1669910919 1493 1677 676 1428 
1669910921 1554 1555 664 1431 
1669910923 1568 1778 597 1461 
1669910925 1552 1759 689 1325 
1669910927 1550 1748 583 1324 
1669910929 1509 1772 594 1457 
1669910931 1564 1742 511 1422 
1669910933 1538 1577 668 1445 
1669910935 1506 1798 663 1460 
1669910937 1561 1745 652 1463 
1669910939 1539 1784 510 1435 
1669910941 1548 1782 689 1414 
1669910943 1579 1778 718 1449 
1669910945 1449 1656 639 1364 
1669910947 1522 1531 635 1455 
1669910949 1540 1536 635 1436 
1669910951 1528 1773 683 1420 
1669910953 1554 1725 639 1407 
1669910955 1531 1755 672 1423 
1669910957 1546 1604 665 1457 
1669910959 1417 1444 638 1228 
1669910961 1536 1756 659 1429 
1669910963 1536 1504 681 1429 
1669910965 1506 1726 661 1409 
1669910967 1527 1692 667 1438 
1669910969 1544 1785 586 1467 
1669910971 1540 1554 605 1444 
1669910973 1456 1767 701 1440 
1669910975 1527 1637 700 1496 
1669910977 1584 1774 604 1482 
1669910979 1528 1576 715 1437 
1669910981 1572 1301 711 1489 
1669910983 1626 1578 746 1393 
1669910985 1645 1651 742 1412 
1669910987 1558 1682 643 1464 
1669910989 1692 1692 758 1519 
1669910991 1667 1729 743 1506 
1669910993 1675 1726 766 1523 
1669910995 1677 1731 741 1506 
1669910997 1670 1803 647 1496 
1669910999 1718 1821 755 1491 
1669911001 1704 1780 720 1504 
1669911003 1663 1648 731 1474 
1669911005 1611 1715 694 1456 
1669911007 1699 1768 742 1490 
1669911009 1693 1758 720 1467 
1669911011 1743 1741 727 1475 
1669911013 1646 1728 609 1457 
1669911015 1607 1705 650 1442 
1669911017 1599 1699 689 1420 
1669911019 1591 1782 572 1321 
1669911021 1603 1705 672 1449 
1669911023 1547 1624 660 1408 
1669911025 1549 1793 682 1439 
1669911027 1521 1662 681 1431 
1669911029 1529 1652 673 1419 
1669911031 1535 1713 667 1421 
1669911033 1514 1551 652 1460 
1669911035 1434 1684 673 1425 
1669911037 725 1680 593 964 
1669911039 1575 1702 732 1490 
1669911041 1770 1650 717 1618 
1669911043 1503 1769 671 1429 
1669911045 1540 1691 692 1489 
1669911047 1557 1791 655 1343 
1669911049 1548 1543 647 1411 
1669911051 1495 1661 661 1441 
1669911053 1602 1798 688 1474 
1669911055 1524 1705 660 1353 
1669911057 1539 1755 677 1426 
1669911059 1498 1494 685 1402 
1669911061 1562 1769 675 1442 
1669911063 1585 1673 664 1403 
1669911065 1615 1735 652 1457 
1669911067 1640 1674 699 1423 
1669911069 1612 1801 706 1477 
1669911071 1546 1487 662 1452 
1669911073 1694 1735 700 1389 
1669911075 1716 1812 661 1438 
1669911077 1672 1325 708 1467 
1669911079 1655 1775 739 1472 
1669911081 1660 1726 719 1517 
1669911083 1623 1779 646 1483 
1669911085 1645 1784 747 1533 
1669911087 1592 1721 636 1366 
1669911089 1526 1479 687 1440 
1669911091 1497 1737 599 1433 
1669911093 1404 1722 612 1364 
1669911095 1360 1654 815 1239 
1669911097 1876 1690 722 1587 
1669911099 1680 1746 754 1481 
1669911101 1668 1741 683 1433 
1669911103 1650 1602 707 1428 
1669911105 1704 1693 717 1446 
1669911107 1702 1495 733 1464 
1669911109 1681 1735 746 1376 
1669911111 1655 1723 736 1482 
1669911113 1474 1652 644 1509 
1669911115 1602 1698 741 1470 
1669911117 1578 1654 690 1456 
1669911119 1512 1667 668 1485 
1669911121 1536 1787 687 1479 
1669911123 1535 1676 641 1454 
1669911125 1548 1473 647 1451 
1669911127 1565 1721 647 1407 
1669911129 1614 1801 657 1430 
1669911131 1553 1774 617 1423 
1669911133 1660 1791 699 1464 
1669911135 1664 1747 720 1370 
1669911137 1705 1694 643 1470 
1669911139 1711 1769 734 1489 
1669911141 1661 1710 722 1376 
1669911143 1735 1785 719 1512 
1669911145 1661 1798 658 1411 
1669911147 1696 1711 726 1518 
1669911149 1629 1683 736 1489 
1669911151 1653 1753 717 1521 
1669911153 1622 1803 745 1484 
1669911155 1610 1745 738 1396 
1669911157 1589 1694 635 1439 
1669911159 1508 1516 711 1458 
1669911161 1524 1697 687 1470 
1669911163 1537 1677 682 1459 
1669911165 1533 1779 665 1408 
1669911167 1541 1712 598 1432 
1669911169 1525 1758 672 1337 
1669911171 1556 1781 640 1295 
1669911173 1554 1473 647 1395 
1669911175 1626 1766 599 1388 
1669911177 1606 1714 533 1397 
1669911179 1798 1801 746 1574 
1669911181 3401 3492 2140 1768 
1669911183 965 713 535 1849 
1669911185 2003 1770 1405 1534 
1669911187 796 1412 530 1192 
1669911189 1289 1497 1786 1223 
1669911191 2603 1955 3212 2433 
1669911193 1384 3274 1210 1188 
1669911195 1357 1739 1199 2850 
1669911197 853 1505 425 1673 
1669911199 1834 1659 675 1220 
1669911201 2163 3347 2806 787 
1669911203 988 1199 436 1230 
1669911205 3155 3162 2758 520 
1669911207 1912 1988 850 1092 
1669911209 1186 1994 1040 1530 
1669911211 767 2404 436 1353 
1669911213 2142 2553 1778 1386 
1669911215 1347 1868 649 1506 
1669911217 1752 2217 748 1354 
1669911219 2151 2735 808 1252 
1669911221 2762 1667 1239 2005 
1669911223 3019 1950 852 1787 
1669911225 3322 3262 3529 2742 
1669911227 1264 2647 666 1351 
1669911229 1381 2035 643 1154 
1669911231 1392 2158 677 1311 
1669911233 1528 1823 717 1371 
1669911235 1386 1744 714 1318 
1669911237 1588 2045 624 1389 
1669911239 1637 1760 608 1289 
1669911241 1438 1739 637 1438 
1669911243 1286 2017 693 1468 
1669911245 1607 1882 710 1347 
1669911247 1470 1828 710 1456 
1669911249 1552 1821 620 1460 
1669911251 824 1959 742 1615 
1669911253 2190 2152 1195 1086 
1669911255 1095 1044 557 1457 
1669911257 1765 1935 716 1312 
1669911259 1731 1816 710 1310 
1669911261 1692 1737 694 1396 
1669911263 1646 1696 683 1399 
1669911265 1607 1726 702 1462 
1669911267 1503 1743 606 1419 
1669911269 1572 1765 690 1330 
1669911271 1512 1770 701 1447 
1669911273 1620 1754 681 1402 
1669911275 1610 1711 693 1443 
1669911277 1575 1742 706 1437 
1669911279 1569 1756 712 1434 
1669911281 1566 1646 594 1329 
1669911283 1565 1599 699 1418 
1669911285 1573 1746 679 1411 
1669911287 1568 1700 657 1412 
1669911289 1581 1679 709 1461 
1669911291 1610 1685 603 1434 
1669911293 1589 1703 696 1432 
1669911295 1583 1709 693 1454 
1669911297 1606 1701 696 1444 
1669911299 1574 1714 672 1467 
1669911301 1577 1748 701 1465 
1669911303 1547 1753 671 1457 
1669911305 1603 1722 687 1463 
1669911307 1561 1739 671 1459 
1669911309 1545 1739 695 1446 
1669911311 1588 1663 664 1427 
1669911313 1580 1699 608 1455 
1669911315 1616 1687 670 1324 
1669911317 1543 1714 583 1438 
1669911319 1559 1712 720 1364 
1669911321 2041 1606 811 1577 
1669911323 1560 1677 718 1407 
1669911325 1457 1986 798 1941 
1669911327 1526 1470 552 1161 
1669911329 1731 1448 756 1359 
1669911331 1494 1570 569 1374 
1669911333 1399 1359 511 1302 
1669911335 1543 1721 660 1510 
1669911337 1738 2034 834 1633 
1669911339 1462 1566 597 1331 
1669911341 1530 1767 612 1419 
1669911343 1487 1571 637 1421 
1669911345 1607 2003 639 1450 
1669911347 1500 1790 727 1393 
1669911349 1563 1761 604 1392 
1669911351 1487 1551 676 1433 
1669911353 1537 1818 673 1545 
1669911355 1588 1806 729 1518 
1669911357 1562 1818 738 1469 
1669911359 1495 1668 647 1487 
1669911361 1609 1726 706 1515 
1669911363 1538 1588 689 1473 
1669911365 1496 1723 665 1448 
1669911367 1460 1721 551 1417 
1669911369 1456 1637 580 1399 
1669911371 1583 1611 677 1440 
1669911373 1578 1702 731 1470 
1669911375 1528 1788 698 1474 
1669911377 1564 1820 733 1476 
1669911379 1538 1738 693 1445 
1669911381 1574 1729 604 1324 
1669911383 1537 1646 605 1478 
1669911385 1593 1740 620 1246 
1669911387 1547 1729 668 1431 
1669911389 1531 1745 648 1420 
1669911391 1556 1757 696 1431 
1669911393 1606 1611 697 1430 
1669911395 1525 1659 616 1456 
1669911397 1551 1676 647 1428 
1669911399 1536 1746 586 1442 
1669911401 1602 1756 720 1483 
1669911403 1480 1617 612 1414 
1669911405 1486 1676 593 1418 
1669911407 1555 1783 687 1428 
1669911409 1642 1698 679 1530 
1669911411 1559 1701 695 1435 
1669911413 1428 1636 610 1394 
1669911415 1632 1803 717 1501 
1669911417 1626 1870 708 1527 
1669911419 1649 1852 797 1517 
1669911421 1562 1706 683 1433 
1669911423 1563 1770 703 1454 
1669911425 1407 1643 597 1437 
1669911427 1536 1653 693 1455 
1669911429 1539 1481 633 1402 
1669911431 1605 1743 661 1463 
1669911433 1480 1657 649 1305 
1669911435 1590 1728 601 1441 
1669911437 1518 1685 690 1473 
1669911439 1581 1789 711 1493 
1669911441 1625 1693 672 1473 
1669911443 1579 1748 715 1477 
1669911445 1634 1764 697 1458 
1669911447 1524 1581 641 1425 
1669911449 1573 1738 694 1412 
1669911451 1572 1834 595 1475 
1669911453 1598 1659 621 1333 
1669911455 1524 1669 628 1412 
1669911457 1494 1693 675 1450 
1669911459 1587 1786 676 1501 
1669911461 1562 1755 702 1520 
1669911463 1608 1783 715 1510 
1669911465 1582 1712 721 1456 
1669911467 1658 1895 748 1395 
1669911469 1560 1761 685 1432 
1669911471 1529 1696 670 1474 
1669911473 1558 1719 679 1450 
1669911475 1565 1744 705 1467 
1669911477 1543 1660 675 1460 
1669911479 1622 1716 733 1376 
1669911481 1520 1646 706 1345 
1669911483 1638 1853 786 1512 
1669911485 1561 1669 659 1445 
1669911487 1491 1654 668 1394 
1669911489 1533 1733 731 1464 
1669911491 1523 1583 639 1435 
1669911493 1550 1626 726 1510 
1669911495 1609 1793 717 1480 
1669911497 1524 1765 656 1450 
1669911499 1564 1722 711 1460 
1669911501 1526 1627 662 1472 
1669911503 1596 1717 706 1503 
1669911505 1527 1665 704 1342 
1669911507 1546 1665 774 1536 
1669911509 1603 1796 763 1462 
1669911511 1606 1800 639 1459 
1669911513 1508 1759 665 1433 
1669911515 1584 1726 721 1473 
1669911517 1550 1627 599 1441 
1669911519 1582 1772 695 1477 
1669911521 1603 1771 686 1423 
1669911523 1634 1943 762 1413 
1669911525 1508 1663 648 1474 
1669911527 1607 1746 732 1480 
1669911529 1580 1655 653 1473 
1669911531 1600 1833 685 1449 
1669911533 1600 1764 688 1458 
1669911535 1598 1699 706 1498 
1669911537 1583 1802 693 1474 
1669911539 1556 1775 685 1442 
1669911541 1603 1670 657 1453 
1669911543 1585 1728 691 1446 
1669911545 1600 1889 769 1437 
1669911547 1546 1622 686 1486 
1669911549 1448 1737 691 1437 
1669911551 1531 1516 584 1458 
1669911553 1679 1853 823 1416 
1669911555 1472 1633 597 1450 
1669911557 1491 1716 717 1459 
1669911559 1693 1856 691 1535 
1669911561 1558 1758 613 1448 
1669911563 1551 1755 673 1487 
1669911565 1625 1340 585 1427 
1669911567 1606 1827 709 1473 
1669911569 1576 1791 729 1458 
1669911571 1584 1784 700 1454 
1669911573 1542 1743 692 1484 
1669911575 1550 1689 694 1481 
1669911577 1620 1745 637 1480 
1669911579 1606 1654 679 1450 
1669911581 1489 1625 643 1403 
1669911583 1562 1676 708 1498 
1669911585 1587 1692 601 1471 
1669911587 1624 1611 663 1411 
1669911589 1572 1701 607 1433 
1669911591 1558 1769 696 1392 
1669911593 1589 1713 654 1479 
1669911595 1577 1735 677 1454 
1669911597 1595 1727 698 1363 
1669911599 1575 1757 680 1445 
1669911601 1593 1745 692 1455 
1669911603 1451 1722 704 1449 
1669911605 1648 1823 718 1522 
1669911607 1572 1732 658 1476 
1669911609 1609 1733 715 1361 
1669911611 1529 1689 657 1469 
1669911613 1656 1881 734 1497 
1669911615 1520 1640 686 1436 
1669911617 1630 1790 629 1483 
1669911619 1543 1700 687 1426 
1669911621 1544 1630 680 1419 
1669911623 1514 1534 615 1406 
1669911625 1516 1700 667 1495 
1669911627 1433 1673 682 1490 
1669911629 1580 1748 698 1445 
1669911631 1588 1681 679 1347 
1669911633 1563 1717 693 1478 
1669911635 1439 1727 688 1327 
1669911637 1557 1730 704 1480 
1669911639 1594 1762 627 1467 
1669911641 1582 1663 695 1476 
1669911643 1556 1721 691 1484 
1669911645 1569 1738 534 1446 
1669911647 1587 1855 741 1484 
1669911649 1589 1754 695 1465 
1669911651 1667 1092 526 1385 
1669911653 1657 1915 652 1531 
1669911655 1563 1823 703 1473 
1669911657 1526 1724 669 1528 
1669911659 1593 1730 629 1425 
1669911661 1557 1732 592 1482 
1669911663 1563 1752 677 1463 
1669911665 1550 1778 689 1429 
1669911667 1497 1702 667 1376 
1669911669 1545 1724 681 1448 
1669911671 1572 1659 652 1510 
1669911673 1579 1742 701 1475 
1669911675 1569 1734 602 1487 
1669911677 1575 1751 690 1389 
1669911679 1549 1752 690 1349 
1669911681 1594 1785 668 1349 
1669911683 1589 1783 671 1429 
1669911685 1596 1736 703 1441 
1669911687 1581 1749 677 1436 
1669911689 1572 1721 670 1448 
1669911691 1551 1660 701 1475 
1669911693 1544 1690 691 1442 
1669911695 1584 1747 610 1459 
1669911697 1602 1742 597 1443 
1669911699 1599 1648 709 1489 
1669911701 1556 1699 671 1442 
1669911703 1599 1722 697 1452 
1669911705 1605 1743 694 1488 
1669911707 1574 1775 711 1434 
1669911709 1474 1685 676 1464 
1669911711 1561 1740 671 1344 
1669911713 1600 1754 697 1476 
1669911715 1608 1604 671 1458 
1669911717 1604 1723 678 1451 
1669911719 1594 1733 687 1463 
1669911721 1583 1772 711 1460 
1669911723 1592 1719 701 1448 
1669911725 1575 1679 696 1469 
1669911727 1586 1749 682 1503 
1669911729 1613 1724 626 1453 
1669911731 1564 1613 602 1340 
1669911733 1396 1583 659 1574 
1669911735 1617 1743 719 1467 
1669911737 1595 1735 695 1422 
1669911739 1604 1766 719 1469 
1669911741 1597 1766 693 1423 
1669911743 1571 1706 695 1441 
1669911745 1563 1667 695 1432 
1669911747 1592 1637 685 1463 
1669911749 1600 1775 684 1383 
1669911751 1582 1771 657 1432 
1669911753 1595 1765 615 1427 
1669911755 1594 1582 615 1466 
1669911757 1583 1718 600 1477 
1669911759 1611 1735 682 1382 
1669911761 1580 1728 605 1434 
1669911763 1564 1654 699 1435 
1669911765 1603 1710 699 1474 
1669911767 1608 1731 684 1387 
1669911769 1590 1722 707 1494 
1669911771 1583 1705 701 1453 
1669911773 1569 1768 631 1360 
1669911775 1573 1682 705 1379 
1669911777 1573 1748 700 1480 
1669911779 1596 1649 607 1466 
1669911781 1602 1729 616 1367 
1669911783 1570 1653 700 1454 
1669911785 1603 1717 693 1491 
1669911787 1582 1666 683 1425 
1669911789 1561 1727 683 1462 
1669911791 1577 1712 691 1473 
1669911793 1591 1709 702 1466 
1669911795 1554 1739 698 1504 
1669911797 1558 1715 661 1470 
1669911799 1571 1755 666 1502 
1669911801 1554 1734 686 1356 
1669911803 1598 1748 707 1475 
1669911805 1609 1740 713 1372 
1669911807 1605 1744 713 1458 
1669911809 1582 1706 695 1432 
1669911811 1620 1682 616 1478 
1669911813 1616 1742 621 1464 
1669911815 1598 1686 679 1482 
1669911817 1558 1725 692 1461 
1669911819 1582 1731 706 1454 
1669911821 1613 1774 621 1350 
1669911823 1468 1666 683 1485 
1669911825 1569 1719 690 1474 
1669911827 1602 1772 721 1474 
1669911829 1597 1769 616 1471 
1669911831 1574 1724 697 1479 
1669911833 1557 1691 659 1480 
1669911835 1597 1682 616 1490 
1669911837 1548 1498 688 1476 
1669911839 1532 1706 712 1483 
1669911841 1577 1722 709 1438 
1669911843 1583 1804 685 1464 
1669911845 1606 1716 712 1461 
1669911847 1617 1725 673 1484 
1669911849 1605 1713 710 1501 
1669911851 1596 1742 617 1466 
1669911853 1378 1745 687 1458 
1669911855 1572 1730 714 1481 
1669911857 1616 1737 691 1461 
1669911859 1564 1695 613 1465 
1669911861 1559 1709 675 1462 
1669911863 1596 1659 664 1484 
1669911865 1597 1665 682 1488 
1669911867 1573 1740 680 1501 
1669911869 1567 1706 695 1468 
1669911871 1554 1638 687 1432 
1669911873 1551 1754 706 1482 
1669911875 1477 1704 703 1480 
1669911877 1567 1780 687 1467 
1669911879 1475 1763 689 1487 
1669911881 1582 1711 673 1433 
1669911883 1615 1731 688 1506 
1669911885 1481 1723 702 1502 
1669911887 1561 1719 671 1483 
1669911889 1609 1685 670 1502 
1669911891 1598 1771 686 1464 
1669911893 1608 1675 663 1446 
1669911895 1605 1774 691 1457 
1669911897 1583 1739 694 1338 
1669911899 1560 1719 702 1468 
1669911901 1566 1720 706 1488 
1669911903 1597 1655 664 1345 
1669911905 1605 1742 702 1495 
1669911907 1595 1721 665 1434 
1669911909 1600 1705 674 1450 
1669911911 1610 1692 709 1449 
1669911913 1617 1746 706 1443 
1669911915 1610 1732 701 1430 
1669911917 1606 1705 705 1446 
1669911919 1594 1734 700 1486 
1669911921 1603 1761 702 1364 
1669911923 1591 1766 689 1473 
1669911925 1584 1664 592 1446 
1669911927 1620 1758 614 1480 
1669911929 1581 1754 616 1483 
1669911931 1592 1732 617 1460 
1669911933 1592 1663 705 1489 
1669911935 1578 1752 591 1470 
1669911937 1571 1744 681 1482 
1669911939 1589 1709 682 1386 
1669911941 1609 1763 610 1468 
1669911943 1608 1744 723 1447 
1669911945 1602 1618 682 1463 
1669911947 1616 1722 673 1439 
1669911949 1621 1766 687 1366 
1669911951 1492 1740 718 1498 
1669911953 1503 1730 702 1382 
1669911955 1588 1764 677 1484 
1669911957 1594 1609 684 1499 
1669911959 1608 1757 699 1478 
1669911961 1626 1697 701 1462 
1669911963 1611 1651 680 1493 
1669911965 1619 1713 690 1495 
1669911967 1473 1732 700 1490 
1669911969 1613 1768 712 1476 
1669911971 1592 1713 660 1469 
1669911973 1595 1734 716 1385 
1669911975 1563 1723 610 1329 
1669911977 1471 1734 709 1444 
1669911979 1581 1765 669 1430 
1669911981 1577 1716 675 1446 
1669911983 1604 1704 595 1447 
1669911985 1477 1748 709 1495 
1669911987 1586 1739 692 1379 
1669911989 1566 1711 674 1372 
1669911991 1603 1742 677 1447 
1669911993 1554 1777 675 1476 
1669911995 1608 1770 695 1481 
1669911997 1615 1720 617 1461 
1669911999 1580 1777 696 1492 
1669912001 1566 1744 718 1471 
1669912003 1617 1702 662 1469 
1669912005 1596 1701 668 1453 
1669912007 1620 1776 701 1475 
1669912009 1624 1777 713 1481 
1669912011 1575 1706 691 1451 
1669912013 1476 1756 618 1448 
1669912015 1572 1704 721 1447 
1669912017 1598 1730 709 1449 
1669912019 1608 1716 707 1367 
1669912021 1589 1683 698 1485 
1669912023 1587 1706 704 1492 
1669912025 1574 1770 714 1490 
1669912027 1565 1680 674 1394 
1669912029 1558 1685 692 1491 
1669912031 1625 1732 694 1462 
1669912033 1508 1664 677 1420 
1669912035 1483 1692 692 1486 
1669912037 1493 1674 690 1493 
1669912039 1570 1711 675 1483 
1669912041 1613 1761 703 1449 
1669912043 1580 1734 709 1470 
1669912045 1594 1759 670 1373 
1669912047 1568 1732 594 1467 
1669912049 1476 1770 708 1461 
1669912051 1582 1724 700 1358 
1669912053 1595 1699 666 1456 
1669912055 1619 1755 668 1452 
1669912057 1549 1735 604 1449 
1669912059 1618 1779 705 1469 
1669912061 1615 1738 617 1456 
1669912063 1602 1655 696 1382 
1669912065 1550 1770 719 1459 
1669912067 1581 1730 717 1449 
1669912069 1595 1744 713 1473 
1669912071 1600 1684 622 1482 
1669912073 1574 1686 671 1479 
1669912075 1606 1725 710 1453 
1669912077 1618 1770 716 1374 
1669912079 1626 1754 708 1375 
1669912081 1558 1688 713 1480 
1669912083 1617 1761 669 1490 
1669912085 1575 1753 683 1489 
1669912087 1613 1719 691 1484 
1669912089 1554 1749 690 1382 
1669912091 1571 1743 669 1462 
1669912093 1573 1709 699 1474 
1669912095 1574 1734 593 1449 
1669912097 1475 1682 691 1488 
1669912099 1546 1750 714 1508 
1669912101 1601 1725 604 1475 
1669912103 1605 1724 706 1384 
1669912105 1593 1718 707 1448 
1669912107 1597 1767 694 1490 
1669912109 1569 1709 616 1492 
1669912111 1609 1672 679 1495 
1669912113 1617 1714 721 1437 
1669912115 1558 1738 594 1457 
1669912117 1613 1760 601 1489 
1669912119 1597 1678 626 1329 
1669912121 1558 1686 702 1490 
1669912123 1594 1786 626 1443 
1669912125 1575 1688 675 1430 
1669912127 1610 1773 672 1396 
1669912129 1598 1638 692 1497 
1669912131 1625 1647 688 1398 
1669912133 1483 1699 668 1449 
1669912135 1561 1706 595 1431 
1669912137 1591 1764 688 1462 
1669912139 1615 1676 680 1474 
1669912141 1599 1708 717 1483 
1669912143 1569 1676 694 1480 
1669912145 1557 1681 693 1479 
1669912147 1617 1742 699 1460 
1669912149 1611 1727 615 1470 
1669912151 1564 1655 700 1345 
1669912153 1568 1642 689 1462 
1669912155 1581 1677 699 1492 
1669912157 1535 1748 617 1460 
1669912159 1585 1756 695 1465 
1669912161 1602 1749 698 1500 
1669912163 1584 1664 701 1432 
1669912165 1610 1653 599 1430 
1669912167 1624 1782 689 1469 
1669912169 1624 1741 694 1397 
1669912171 1616 1682 630 1478 
1669912173 1593 1742 695 1480 
1669912175 1560 1740 709 1443 
1669912177 1585 1756 727 1492 
1669912179 1591 1732 712 1463 
1669912181 1602 1742 714 1474 
1669912183 1616 1722 691 1369 
1669912185 1561 1673 690 1376 
1669912187 1623 1742 668 1495 
1669912189 1612 1723 608 1491 
1669912191 1568 1676 602 1454 
1669912193 1600 1719 671 1449 
1669912195 1582 1632 665 1431 
1669912197 1625 1718 714 1384 
1669912199 1588 1752 716 1465 
1669912201 1616 1755 679 1481 
1669912203 1612 1777 664 1450 
1669912205 1605 1744 705 1480 
1669912207 1596 1737 697 1481 
1669912209 1562 1659 665 1482 
1669912211 1576 1704 710 1494 
1669912213 1621 1729 696 1467 
1669912215 1559 1713 700 1460 
1669912217 1581 1665 681 1368 
1669912219 1614 1752 719 1437 
1669912221 1569 1752 667 1473 
1669912223 1560 1765 615 1477 
1669912225 1577 1763 672 1454 
1669912227 1608 1692 688 1366 
1669912229 1626 1725 669 1362 
1669912231 1615 1769 680 1492 
1669912233 1572 1661 615 1450 
1669912235 1436 1635 653 1448 
1669912237 1573 1719 603 1455 
1669912239 1601 1729 695 1465 
1669912241 1580 1773 606 1370 
1669912243 1562 1627 683 1482 
1669912245 1579 1707 672 1372 
1669912247 1566 1781 668 1456 
1669912249 1580 1765 693 1481 
1669912251 1568 1758 660 1470 
1669912253 1597 1686 717 1461 
1669912255 1610 1773 713 1484 
1669912257 1577 1756 711 1492 
1669912259 1613 1710 679 1447 
1669912261 1591 1709 687 1423 
1669912263 1604 1741 662 1459 
1669912265 1613 1769 702 1490 
1669912267 1615 1656 686 1460 
1669912269 1559 1731 666 1337 
1669912271 1602 1693 617 1370 
1669912273 1591 1630 579 1442 
1669912275 1562 1689 693 1474 
1669912277 1575 1707 686 1370 
1669912279 1492 1762 621 1436 
1669912281 1588 1737 693 1458 
1669912283 1482 1691 599 1449 
1669912285 1582 1770 685 1473 
1669912287 1597 1762 719 1458 
1669912289 1534 1691 685 1476 
1669912291 1573 1690 659 1463 
1669912293 1596 1726 718 1457 
1669912295 1558 1737 707 1435 
1669912297 1617 1720 619 1460 
1669912299 1528 1681 708 1395 
1669912301 1576 1698 688 1493 
1669912303 1589 1748 601 1452 
1669912305 1580 1776 693 1456 
1669912307 1614 1761 714 1489 
1669912309 1579 1718 687 1365 
1669912311 1573 1704 599 1459 
1669912313 1559 1759 699 1483 
1669912315 1606 1744 597 1479 
1669912317 1604 1759 702 1448 
1669912319 1568 1765 708 1485 
1669912321 1602 1689 691 1437 
1669912323 1588 1662 607 1460 
1669912325 1600 1775 706 1465 
1669912327 1558 1723 689 1483 
1669912329 1610 1744 676 1452 
1669912331 1564 1650 689 1486 
1669912333 1579 1713 690 1464 
1669912335 1615 1761 674 1382 
1669912337 1591 1707 678 1341 
1669912339 1618 1690 716 1486 
1669912341 1608 1701 665 1443 
1669912343 1477 1687 695 1467 
1669912345 1562 1734 623 1460 
1669912347 1482 1582 611 1425 
1669912349 1567 1682 687 1463 
1669912351 1481 1701 694 1491 
1669912353 1566 1696 708 1369 
1669912355 1582 1704 696 1471 
1669912357 1562 1759 677 1451 
1669912359 1621 1771 710 1387 
1669912361 1608 1751 677 1481 
1669912363 1484 1733 672 1496 
1669912365 1582 1733 693 1464 
1669912367 1587 1713 685 1476 
1669912369 1559 1685 603 1434 
1669912371 1617 1756 689 1465 
1669912373 1624 1559 667 1469 
1669912375 1566 1721 672 1449 
1669912377 1610 1746 707 1482 
1669912379 1564 1759 694 1363 
1669912381 1589 1739 709 1458 
1669912383 1606 1739 690 1492 
1669912385 1608 1788 686 1394 
1669912387 1568 1749 613 1420 
1669912389 1604 1649 681 1497 
1669912391 1587 1755 696 1358 
1669912393 1610 1752 617 1381 
1669912395 1603 1761 670 1467 
1669912397 1590 1737 665 1447 
1669912399 1612 1737 706 1491 
1669912401 1594 1749 667 1469 
1669912403 1612 1730 626 1365 
1669912405 1608 1721 713 1494 
1669912407 1629 1728 684 1364 
1669912409 1539 1762 603 1456 
1669912411 1620 1698 706 1457 
1669912413 1572 1721 680 1452 
1669912415 1625 1718 688 1476 
1669912417 1627 1749 698 1491 
1669912419 1615 1740 682 1458 
1669912421 1599 1754 617 1477 
1669912423 1585 1638 658 1440 
1669912425 1600 1719 690 1510 
1669912427 1623 1683 615 1347 
1669912429 1617 1668 708 1487 
1669912431 1623 1734 689 1471 
1669912433 1605 1760 717 1467 
1669912435 1621 1703 700 1473 
1669912437 1590 1739 685 1485 
1669912439 1613 1678 709 1446 
1669912441 1595 1760 715 1442 
1669912443 1589 1708 672 1481 
1669912445 1628 1718 714 1490 
1669912447 1590 1761 703 1442 
1669912449 1579 1748 595 1466 
1669912451 1582 1727 697 1477 
1669912453 1584 1771 700 1397 
1669912455 1596 1705 693 1456 
1669912457 1569 1708 678 1491 
1669912459 1593 1719 705 1482 
1669912461 1610 1736 697 1489 
1669912463 1592 1744 609 1459 
1669912465 1487 1698 708 1347 
1669912467 1609 1687 692 1475 
1669912469 1578 1784 727 1458 
1669912471 1576 1636 703 1489 
1669912473 1564 1640 695 1449 
1669912475 1617 1758 710 1456 
1669912477 1565 1716 612 1475 
1669912479 1580 1755 694 1374 
1669912481 1610 1721 609 1478 
1669912483 1558 1751 677 1490 
1669912485 1610 1621 703 1483 
1669912487 1623 1685 687 1451 
1669912489 1595 1748 602 1254 
1669912491 1572 1751 666 1482 
1669912493 1578 1690 709 1491 
1669912495 1610 1736 620 1442 
1669912497 1567 1736 666 1463 
1669912499 1489 1711 697 1438 
1669912501 1605 1759 672 1344 
1669912503 1614 1752 716 1266 
1669912505 1612 1764 710 1460 
1669912507 1635 1654 631 1426 
1669912509 1628 1683 667 1459 
1669912511 1578 1620 614 1481 
1669912513 1592 1678 622 1345 
1669912515 1573 1744 707 1477 
1669912517 1583 1761 676 1370 
1669912519 1603 1736 699 1441 
1669912521 1576 1718 679 1429 
1669912523 1575 1757 689 1453 
1669912525 1567 1713 610 1370 
1669912527 1623 1739 670 1368 
1669912529 1624 1736 663 1463 
1669912531 1608 1728 709 1367 
1669912533 1575 1760 695 1463 
1669912535 1612 1730 706 1491 
1669912537 1605 1695 667 1455 
1669912539 1621 1747 611 1441 
1669912541 1600 1729 657 1464 
1669912543 1621 1614 694 1371 
1669912545 1614 1719 702 1373 
1669912547 1615 1710 687 1476 
1669912549 1578 1739 703 1456 
1669912551 1598 1740 716 1487 
1669912553 1584 1702 600 1391 
1669912555 1583 1709 696 1357 
1669912557 1572 1717 708 1478 
1669912559 1387 1659 635 1512 
1669912561 1571 1634 580 1488 
1669912563 1619 1778 695 1438 
1669912565 1615 1742 690 1487 
1669912567 1633 1685 664 1362 
1669912569 1490 1718 615 1422 
1669912571 1631 1726 711 1461 
1669912573 1575 1708 673 1438 
1669912575 1556 1765 718 1505 
1669912577 1587 1733 697 1453 
1669912579 1566 1696 700 1494 
1669912581 1595 1763 688 1483 
1669912583 1618 1733 675 1437 
1669912585 1592 1737 705 1351 
1669912587 1633 1767 663 1449 
1669912589 1582 1767 669 1480 
1669912591 1624 1748 684 1477 
1669912593 1582 1690 712 1457 
1669912595 1622 1743 696 1358 
1669912597 1632 1788 724 1477 
1669912599 1615 1671 667 1435 
1669912601 1622 1785 691 1475 
1669912603 1620 1658 689 1471 
1669912605 1580 1748 675 1354 
1669912607 1583 1726 689 1449 
1669912609 1570 1642 654 1344 
1669912611 1593 1719 696 1502 
1669912613 1600 1739 685 1461 
1669912615 1613 1716 672 1491 
1669912617 1604 1690 620 1259 
1669912619 1616 1659 696 1445 
1669912621 1602 1707 667 1375 
1669912623 1624 1731 679 1494 
1669912625 1574 1786 713 1486 
1669912627 1590 1744 700 1479 
1669912629 1573 1758 718 1349 
1669912631 1597 1742 663 1428 
1669912633 1576 1672 710 1380 
1669912635 1619 1714 626 1446 
1669912637 1580 1775 713 1442 
1669912639 1635 1709 683 1419 
1669912641 1613 1741 704 1450 
1669912643 1588 1743 692 1477 
1669912645 1599 1780 639 1434 
1669912647 1630 1720 693 1496 
1669912649 1630 1772 683 1486 
1669912651 1616 1709 673 1503 
1669912653 1550 1590 581 1475 
1669912655 1592 1702 582 1492 
1669912657 1464 1727 657 1433 
1669912659 1570 1746 665 1469 
1669912661 1582 1673 656 1375 
1669912663 1547 1742 686 1361 
1669912665 1543 1595 683 1465 
1669912667 1578 1729 617 1461 
1669912669 1606 1751 690 1371 
1669912671 1595 1681 670 1481 
1669912673 1568 1747 605 1464 
1669912675 1485 1603 699 1439 
1669912677 1615 1697 688 1479 
1669912679 1654 1704 679 1447 
1669912681 1618 1779 687 1492 
1669912683 1583 1732 725 1361 
1669912685 1612 1750 708 1466 
1669912687 1549 1768 716 1449 
1669912689 1614 1735 683 1443 
1669912691 1592 1792 701 1478 
1669912693 1651 1754 685 1461 
1669912695 1595 1705 713 1482 
1669912697 1589 1777 697 1436 
1669912699 1496 1736 695 1481 
1669912701 1634 1792 721 1460 
1669912703 1624 1748 672 1480 
1669912705 1582 1727 709 1355 
1669912707 1623 1751 694 1471 
1669912709 1596 1705 686 1456 
1669912711 1628 1680 698 1470 
1669912713 1597 1765 688 1347 
1669912715 1590 1654 685 1452 
1669912717 1591 1779 703 1444 
1669912719 1628 1612 688 1488 
1669912721 1625 1722 727 1455 
1669912723 1626 1771 712 1352 
1669912725 1611 1765 718 1481 
1669912727 1638 1791 721 1452 
1669912729 1604 1718 724 1340 
1669912731 1538 1663 660 1464 
1669912733 1590 1708 715 1456 
1669912735 1625 1748 687 1470 
1669912737 1576 1664 710 1354 
1669912739 1535 1742 724 1466 
1669912741 1581 1759 712 1449 
1669912743 1640 1726 703 1388 
1669912745 1503 1763 703 1483 
1669912747 1603 1720 607 1417 
1669912749 1604 1775 685 1447 
1669912751 1618 1698 708 1504 
1669912753 1647 1712 677 1458 
1669912755 1581 1685 651 1452 
1669912757 1502 1744 670 1349 
1669912759 1571 1761 665 1442 
1669912761 1575 1680 695 1466 
1669912763 1589 1753 659 1445 
1669912765 1609 1729 685 1490 
1669912767 1483 1743 658 1466 
1669912769 1568 1679 678 1484 
1669912771 1610 1609 681 1367 
1669912773 1585 1647 657 1451 
1669912775 1611 1576 593 1479 
1669912777 1471 1678 651 1435 
1669912779 1575 1684 659 1481 
1669912781 1598 1713 672 1508 
1669912783 1546 1661 641 1488 
1669912785 1468 1708 656 1388 
1669912787 1533 1695 657 1436 
1669912789 1554 1705 675 1479 
1669912791 1551 1718 664 1458 
1669912793 1549 1619 665 1448 
1669912795 1530 1736 603 1467 
1669912797 1601 1753 665 1471 
1669912799 1585 1708 706 1381 
1669912801 1594 1731 663 1487 
1669912803 1615 1713 658 1471 
1669912805 1627 1675 652 1460 
1669912807 1603 1754 678 1399 
1669912809 1495 1711 673 1485 
1669912811 1623 1763 705 1439 
1669912813 1576 1741 693 1449 
1669912815 1582 1797 719 1471 
1669912817 1586 1656 694 1442 
1669912819 1620 1786 728 1461 
1669912821 1597 1695 673 1484 
1669912823 1576 1619 707 1434 
1669912825 1624 1740 625 1425 
1669912827 1602 1680 614 1497 
1669912829 1491 1686 684 1476 
1669912831 1594 1750 714 1373 
1669912833 1617 1792 703 1347 
1669912835 1628 1727 698 1450 
1669912837 1580 1782 712 1348 
1669912839 1639 1730 706 1459 
1669912841 1593 1721 673 1482 
1669912843 1607 1736 722 1489 
1669912845 1606 1763 709 1477 
1669912847 1591 1733 696 1464 
1669912849 1614 1749 708 1455 
1669912851 1629 1711 712 1486 
1669912853 1615 1677 720 1455 
1669912855 1616 1748 727 1433 
1669912857 1578 1746 701 1462 
1669912859 1569 1726 711 1466 
1669912861 1606 1725 664 1452 
1669912863 1461 1718 688 1476 
1669912865 1502 1738 689 1479 
1669912867 1590 1743 663 1489 
1669912869 1589 1733 657 1462 
1669912871 1584 1738 677 1456 
1669912873 1640 1747 706 1488 
1669912875 1634 1692 625 1453 
1669912877 1602 1736 700 1467 
1669912879 1614 1766 633 1475 
1669912881 1629 1699 695 1432 
1669912883 1635 1726 639 1439 
1669912885 1630 1755 671 1440 
1669912887 1596 1702 604 1443 
1669912889 1620 1690 685 1478 
1669912891 1576 1726 700 1485 
1669912893 1588 1724 704 1488 
1669912895 1549 1703 687 1468 
1669912897 1580 1696 688 1480 
1669912899 1592 1635 635 1481 
1669912901 1600 1763 586 1347 
1669912903 1590 1723 682 1498 
1669912905 1620 1751 661 1483 
1669912907 1611 1698 704 1477 
1669912909 1602 1746 727 1458 
1669912911 1625 1719 675 1486 
1669912913 1493 1754 692 1369 
1669912915 1630 1767 675 1453 
1669912917 1590 1742 699 1453 
1669912919 1604 1726 636 1492 
1669912921 1610 1628 709 1435 
1669912923 1624 1787 717 1471 
1669912925 1586 1690 701 1446 
1669912927 1596 1641 675 1481 
1669912929 1589 1708 686 1473 
1669912931 1541 1637 654 1477 
1669912933 1584 1744 599 1436 
1669912935 1572 1755 686 1479 
1669912937 1628 1799 697 1459 
1669912939 1619 1711 683 1442 
1669912941 1625 1704 729 1358 
1669912943 1586 1768 633 1429 
1669912945 1581 1729 686 1484 
1669912947 1607 1737 686 1489 
1669912949 1612 1771 706 1261 
1669912951 1615 1786 710 1365 
1669912953 1609 1742 692 1497 
1669912955 1484 1684 710 1486 
1669912957 1587 1733 682 1330 
1669912959 1594 1722 717 1468 
1669912961 1575 1727 674 1471 
1669912963 1537 1664 673 1373 
1669912965 1564 1721 692 1462 
1669912967 1583 1712 612 1472 
1669912969 1475 1717 680 1456 
1669912971 1591 1734 688 1483 
1669912973 1613 1708 586 1459 
1669912975 1616 1633 682 1377 
1669912977 1617 1763 703 1435 
1669912979 1600 1756 695 1489 
1669912981 1633 1707 694 1376 
1669912983 1638 1751 695 1458 
1669912985 1594 1599 702 1452 
1669912987 1607 1710 713 1473 
1669912989 1596 1680 710 1473 
1669912991 1612 1690 692 1445 
1669912993 1623 1718 720 1442 
1669912995 1620 1796 729 1447 
1669912997 1581 1697 622 1471 
1669912999 1554 1669 671 1431 
1669913001 1604 1730 622 1482 
1669913003 1600 1741 676 1496 
1669913005 1538 1590 689 1495 
1669913007 1553 1674 666 1486 
1669913009 1582 1745 676 1359 
1669913011 1580 1702 594 1501 
1669913013 1566 1717 666 1386 
1669913015 1509 1738 696 1469 
1669913017 1621 1735 652 1349 
1669913019 1597 1727 598 1383 
1669913021 1583 1765 701 1451 
1669913023 1597 1718 697 1453 
1669913025 1627 1721 690 1497 
1669913027 1580 1695 675 1433 
1669913029 1630 1670 715 1476 
1669913031 1646 1748 725 1487 
1669913033 1625 1712 713 1476 
1669913035 1608 1635 668 1488 
1669913037 1601 1688 687 1436 
1669913039 1525 1718 696 1353 
1669913041 1591 1780 693 1465 
1669913043 1579 1745 705 1440 
1669913045 1614 1692 685 1454 
1669913047 1620 1767 706 1503 
1669913049 1563 1737 715 1470 
1669913051 1461 1676 683 1433 
1669913053 1570 1665 667 1487 
1669913055 1546 1715 596 1378 
1669913057 1459 1688 665 1498 
1669913059 1553 1642 692 1376 
1669913061 1596 1620 683 1440 
1669913063 1568 1593 657 1449 
1669913065 1570 1700 587 1438 
1669913067 1509 1731 664 1464 
1669913069 1542 1712 661 1488 
1669913071 1619 1726 681 1452 
1669913073 1613 1747 654 1389 
1669913075 1578 1684 694 1347 
1669913077 1591 1736 730 1482 
1669913079 1639 1700 725 1443 
1669913081 1642 1753 718 1443 
1669913083 1571 1715 702 1471 
1669913085 1499 1719 712 1466 
1669913087 1579 1720 701 1479 
1669913089 1626 1763 694 1466 
1669913091 1646 1649 699 1434 
1669913093 1605 1736 710 1470 
1669913095 1496 1725 698 1482 
1669913097 1637 1774 635 1485 
1669913099 1625 1762 638 1500 
1669913101 1578 1640 703 1358 
1669913103 1642 1730 629 1441 
1669913105 1578 1769 711 1474 
1669913107 1566 1772 704 1456 
1669913109 1567 1733 698 1370 
1669913111 1676 1980 752 1468 
1669913113 1623 1724 689 1439 
1669913115 1482 1699 699 1475 
1669913117 1738 1417 614 1405 
1669913119 1661 1932 636 1482 
1669913121 1582 1703 671 1509 
1669913123 1801 2282 786 1505 
1669913125 1564 1780 708 1402 
1669913127 1530 1729 690 1482 
1669913129 1590 1764 707 1482 
1669913131 1597 1631 689 1468 
1669913133 1589 1699 671 1440 
1669913135 1581 1695 677 1482 
1669913137 1585 1663 692 1370 
1669913139 1602 1776 607 1471 
1669913141 1573 1725 678 1481 
1669913143 1590 1738 717 1454 
1669913145 1576 1673 685 1463 
1669913147 1636 1779 710 1485 
1669913149 1638 1718 724 1454 
1669913151 1605 1782 680 1468 
1669913153 1631 1726 724 1460 
1669913155 1626 1666 687 1469 
1669913157 1603 1762 725 1479 
1669913159 1606 1771 699 1473 
1669913161 1606 1777 694 1492 
1669913163 1589 1734 722 1485 
1669913165 1567 1712 689 1482 
1669913167 1569 1712 675 1481 
1669913169 1580 1657 599 1461 
1669913171 1541 1730 602 1481 
1669913173 1549 1613 642 1478 
1669913175 1836 1499 614 1123 
1669913177 1214 1638 777 1590 
1669913179 1618 2383 834 1677 
1669913181 857 575 431 1969 
1669913183 616 855 537 948 
1669913185 2258 2854 1153 1768 
1669913187 823 572 496 1374 
1669913189 1241 2839 1493 1468 
1669913191 650 1272 549 1743 
1669913193 1144 1131 640 1351 
1669913195 2527 1764 566 1425 
1669913197 2119 1494 583 1314 
1669913199 1650 1872 801 1479 
1669913201 1251 1194 579 1480 
1669913203 1412 1603 626 1525 
1669913205 1415 1728 618 1333 
1669913207 1562 1372 768 1559 
1669913209 1545 1819 700 1314 
1669913211 1103 1084 465 1222 
1669913213 1886 2326 996 1621 
1669913215 1816 2159 1030 1523 
1669913217 1647 1843 744 1416 
1669913219 1626 1725 707 1492 
1669913221 1686 1716 720 1479 
1669913223 1731 1836 558 1309 
1669913225 1725 1768 731 1468 
1669913227 1832 2122 796 1348 
1669913229 1534 1579 682 1370 
1669913231 1647 1676 698 1476 
1669913233 1628 1619 571 1436 
1669913235 1637 1771 577 1462 
1669913237 1323 1495 685 1400 
1669913239 1633 1683 723 1487 
1669913241 2026 2404 1319 1606 
1669913243 2005 2617 1334 1667 
1669913245 1469 1554 849 1445 
1669913247 1940 2384 1060 1609 
1669913249 1398 1396 575 1420 
1669913251 1224 1620 750 1107 
1669913253 698 638 526 678 
1669913255 1018 899 631 1293 
1669913257 1649 1852 773 1525 
1669913259 1508 1502 647 1329 
1669913261 2500 2676 1168 1652 
1669913263 1660 1730 969 1352 
1669913265 1476 1602 639 1470 
1669913267 1071 1170 590 1298 
1669913269 1802 2069 742 1513 
1669913271 1251 1581 608 1383 
1669913273 2421 2473 945 1583 
1669913275 1450 1555 694 1360 
1669913277 1637 1813 792 1458 
1669913279 1457 1636 649 1351 
1669913281 2001 2101 853 1510 
1669913283 1718 1930 601 1466 
1669913285 2129 2145 889 1692 
1669913287 1443 1711 690 1356 
1669913289 1569 1435 553 1411 
1669913291 1616 1912 804 1392 
1669913293 902 785 455 1390 
1669913295 760 578 523 1249 
1669913297 1125 1333 701 1253 
1669913299 668 1197 1436 1515 
1669913301 1434 1744 711 1503 
1669913303 1329 1396 564 1431 
1669913305 1693 1905 885 1574 
1669913307 1611 1835 717 1504 
1669913309 1828 1931 788 1526 
1669913311 1367 1477 708 1482 
1669913313 1531 1719 753 1500 
1669913315 1330 1550 650 1451 
1669913317 1610 1801 623 1493 
1669913319 1504 1704 680 1450 
1669913321 1582 1727 689 1455 
1669913323 3388 3341 1459 1765 
1669913325 1164 1191 715 1448 
1669913327 1561 1785 698 1496 
1669913329 1546 1711 697 1441 
1669913331 1612 1718 693 1367 
1669913333 1634 1807 722 1476 
1669913335 1575 1690 599 1413 
1669913337 1599 1711 665 1449 
1669913339 1520 1532 600 1338 
1669913341 1530 1763 754 1432 
1669913343 1448 1212 422 1122 
1669913345 1550 1890 834 1534 
1669913347 1172 1467 779 1486 
1669913349 1465 1720 666 1517 
1669913351 1394 1719 707 1435 
1669913353 1680 1923 701 1461 
1669913355 1129 1226 532 1500 
1669913357 1573 1710 711 1471 
1669913359 1614 1729 696 1314 
1669913361 1564 1770 720 1364 
1669913363 1566 1597 688 1471 
1669913365 1754 1858 646 1425 
1669913367 1758 2097 730 1514 
1669913369 1445 1623 645 1511 
1669913371 748 613 471 1220 
1669913373 1531 1675 684 1421 
1669913375 1600 1685 692 1508 
1669913377 1574 1694 729 1506 
1669913379 1747 1843 736 1492 
1669913381 1698 1867 739 1485 
1669913383 2513 1965 750 1058 
1669913385 518 486 513 2666 
1669913387 1368 1965 767 1507 
1669913389 1546 1929 646 1374 
1669913391 1605 1851 705 1448 
1669913393 1626 1900 780 1203 
1669913395 1870 2129 886 1431 
1669913397 2403 2351 831 1228 
1669913399 1310 1362 598 1471 
1669913401 1623 1686 731 1460 
1669913403 1542 1237 568 1210 
1669913405 1528 1513 664 1444 
1669913407 1973 2028 851 1434 
1669913409 1713 1069 514 925 
1669913411 1450 1557 675 1449 
1669913413 3322 3168 1331 1190 
1669913415 1227 948 593 1356 
1669913417 1970 1872 581 1081 
1669913419 1701 1901 756 1409 
1669913421 1477 1859 751 1506 
1669913423 2072 2125 853 1434 
1669913425 958 1150 513 1365 
1669913427 1599 1785 670 1426 
1669913429 1536 1383 496 1554 
1669913431 1645 1765 873 1418 
1669913433 1647 1881 626 1629 
1669913435 1616 1647 706 1462 
1669913437 1319 1722 653 1710 
1669913439 1491 1708 706 1544 
1669913441 1604 1847 770 1499 
1669913443 1931 2099 870 1691 
1669913445 1951 1664 706 1240 
1669913447 1074 1362 460 1993 
1669913449 1164 1962 805 1833 
1669913451 1658 1755 715 1547 
1669913453 1773 1622 672 1406 
1669913455 1777 1827 685 1397 
1669913457 2042 1886 673 1114 
1669913459 1687 1683 720 1484 
1669913461 2620 2826 1223 1603 
1669913463 1240 1309 731 1512 
1669913465 1666 1772 714 1457 
1669913467 1546 1734 713 1504 
1669913469 2255 2411 956 1463 
1669913471 1094 1068 748 1559 
1669913473 2150 1989 701 1045 
1669913475 2166 2291 881 1438 
1669913477 1558 1804 717 1494 
1669913479 1878 1913 786 1502 
1669913481 1643 1713 767 1566 
1669913483 2393 2277 856 1332 
1669913485 1172 1358 745 1507 
1669913487 3344 3325 1561 1365 
1669913489 1360 1977 1037 1873 
1669913491 1672 1384 712 1843 
1669913493 1597 1970 728 1554 
1669913495 1622 1786 770 1463 
1669913497 2407 2621 978 1388 
1669913499 1393 1509 671 1505 
1669913501 2107 804 409 762 
1669913503 2701 2155 766 1112 
1669913505 1039 1174 804 1602 
1669913507 1304 1623 661 1513 
1669913509 1195 1393 675 1582 
1669913511 1152 1763 708 1641 
1669913513 1168 1168 416 1526 
1669913515 2259 2087 936 1445 
1669913517 2480 1763 719 1040 
1669913519 2436 2186 775 1555 
1669913521 630 1101 590 1582 
1669913523 1986 1243 481 1185 
1669913525 3243 3009 1588 2142 
1669913527 823 1796 964 2027 
1669913529 2657 2729 2837 2913 
1669913531 2651 2489 1484 1771 
1669913533 944 1102 758 1474 
1669913535 717 1495 735 1795 
1669913537 1766 2330 775 1410 
1669913539 1467 1683 822 1504 
1669913541 3307 3231 1116 585 
1669913543 2855 2945 1903 1904 
1669913545 749 1808 851 1954 
1669913547 1084 877 860 575 
1669913549 1906 1740 421 1548 
1669913551 1797 2065 1019 1511 
1669913553 3291 3287 3300 2205 
1669913555 1703 2827 1273 1376 
1669913557 496 1988 1610 3197 
1669913559 1316 1951 730 1578 
1669913561 1187 1784 734 1510 
1669913563 1210 1731 730 1415 
1669913565 1340 1829 780 1407 
1669913567 1321 1670 769 1540 
1669913569 1431 1742 574 1485 
1669913571 1472 1822 712 1501 
1669913573 1566 1739 750 1470 
1669913575 1423 1735 754 1538 
1669913577 1950 1532 547 1316 
1669913579 1908 2018 975 1075 
1669913581 1239 1565 716 1793 
1669913583 1510 1755 748 1551 
1669913585 1500 1902 759 1526 
1669913587 2137 2079 903 1374 
1669913589 1407 1663 790 1550 
1669913591 2033 2105 936 1478 
1669913593 1197 1455 630 1589 
1669913595 2196 2381 995 1388 
1669913597 1191 1499 733 1555 
1669913599 1786 1924 922 1456 
1669913601 1268 1474 779 1535 
1669913603 1463 1724 686 1527 
1669913605 1384 1505 709 1512 
1669913607 1447 1789 709 1524 
1669913609 1454 1600 761 1538 
1669913611 1865 2004 861 1475 
1669913613 1131 1514 786 1488 
1669913615 1674 1818 657 1457 
1669913617 1593 1865 742 1404 
1669913619 1625 1697 752 1482 
1669913621 1789 1856 731 1476 
1669913623 1630 1910 725 1499 
1669913625 1482 1690 759 1484 
1669913627 1535 1578 693 1338 
1669913629 1765 2074 878 1510 
1669913631 1749 1912 862 1495 
1669913633 1458 1688 663 1433 
1669913635 1388 1769 838 1527 
1669913637 2413 2747 1032 1423 
1669913639 761 1153 722 1770 
1669913641 1675 1346 732 1221 
1669913643 1795 1768 721 1446 
1669913645 1252 1167 616 1319 
1669913647 1352 1288 634 1451 
1669913649 2099 2374 960 1535 
1669913651 1645 1845 714 1500 
1669913653 1631 1746 638 1469 
1669913655 1609 1705 723 1502 
1669913657 1664 1708 756 1531 
1669913659 1681 1806 753 1404 
1669913661 1761 1846 826 1512 
1669913663 1584 1732 705 1473 
1669913665 1731 1890 840 1371 
1669913667 1608 1695 767 1475 
1669913669 1574 1728 629 1466 
1669913671 1565 1683 763 1456 
1669913673 1597 1772 839 1503 
1669913675 1868 2136 877 1519 
1669913677 1525 1557 747 1507 
1669913679 1769 1935 880 1508 
1669913681 1565 1621 709 1499 
1669913683 1659 1833 783 1488 
1669913685 1670 1888 692 1498 
1669913687 1676 1831 801 1510 
1669913689 1645 1790 787 1513 
1669913691 1604 1761 749 1467 
1669913693 1704 1695 780 1468 
1669913695 1692 1919 901 1490 
1669913697 1842 1957 833 1530 
1669913699 1497 1503 643 1375 
1669913701 1356 1334 424 1469 
1669913703 1760 1806 828 1494 
1669913705 1485 1494 657 1473 
1669913707 2827 3033 1944 1359 
1669913709 671 591 478 872 
1669913711 1583 2077 938 1563 
1669913713 1665 1420 660 1151 
1669913715 1394 1273 706 1822 
1669913717 1474 1640 807 1475 
1669913719 1463 1609 715 1465 
1669913721 2617 1868 736 1343 
1669913723 2957 3406 1340 1596 
1669913725 1465 1500 822 1435 
1669913727 2385 2420 1325 1460 
1669913729 824 757 645 1006 
1669913731 1963 2165 1108 1512 
1669913733 1808 1831 733 1732 
1669913735 1526 1674 1451 1699 
1669913737 1685 1496 672 1564 
1669913739 1186 863 783 2025 
1669913741 1077 2359 1344 1140 
1669913743 1684 2614 1174 1239 
1669913745 2116 2090 744 1438 
1669913747 1382 1524 806 1718 
1669913749 849 836 652 923 
1669913751 1190 1635 1062 1394 
1669913753 1509 2037 818 1249 
1669913755 1408 1736 574 1144 
1669913757 1348 1784 815 1368 
1669913759 1620 2030 788 1395 
1669913761 1300 1512 783 1428 
1669913763 1548 1736 803 1483 
1669913765 1601 1744 791 1449 
1669913767 1717 1787 703 1429 
1669913769 1948 1602 1061 1581 
1669913771 1618 1572 737 1384 
1669913773 1162 930 747 1090 
1669913775 1597 1851 850 1424 
1669913777 1938 1921 740 1439 
1669913779 1734 2054 900 1711 
1669913781 1871 2430 989 1673 
1669913783 1461 1652 674 1478 
1669913785 1732 1922 893 1571 
1669913787 2158 1869 607 1180 
1669913789 1520 1707 794 1444 
1669913791 1780 1865 744 1352 
1669913793 1642 1622 731 1355 
1669913795 1548 1633 838 1484 
1669913797 1834 1806 690 1482 
1669913799 1650 1973 888 1625 
1669913801 1675 1709 709 1557 
1669913803 1731 1818 846 1538 
1669913805 1669 1782 719 1519 
1669913807 1679 1738 795 1389 
1669913809 1659 1760 786 1501 
1669913811 1648 1794 746 1541 
1669913813 1564 1758 837 1555 
1669913815 1764 1660 789 1446 
1669913817 1734 1654 748 1467 
1669913819 1567 1967 883 1583 
1669913821 1598 1760 819 1509 
1669913823 1702 1901 795 1502 
1669913825 1517 2364 1115 1606 
1669913827 1587 2176 858 1479 
1669913829 1827 1834 786 1608 
1669913831 1623 1758 807 1523 
1669913833 1629 1648 780 1472 
1669913835 1652 1608 654 1479 
1669913837 1705 1812 775 1480 
1669913839 1612 1676 838 1414 
1669913841 1554 1340 596 1410 
1669913843 1807 1724 737 1458 
1669913845 1630 1648 798 1519 
1669913847 1360 1621 783 1473 
1669913849 1550 1561 758 1347 
1669913851 1493 1787 874 1327 
1669913853 2299 1935 660 1335 
1669913855 1470 1767 756 1499 
1669913857 1555 1654 766 1310 
1669913859 1537 1827 819 1441 
1669913861 1750 1602 734 1401 
1669913863 1698 1656 834 1546 
1669913865 1596 2098 1095 1714 
1669913867 2248 1411 539 1304 
1669913869 1751 1618 729 1454 
1669913871 2897 1325 701 680 
1669913873 1137 1417 734 1115 
1669913875 1350 1430 933 1901 
1669913877 1697 1867 864 1492 
1669913879 1715 1734 798 1433 
1669913881 1727 1866 731 1601 
1669913883 1673 1810 858 1576 
1669913885 1693 1641 832 1489 
1669913887 1659 1708 816 1544 
1669913889 1668 1689 842 1513 
1669913891 1760 1696 716 1391 
1669913893 1598 1740 819 1478 
1669913895 1632 1486 822 1559 
1669913897 1457 1756 915 1626 
1669913899 1506 1455 789 1469 
1669913901 1576 1584 792 1289 
1669913903 1486 1535 747 1445 
1669913905 1673 1654 778 1473 
1669913907 1690 1765 821 1489 
1669913909 1705 1655 781 1432 
1669913911 1636 1602 816 1539 
1669913913 1738 1651 798 1466 
1669913915 1755 1408 729 1305 
1669913917 1861 1390 755 1340 
1669913919 768 3425 2485 2665 
1669913921 1463 1954 931 1525 
1669913923 1555 1633 801 1476 
1669913925 1566 1721 825 1479 
1669913927 1623 1700 811 1461 
1669913929 1632 1740 794 1520 
1669913931 1699 1576 801 1425 
1669913933 2222 1262 740 1120 
1669913935 1879 1237 779 1364 
1669913937 1363 1721 855 1572 
1669913939 1600 1655 880 1560 
1669913941 1764 1542 781 1409 
1669913943 1644 1651 816 1468 
1669913945 1602 1653 843 1536 
1669913947 1206 2009 1035 1690 
1669913949 1620 1637 746 1482 
1669913951 1552 1725 805 1573 
1669913953 1555 1815 758 1508 
1669913955 1663 1716 846 1536 
1669913957 1621 1740 783 1489 
1669913959 1498 1702 843 1549 
1669913961 1759 1451 714 1394 
1669913963 1654 1584 754 1449 
1669913965 1655 1613 750 1501 
1669913967 2248 1381 654 1101 
1669913969 1235 1870 942 1718 
1669913971 1421 1760 812 1511 
1669913973 1639 1690 711 1464 
1669913975 1621 1721 726 1419 
1669913977 1492 1762 743 1489 
1669913979 1655 1713 794 1474 
1669913981 1623 1750 825 1533 
1669913983 1722 1620 841 1483 
1669913985 1908 1738 1020 1187 
1669913987 1179 1929 958 1689 
1669913989 1500 1936 884 1577 
1669913991 1057 1907 973 1570 
1669913993 1585 1644 721 1509 
1669913995 1406 1847 852 1425 
1669913997 1397 1987 847 1482 
1669913999 1905 1597 642 1504 
