1669914003 1599 1847 922 1530 
1669914006 1786 2111 1317 1720 
1669914008 1254 2168 1165 1660 
1669914010 2264 681 675 939 
1669914012 1816 1433 827 1668 
1669914014 1379 2470 1697 2221 
1669914016 1666 1849 832 1559 
1669914018 1864 1840 838 1444 
1669914020 3035 1927 718 1308 
1669914022 1275 1633 822 1419 
1669914024 520 1881 1581 1931 
1669914026 1573 2021 967 1684 
1669914028 1782 1954 835 1613 
1669914030 1740 1621 781 1431 
1669914032 2777 2018 797 1240 
1669914034 828 1586 884 1689 
1669914036 1541 1617 884 1483 
1669914038 1666 1613 744 1479 
1669914040 1766 1571 742 1366 
1669914042 1681 1723 842 1527 
1669914044 1618 1613 800 1502 
1669914046 1381 1754 865 1440 
1669914048 1602 1686 767 1468 
1669914050 1710 1711 830 1484 
1669914052 1557 1685 818 1563 
1669914054 1596 1718 853 1490 
1669914056 1723 1694 839 1502 
1669914058 1542 1682 849 1557 
1669914060 1616 1655 838 1430 
1669914062 1636 1682 734 1476 
1669914064 1582 1719 845 1510 
1669914066 1576 1779 874 1539 
1669914068 1739 1716 808 1475 
1669914070 1715 1727 803 1495 
1669914072 2473 1434 659 1130 
1669914074 1713 1654 794 1481 
1669914076 1468 1899 922 1692 
1669914078 1610 1665 825 1561 
1669914080 1609 1721 818 1443 
1669914082 1614 1758 768 1512 
1669914084 1517 1734 805 1513 
1669914086 1749 1741 847 1499 
1669914088 1609 1591 814 1365 
1669914090 1613 1694 840 1365 
1669914092 1748 1702 824 1472 
1669914094 2017 1728 791 1382 
1669914096 3456 2728 1103 1257 
1669914098 3366 1682 1127 1570 
1669914100 3290 2469 901 1709 
1669914102 1348 1655 599 1648 
1669914104 2835 1443 708 1275 
1669914106 1489 1492 948 1378 
1669914108 1956 1489 819 1399 
1669914110 2107 1371 695 1293 
1669914112 1559 1833 871 1603 
1669914114 1628 1608 740 1531 
1669914116 3187 658 419 524 
1669914118 2122 1292 884 1366 
1669914120 1764 1631 890 1522 
1669914122 1675 1570 702 1437 
1669914124 1860 1745 845 1526 
1669914126 1543 1774 887 1565 
1669914128 1487 1627 1073 1581 
1669914130 1528 1781 864 1551 
1669914132 1584 1797 867 1545 
1669914134 2111 1854 879 1407 
1669914136 1726 1689 860 1550 
1669914138 1628 1752 890 1525 
1669914140 1653 1714 880 1545 
1669914142 1656 1785 762 1527 
1669914144 1964 1218 656 1037 
1669914146 1507 1811 913 1751 
1669914148 1517 1687 828 1546 
1669914150 1712 1773 868 1488 
1669914152 1588 1663 806 1451 
1669914154 1596 1765 824 1423 
1669914156 1161 1726 845 1609 
1669914158 1470 1819 894 1514 
1669914160 1691 1822 885 1517 
1669914162 1625 1768 893 1544 
1669914164 1620 1809 791 1546 
1669914166 1885 1757 822 1499 
1669914168 1649 1751 836 1580 
1669914170 1547 1697 853 1481 
1669914172 1542 1667 753 1468 
1669914174 1503 1636 852 1428 
1669914176 1461 1739 854 1489 
1669914178 1581 1879 898 1486 
1669914180 1786 1605 805 1408 
1669914182 1479 1668 824 1555 
1669914184 1553 1797 869 1522 
1669914186 1568 1736 758 1500 
1669914188 1743 1746 853 1498 
1669914190 1514 1699 899 1582 
1669914192 1751 1734 908 1444 
1669914194 1449 1729 854 1494 
1669914196 1718 1709 853 1447 
1669914198 1685 1684 827 1465 
1669914200 1629 1690 808 1364 
1669914202 1451 1764 890 1529 
1669914204 1540 1720 869 1557 
1669914206 1512 1775 813 1538 
1669914208 1379 1521 777 1473 
1669914210 2122 1128 724 834 
1669914212 1808 1548 788 1323 
1669914214 1688 1531 743 1452 
1669914216 1658 1651 855 1577 
1669914218 1585 1943 956 1648 
1669914220 1801 1823 889 1533 
1669914222 1583 1845 939 1661 
1669914224 1567 1795 853 1548 
1669914226 1837 1453 858 1381 
1669914228 1754 1691 789 1466 
1669914230 1561 1702 780 1573 
1669914232 1468 1874 936 1654 
1669914234 1423 1895 895 1579 
1669914236 1932 1835 858 1397 
1669914238 1364 1692 887 1547 
1669914240 1917 2008 985 1595 
1669914242 1538 1711 869 1390 
1669914244 1567 1712 840 1492 
1669914246 1620 1662 853 1510 
1669914248 1777 1809 849 1551 
1669914250 1569 1643 822 1313 
1669914252 659 2404 1334 2247 
1669914254 1675 1053 780 1261 
1669914256 1842 2523 1363 1907 
1669914258 913 2493 1497 2225 
1669914260 1811 1970 776 1344 
1669914262 1575 1644 763 1418 
1669914264 1518 1704 860 1383 
1669914266 1651 1745 900 1434 
1669914268 2404 3127 1994 2694 
1669914270 640 1406 766 1637 
1669914272 1409 1503 825 1427 
1669914274 1495 1577 869 1442 
1669914276 2395 1302 704 1206 
1669914278 1983 1552 734 1262 
1669914280 1760 1273 611 1275 
1669914282 1460 1019 772 1157 
1669914284 1483 1488 799 1398 
1669914286 1252 2043 1011 1843 
1669914288 1769 1200 598 1129 
1669914290 1502 1060 884 1552 
1669914292 3282 1603 670 779 
1669914294 2045 2113 990 1617 
1669914296 1764 1948 908 1606 
1669914298 1682 1878 865 1613 
1669914300 1651 1733 788 1560 
1669914302 1633 1758 895 1571 
1669914304 1726 1764 891 1501 
1669914306 1739 1905 880 1583 
1669914308 1803 1911 920 1552 
1669914310 1516 1874 926 1627 
1669914312 1470 1770 876 1619 
1669914314 815 1573 757 1892 
1669914316 2228 1965 941 1354 
1669914318 1646 1737 852 1552 
1669914320 2082 1836 888 1391 
1669914322 1370 1592 863 1509 
1669914324 1585 1717 863 1531 
1669914326 1594 1750 879 1522 
1669914328 1594 1665 857 1502 
1669914330 1641 1737 837 1511 
1669914332 1622 1731 841 1560 
1669914334 1549 1891 896 1635 
1669914336 1566 1653 844 1401 
1669914338 1438 1835 912 1568 
1669914340 1566 1761 842 1307 
1669914342 1561 1686 839 1446 
1669914344 1592 1733 839 1508 
1669914346 1591 1746 792 1523 
1669914348 1595 1734 781 1536 
1669914350 1623 1712 875 1532 
1669914352 1702 1731 758 1509 
1669914354 1626 1718 861 1547 
1669914356 1462 1687 854 1499 
1669914358 1645 1668 831 1461 
1669914360 1629 1644 786 1526 
1669914362 1498 1671 863 1583 
1669914364 1551 1772 855 1601 
1669914366 1452 1651 807 1573 
1669914368 1773 1741 874 1493 
1669914370 1470 1704 863 1545 
1669914372 1415 1790 795 1549 
1669914374 1495 1732 889 1601 
1669914376 1569 1759 889 1559 
1669914378 1581 1636 835 1470 
1669914380 1549 1742 853 1529 
1669914382 1557 1730 753 1482 
1669914384 1487 1760 873 1512 
1669914386 1557 1727 842 1499 
1669914388 1568 1642 802 1539 
1669914390 1420 1507 1163 1557 
1669914392 1558 1063 566 1265 
1669914394 1659 1586 891 1469 
1669914396 1579 1830 908 1588 
1669914398 1366 1816 924 1623 
1669914400 1573 1924 869 1576 
1669914402 1622 1753 864 1510 
1669914404 1588 1699 868 1399 
1669914406 1401 1768 906 1489 
1669914408 1675 1894 917 1525 
1669914410 1972 1945 891 1450 
1669914412 1596 1738 775 1507 
1669914414 1510 1656 832 1576 
1669914416 1416 1448 830 1546 
1669914418 1950 1403 751 1218 
1669914420 2079 729 612 948 
1669914422 2013 2390 1208 1750 
1669914424 1799 1738 816 1666 
1669914426 2019 3447 3255 3068 
1669914428 1854 606 594 1271 
1669914430 1931 1857 976 1815 
1669914432 2937 2275 959 1554 
1669914434 1860 1378 596 1443 
1669914436 1769 493 451 653 
1669914438 2840 2104 1200 1881 
1669914440 704 2927 1315 1641 
1669914442 672 1235 928 1356 
1669914444 3246 3286 3294 2798 
1669914446 3370 3362 2478 2119 
1669914448 2211 2219 1908 2237 
1669914450 956 1247 988 1295 
1669914452 1899 1699 1234 1905 
1669914454 1976 2073 1125 1538 
1669914456 1384 1283 845 1524 
1669914458 1466 1881 980 1710 
1669914460 2638 1936 927 1477 
1669914462 2115 1834 1060 1827 
1669914464 1617 1765 809 1544 
1669914466 1327 1181 624 1135 
1669914468 1991 2060 920 1491 
1669914470 590 2018 1674 2421 
1669914472 2066 2273 2239 2888 
1669914474 1518 1575 806 870 
1669914476 719 1213 883 1321 
1669914478 1237 950 619 1389 
1669914480 1057 1310 777 1518 
1669914482 1713 2074 1138 1720 
1669914484 1544 1712 932 1490 
1669914486 931 1540 858 1723 
1669914488 1779 1806 914 1480 
1669914490 1736 1653 844 1472 
1669914492 1352 1721 837 1240 
1669914494 3315 3349 3244 3376 
1669914496 2735 3155 2497 2954 
1669914498 1739 805 669 749 
1669914500 2446 3224 2178 3021 
1669914502 2913 3390 2883 2940 
1669914504 1349 2069 1694 2292 
1669914506 748 1080 806 1637 
1669914508 2564 2996 2741 2084 
1669914510 3395 3418 3476 3365 
1669914512 1388 1574 1984 1820 
1669914514 2477 1928 2167 2255 
1669914516 739 602 570 718 
1669914518 1310 392 674 1116 
1669914520 1601 1955 1082 1385 
1669914522 2566 3324 2137 2652 
1669914524 1997 2543 1213 1991 
1669914526 2010 2718 1217 1976 
1669914528 1356 1543 629 1429 
1669914530 2371 3193 1817 2081 
1669914532 1303 1525 1122 1086 
1669914534 1487 1747 996 1246 
1669914536 1713 2251 990 1591 
1669914538 1967 1525 2279 2194 
1669914540 1961 2664 1884 3204 
1669914542 723 615 606 1003 
1669914544 3326 3351 3387 3261 
1669914546 599 474 443 830 
1669914548 889 490 526 1028 
1669914550 1115 585 556 730 
1669914552 1110 760 592 1105 
1669914554 2912 3250 3259 3076 
1669914556 3243 2914 2982 1940 
1669914558 3079 2929 3086 3149 
1669914560 883 710 551 1069 
1669914562 2999 2857 3035 2848 
1669914564 2641 2330 1420 1445 
1669914566 1454 2094 2515 2331 
1669914568 870 408 498 578 
1669914570 1603 1892 1440 1778 
1669914572 1116 2418 1292 1377 
1669914574 1833 3099 2053 2124 
1669914576 1626 2868 1660 2071 
1669914578 2010 2992 1599 2097 
1669914580 1255 2575 1697 1910 
1669914582 1444 1243 584 636 
1669914584 1879 1172 763 1274 
1669914586 1015 1236 843 1569 
1669914588 1487 1298 939 1523 
1669914590 1911 1272 597 1226 
1669914592 1644 2056 1129 1397 
1669914594 1540 1925 937 1587 
1669914596 1619 1877 933 1595 
1669914598 1489 1726 838 1473 
1669914600 1612 1777 887 1516 
1669914602 1583 1706 879 1472 
1669914604 1564 1858 992 1548 
1669914606 1569 1980 908 1500 
1669914608 1664 1868 908 1406 
1669914610 1504 1850 1078 1601 
1669914612 1386 583 460 985 
1669914614 1601 1746 821 1474 
1669914616 1318 1392 786 1324 
1669914618 1476 1730 925 1584 
1669914620 1409 1563 856 1483 
1669914622 1519 1570 844 1452 
1669914624 1322 1582 732 1533 
1669914626 1846 1892 929 1654 
1669914628 1155 592 499 1082 
1669914630 1358 1587 867 1440 
1669914632 2112 1747 1145 1780 
1669914634 1127 1349 846 1384 
1669914636 1956 1137 853 1655 
1669914638 2528 2247 1370 2411 
1669914640 2084 3388 2086 1675 
1669914642 1646 1925 929 1294 
1669914644 1422 1443 706 1270 
1669914646 1648 1600 879 1474 
1669914648 1493 1646 879 1475 
1669914650 1569 2078 983 1556 
1669914652 1436 1501 806 1440 
1669914654 1522 1367 860 1596 
1669914656 1299 1431 895 1537 
1669914658 1625 1448 860 1525 
1669914660 1647 1722 916 1559 
1669914662 1541 1703 889 1524 
1669914664 1478 1499 825 1516 
1669914666 1154 536 361 1134 
1669914668 2384 2369 1503 1921 
1669914670 2542 2754 1800 3284 
1669914672 1582 2128 2499 2391 
1669914674 1545 1219 844 1446 
1669914676 1395 1047 544 1282 
1669914678 1927 1616 911 1732 
1669914680 1598 1419 718 1437 
1669914682 1574 1557 781 1524 
1669914684 1563 1716 933 1645 
1669914686 1927 2304 1031 1803 
1669914688 1736 2068 955 1788 
1669914690 1615 1843 834 1665 
1669914692 1616 1806 890 1640 
1669914694 1707 1814 915 1574 
1669914696 1692 1737 859 1581 
1669914698 1747 1857 904 1623 
1669914700 1731 1809 873 1572 
1669914702 2068 1495 817 1607 
1669914704 1085 1636 1435 1856 
1669914706 499 1170 1285 1540 
1669914708 1211 713 624 999 
1669914710 1745 1324 771 1183 
1669914712 1648 1250 658 1487 
1669914714 1762 2501 1237 2153 
1669914716 1595 2829 1523 2544 
1669914718 1636 1172 779 1248 
1669914720 1882 3398 3254 3348 
1669914722 1274 735 785 1055 
1669914724 1364 662 586 882 
1669914726 1534 1065 715 1113 
1669914728 1589 1446 825 1408 
1669914730 1570 1422 800 1441 
1669914732 1645 1963 1248 1971 
1669914734 1558 1532 859 1494 
1669914736 1534 1426 764 1363 
1669914738 1548 1462 860 1500 
1669914740 1610 1617 864 1528 
1669914742 1602 1513 731 1464 
1669914744 1415 2519 1376 2686 
1669914746 1485 1811 846 1495 
1669914748 1500 1535 843 1282 
1669914750 1576 1546 860 1374 
1669914752 1485 885 546 972 
1669914754 1683 1612 847 1324 
1669914756 1591 1734 710 1749 
1669914758 1202 702 599 875 
1669914760 1517 1764 805 1583 
1669914762 1658 1964 911 1693 
1669914764 1453 1076 739 885 
1669914766 1716 1851 1033 1767 
1669914768 1641 2195 1157 1804 
1669914770 1616 1733 871 1612 
1669914772 1629 1495 999 1453 
1669914774 1691 1324 736 1100 
1669914776 1703 1917 909 1769 
1669914778 1624 1771 850 1580 
1669914780 1520 1728 855 1511 
1669914782 1666 1700 850 1610 
1669914784 1587 1757 878 1608 
1669914786 1673 1809 920 1649 
1669914788 1555 1935 957 1753 
1669914790 1679 1825 906 1541 
1669914792 1987 3376 3194 3192 
1669914794 1669 1843 1269 1580 
1669914796 1596 1597 873 1446 
1669914798 1242 1419 807 1380 
1669914800 1121 578 538 640 
1669914802 1472 1180 802 1108 
1669914804 1797 2624 1731 2164 
1669914806 1686 1303 1138 1245 
1669914808 1569 1716 1117 1753 
1669914810 1530 1270 788 1275 
1669914812 1643 1708 921 1519 
1669914814 1587 1622 809 1441 
1669914816 1636 1793 1006 1789 
1669914818 1597 2120 1038 1687 
1669914820 1572 1648 769 1320 
1669914822 1943 2647 1573 1986 
1669914824 1496 2324 1065 1823 
1669914826 1555 2153 987 1710 
1669914828 1522 1852 915 1609 
1669914830 1591 1697 939 1397 
1669914832 1510 1563 908 1393 
1669914834 1912 2068 1249 1706 
1669914836 1364 1167 800 1326 
1669914838 1615 1432 896 1435 
1669914840 1702 1928 1004 1508 
1669914842 1672 1841 916 1613 
1669914844 1730 1924 955 1391 
1669914846 1603 1974 887 1682 
1669914848 1520 1618 813 1600 
1669914850 1548 1585 776 1469 
1669914852 1571 2041 907 1562 
1669914854 1583 1535 862 1503 
1669914856 1418 1118 633 1257 
1669914858 1635 1766 943 1557 
1669914860 1568 1396 789 1216 
1669914862 1575 1218 650 1346 
1669914864 1732 1845 1004 1773 
1669914866 1593 1842 980 1669 
1669914868 1449 1852 906 1467 
1669914870 1466 1156 803 1149 
1669914872 1583 2068 1012 1267 
1669914874 2025 1905 2326 2519 
1669914876 1732 2581 1441 2019 
1669914878 1369 1720 683 1392 
1669914880 1791 3027 1878 2577 
1669914882 1577 1662 761 1648 
1669914884 1440 1804 849 1584 
1669914886 1466 1218 768 975 
1669914888 1555 1569 805 1397 
1669914890 1548 1378 797 1243 
1669914892 1713 1944 1160 1580 
1669914894 1732 1950 935 1667 
1669914896 1553 2162 998 1908 
1669914898 1583 1377 709 1169 
1669914900 1495 1188 767 1433 
1669914902 1583 907 1080 1723 
1669914904 1381 1395 1712 1809 
1669914906 1401 1048 805 910 
1669914908 1120 1557 1026 1563 
1669914910 1661 1659 896 1588 
1669914912 1683 1720 919 1539 
1669914914 1530 1185 604 1171 
1669914916 1541 1241 870 1408 
1669914918 1561 1492 871 1507 
1669914920 1618 1229 698 1313 
1669914922 1688 1579 902 1548 
1669914924 1515 1930 897 1751 
1669914926 1638 1823 990 1625 
1669914928 1568 1200 821 1435 
1669914930 1823 2005 1007 1532 
1669914932 1466 1715 987 1608 
1669914934 1849 2149 1081 1561 
1669914936 1624 1693 908 1449 
1669914938 1475 1730 857 1578 
1669914940 1124 493 616 1051 
1669914942 1834 2133 1231 1765 
1669914944 2297 2670 1343 1881 
1669914946 1458 1581 1207 1288 
1669914948 1792 2365 1297 1911 
1669914950 1448 1798 1247 1421 
1669914952 1392 1587 762 1226 
1669914954 1860 2754 1403 2001 
1669914956 1294 1432 743 1275 
1669914958 1517 2073 1033 1605 
1669914960 1476 1393 660 1371 
1669914962 1846 2087 1058 1661 
1669914964 1487 1980 1024 1551 
1669914966 1662 1771 802 1446 
1669914968 1577 1731 928 1538 
1669914970 1477 1087 622 1199 
1669914972 1618 1845 901 1554 
1669914974 1590 1820 840 1457 
1669914976 1582 1708 755 1497 
1669914978 1772 2232 1049 1775 
1669914980 1641 1631 845 1333 
1669914982 1458 1474 813 1426 
1669914984 1672 1739 908 1575 
1669914986 1844 2030 1000 1716 
1669914988 1557 1671 925 1579 
1669914990 1573 1753 892 1522 
1669914992 1597 1737 872 1469 
1669914994 1716 2074 1077 1706 
1669914996 1439 1846 1127 1698 
1669914998 1529 1701 886 1524 
1669915000 1714 1713 926 1578 
1669915002 1605 1896 1020 1678 
1669915004 1562 1755 946 1578 
1669915006 1542 1853 1059 1627 
1669915008 1775 1706 801 1530 
1669915010 1540 1936 1044 1554 
1669915012 1587 1710 1002 1566 
1669915014 1498 1579 827 1487 
1669915016 1151 1503 815 1403 
1669915018 1705 1929 940 1607 
1669915020 1235 1732 759 1417 
1669915022 1687 1786 864 1455 
1669915024 1514 982 633 1145 
1669915026 1684 1661 841 1548 
1669915028 1436 1753 1164 1192 
1669915030 1782 2519 1217 1779 
1669915032 1387 2018 1099 962 
1669915034 2038 2788 1820 2516 
1669915036 1734 1056 1719 1530 
1669915038 1546 1329 987 1509 
1669915040 1396 1217 686 1404 
1669915042 1369 990 971 1217 
1669915044 1819 1257 865 772 
1669915046 2402 3471 3552 3435 
1669915048 1250 3134 2410 2275 
1669915050 2282 1034 800 1126 
1669915052 1854 818 828 1143 
1669915054 1776 1493 1127 1676 
1669915056 1454 1057 821 1201 
1669915058 1374 1247 807 1347 
1669915060 1833 2552 1531 1689 
1669915062 1510 1767 898 1417 
1669915064 1479 1342 875 1261 
1669915066 1481 1487 810 1380 
1669915068 1678 1576 800 1421 
1669915070 1410 1420 727 1309 
1669915072 3171 1743 1144 1561 
1669915074 2350 1640 1018 1607 
1669915076 2006 1464 893 1644 
1669915078 1528 1358 734 1251 
1669915080 1752 1759 987 1534 
1669915082 1815 2187 1068 1806 
1669915084 1672 1529 847 1324 
1669915086 1660 1655 855 1409 
1669915088 2128 2416 1239 1666 
1669915090 1419 1212 774 1434 
1669915092 1639 1772 981 1526 
1669915094 1543 1622 907 1479 
1669915096 1480 1486 858 1504 
1669915098 1607 1705 966 1594 
1669915100 1464 1680 916 1513 
1669915102 1642 1716 882 1494 
1669915104 1602 1648 911 1509 
1669915106 2200 1690 861 1456 
1669915108 1134 1398 884 1368 
1669915110 1142 1759 875 1547 
1669915112 1417 1479 929 1512 
1669915114 1800 1526 917 1587 
1669915116 1625 1753 977 1697 
1669915118 2065 1835 968 1435 
1669915120 1765 1819 900 1632 
1669915122 794 1070 660 1508 
1669915124 2132 2556 1661 1874 
1669915126 1053 651 528 722 
1669915128 3059 3147 2984 3232 
1669915130 1991 2088 1376 2130 
1669915132 1593 1867 845 1676 
1669915134 1782 1940 1027 1518 
1669915136 1269 1623 788 1357 
1669915138 1679 1764 936 1563 
1669915140 1656 1748 887 1570 
1669915142 1577 1617 853 1551 
1669915144 1536 1696 882 1457 
1669915146 1525 1764 895 1517 
1669915148 1504 1735 879 1509 
1669915150 2701 3462 2196 2465 
1669915152 1289 875 803 1878 
1669915154 1791 1931 1062 1910 
1669915156 2675 3134 3203 3194 
1669915158 1121 1628 1235 1543 
1669915160 1206 1771 971 1720 
1669915162 3055 3178 2243 1858 
1669915164 1781 1102 927 1978 
1669915166 2615 3126 1633 2556 
1669915168 2050 2326 1120 1983 
1669915170 1692 1769 868 1580 
1669915172 1160 1771 894 1853 
1669915174 1813 2123 1209 1718 
1669915176 1775 1567 943 1508 
1669915178 1241 1387 745 1225 
1669915180 739 1267 984 1519 
1669915182 2124 2295 1886 2364 
1669915184 1621 2048 1015 1687 
1669915186 1540 1990 831 1592 
1669915188 1473 1798 839 1499 
1669915190 1776 1980 958 1598 
1669915192 1633 1941 940 1585 
1669915194 550 724 576 688 
1669915196 1445 1284 828 1275 
1669915198 1781 1391 857 1228 
1669915200 2102 2224 1270 2156 
1669915202 1871 1831 878 1580 
1669915204 1069 874 672 921 
1669915206 2118 2866 1855 2472 
1669915208 2088 3204 1637 2363 
1669915210 888 745 551 1255 
1669915212 2923 2555 1596 1915 
1669915214 1643 1142 579 1104 
1669915216 1281 1391 938 1346 
1669915218 1238 1606 895 1367 
1669915220 2130 2786 1566 2126 
1669915222 1861 1719 804 1280 
1669915224 1293 1710 1683 2137 
1669915226 1484 2327 1338 2188 
1669915228 2200 2422 1340 2000 
1669915230 1893 2033 1014 1761 
1669915232 1126 553 475 599 
1669915234 1677 1292 881 1361 
1669915236 2296 2559 1721 1830 
1669915238 1707 1351 1474 1584 
1669915240 2029 2710 1701 2261 
1669915242 1773 2083 1042 1758 
1669915244 1863 1987 1131 1676 
1669915246 1497 1276 1037 1128 
1669915248 3005 2550 1012 1802 
1669915250 2510 1303 1103 1217 
1669915252 2628 2232 2332 2914 
1669915254 1830 2472 1629 2083 
1669915256 2004 2201 1155 1790 
1669915258 1675 1901 871 1614 
1669915260 1507 1955 924 1587 
1669915262 1191 1779 957 1607 
1669915264 1407 1592 854 1475 
1669915266 1621 1745 863 1486 
1669915268 1804 1782 862 1533 
1669915270 1114 1073 799 1058 
1669915272 1327 1208 764 1262 
1669915274 1518 1722 1079 1673 
1669915276 651 580 381 1361 
1669915278 1540 2012 1090 1607 
1669915280 2149 2342 1450 1923 
1669915282 1437 1641 1124 1254 
1669915284 2415 3091 1762 2018 
1669915286 1688 2072 995 1801 
1669915288 1705 1763 893 1615 
1669915290 1682 1943 982 1686 
1669915292 1565 1540 771 1469 
1669915294 1497 1553 916 1544 
1669915296 635 544 491 650 
1669915298 1470 1312 925 1521 
1669915300 1933 1845 1051 1599 
1669915302 1696 1632 800 1437 
1669915304 1733 1931 946 1619 
1669915306 1617 1632 986 1541 
1669915308 1681 1938 946 1615 
1669915310 1943 2345 1253 1880 
1669915312 2422 2540 1739 2395 
1669915314 1738 1980 986 1768 
1669915316 1667 1757 844 1585 
1669915318 1681 1966 980 1538 
1669915320 1669 2090 992 1881 
1669915322 1747 1913 950 1617 
1669915324 917 551 491 611 
1669915326 1503 2288 1050 1999 
1669915328 1714 2202 1195 1895 
1669915330 1638 1785 897 1539 
1669915332 1640 1743 990 1557 
1669915334 1421 1760 950 1529 
1669915336 1457 1027 814 1033 
1669915338 1590 1430 892 1277 
1669915340 3294 3295 2268 2994 
1669915342 1860 2363 1277 2055 
1669915344 1543 2118 971 1707 
1669915346 1553 1868 724 1502 
1669915348 1076 1141 902 1045 
1669915350 1656 2239 1277 1707 
1669915352 1528 1997 904 1479 
1669915354 2675 3176 1632 2493 
1669915356 1879 2157 981 1758 
1669915358 1599 1840 892 1569 
1669915360 1629 1783 799 1511 
1669915362 1693 1931 938 1600 
1669915364 1561 1759 924 1471 
1669915366 1212 1095 823 1160 
1669915368 1215 1165 1141 1335 
1669915370 815 693 872 1021 
1669915372 1321 1420 986 1202 
1669915374 1111 812 735 1004 
1669915376 1574 1160 906 1332 
1669915378 2078 2036 1194 1884 
1669915380 1961 1983 933 1669 
1669915382 2018 2609 1351 2123 
1669915384 1716 2155 986 1763 
1669915386 1690 1882 895 1612 
1669915388 1275 1508 846 1308 
1669915390 1619 1822 836 1541 
1669915392 1722 1784 882 1635 
1669915394 1689 1709 864 1537 
1669915396 1598 1906 950 1516 
1669915398 1666 1869 909 1552 
1669915400 1158 2334 1223 2627 
1669915402 1909 2229 991 1988 
1669915404 1047 1476 482 1345 
1669915406 1877 1372 1131 1306 
1669915408 1833 1819 1037 1621 
1669915410 1666 1718 918 1441 
1669915412 1466 1721 829 1457 
1669915414 1354 1390 748 1293 
1669915416 2094 2405 1540 1892 
1669915418 1665 1982 960 1677 
1669915420 1547 1806 830 1583 
1669915422 1681 1869 965 1503 
1669915424 1555 1743 834 1497 
1669915426 1689 1956 958 1621 
1669915428 1632 1745 904 1566 
1669915430 1635 1763 868 1532 
1669915432 1509 1662 783 1427 
1669915434 1532 1597 913 1467 
1669915436 1310 1649 1005 1931 
1669915438 1680 2010 937 1717 
1669915440 1533 1620 703 1428 
1669915442 1745 1879 891 1561 
1669915444 1533 1614 792 1458 
1669915446 1882 1925 1337 1685 
1669915448 1330 1541 1065 1403 
1669915450 2028 3004 1809 2493 
1669915452 1745 1906 1060 1770 
1669915454 1730 2291 1444 2067 
1669915456 1720 1633 944 1299 
1669915458 2092 2452 2516 2416 
1669915460 1699 1910 1257 1685 
1669915462 1575 1823 893 1565 
1669915464 1678 1802 834 1512 
1669915466 1696 1808 931 1653 
1669915468 1624 1691 884 1520 
1669915470 1575 1569 788 1440 
1669915472 1612 1667 819 1476 
1669915474 1725 1887 965 1626 
1669915476 1721 1696 1022 1438 
1669915478 1534 1464 975 1384 
1669915480 1753 1889 1089 1584 
1669915482 1420 1192 635 1225 
1669915484 1567 1639 793 1465 
1669915486 1536 1581 730 1393 
1669915488 1761 2113 934 1748 
1669915490 2328 3001 1740 2494 
1669915492 1385 1149 822 1277 
1669915494 1743 1860 1131 1783 
1669915496 1465 1367 694 1344 
1669915498 1899 2144 1276 1879 
1669915500 1419 944 433 1492 
1669915502 1361 1484 972 1639 
1669915504 1645 1479 839 1505 
1669915506 1668 1439 813 1367 
1669915508 2629 2121 1658 2246 
1669915510 1723 2347 1283 2011 
1669915512 1806 2588 1195 2098 
1669915514 1457 2091 947 1706 
1669915516 1013 2277 1162 1616 
1669915518 1595 2733 1687 2422 
1669915520 1555 1623 980 1246 
1669915522 1706 1494 1005 1430 
1669915524 1691 2296 1235 1796 
1669915526 1973 1537 852 1090 
1669915528 1664 3117 3116 3306 
1669915530 1463 1863 1196 1459 
1669915532 1229 2109 1225 2317 
1669915534 2242 2366 1117 1475 
1669915536 1425 1518 659 1312 
1669915538 1776 1979 1005 1706 
1669915540 2010 2457 1212 1742 
1669915542 1892 2761 1381 2019 
1669915544 1377 1151 636 1131 
1669915546 1449 1848 1068 1720 
1669915548 630 1358 590 803 
1669915550 1248 1451 885 1256 
1669915552 2310 2109 1149 1868 
1669915554 1573 1668 950 1530 
1669915556 3197 2594 1831 3010 
1669915558 2039 1594 1096 2029 
1669915560 634 1600 719 3381 
1669915562 2876 3267 1942 1794 
1669915564 1208 1303 959 1848 
1669915566 1251 1336 856 1737 
1669915568 2189 2282 1301 1512 
1669915570 1287 1368 786 1567 
1669915572 1510 1628 873 1566 
1669915574 2294 2762 1990 1824 
1669915576 911 3450 3524 3371 
1669915578 598 3089 1522 3411 
1669915580 1113 2889 3043 3054 
1669915582 2348 2834 1821 2443 
1669915584 1189 822 729 1175 
1669915586 794 541 567 721 
1669915588 1974 1974 1368 1890 
1669915590 1405 1751 1003 1514 
1669915592 1205 736 636 1127 
1669915594 1466 1411 788 1381 
1669915596 1350 1350 848 1196 
1669915598 1434 1355 838 1302 
1669915600 2151 2452 1144 1771 
1669915602 1800 1777 895 1553 
1669915604 1500 1573 775 1432 
1669915606 1558 2071 986 1730 
1669915608 1098 967 706 1142 
1669915610 1564 1847 966 1728 
1669915612 1846 2077 1572 2651 
1669915614 1479 2135 1114 2047 
1669915616 1515 1759 891 1603 
1669915618 1519 1698 800 1490 
1669915620 1571 1638 885 1464 
1669915622 1575 1656 897 1473 
1669915624 3326 460 512 543 
1669915626 2024 1111 973 1449 
1669915628 593 2070 2240 2537 
1669915630 1226 1710 882 1430 
1669915632 1289 1641 947 1398 
1669915634 1976 2906 3123 2763 
1669915636 1061 1888 1575 2378 
1669915638 896 978 1020 1651 
1669915640 1369 1402 935 1717 
1669915642 2224 1611 877 1256 
1669915644 1971 1484 856 1602 
1669915646 2415 2861 1935 1889 
1669915648 2237 2370 1450 1693 
1669915650 1143 1525 575 1929 
1669915652 1227 1057 824 892 
1669915654 2255 2273 1249 1627 
1669915656 12 9 9 10 
1669915658 9 11 10 10 
1669915660 9 13 8 11 
1669915662 6 12 9 12 
1669915664 13 13 12 11 
1669915666 12 14 11 11 
1669915668 10 13 11 12 
1669915670 11 11 11 12 
1669915672 9 11 12 9 
1669915674 8 11 8 12 
1669915676 9 12 9 11 
1669915678 8 11 11 10 
1669915680 9 11 11 11 
1669915682 11 11 12 12 
1669915684 12 11 13 10 
1669915686 11 14 9 14 
1669915688 9 9 10 9 
1669915690 8 10 11 11 
1669915692 8 9 8 10 
1669915694 11 11 11 10 
1669915696 12 13 11 10 
1669915698 12 12 13 13 
1669915700 10 13 14 17 
1669915702 6 7 7 8 
1669915704 3 11 13 11 
1669915706 12 15 11 13 
1669915708 9 10 10 10 
1669915710 9 8 8 9 
1669915712 10 13 12 14 
1669915714 16 16 16 15 
1669915716 15 13 15 17 
1669915718 11 11 10 13 
1669915720 0 0 2 0 
1669915722 12 14 17 14 
1669915724 7 10 9 11 
1669915726 12 8 10 8 
1669915728 8 11 11 11 
1669915730 9 11 14 11 
1669915732 10 12 13 13 
1669915734 11 10 8 13 
1669915736 9 10 10 11 
1669915738 6 11 11 11 
1669915740 11 10 11 11 
1669915742 10 9 9 9 
1669915744 10 14 11 13 
1669915746 10 14 10 13 
1669915748 9 11 10 11 
1669915750 9 12 13 12 
1669915752 8 12 10 8 
1669915754 8 9 9 11 
1669915756 10 10 10 10 
1669915758 9 11 11 12 
1669915760 9 11 10 10 
1669915762 10 12 12 11 
1669915764 8 9 12 12 
1669915766 11 9 13 11 
1669915768 8 6 9 10 
1669915770 5 10 9 11 
1669915772 8 10 11 12 
1669915774 10 10 10 11 
1669915776 10 13 12 11 
1669915778 9 11 9 11 
1669915780 14 11 11 12 
1669915782 10 8 11 12 
1669915784 8 9 13 9 
1669915786 8 10 9 12 
1669915788 9 10 9 11 
1669915790 10 12 11 10 
1669915792 8 14 10 9 
1669915794 11 13 11 11 
1669915796 12 11 10 10 
1669915798 11 11 10 12 
1669915800 7 15 14 11 
1669915802 8 8 13 10 
1669915804 9 10 10 10 
1669915806 8 11 10 9 
1669915808 7 10 6 9 
1669915810 11 12 8 11 
1669915812 8 9 10 10 
1669915814 8 9 10 9 
1669915816 10 12 11 9 
1669915818 8 10 10 12 
1669915820 7 10 10 10 
1669915822 11 11 11 12 
1669915824 13 10 12 10 
1669915826 9 11 11 9 
1669915828 8 9 11 9 
1669915830 9 7 10 8 
1669915832 8 11 10 9 
1669915834 11 9 10 7 
1669915836 9 10 7 9 
1669915838 12 10 7 9 
1669915840 8 11 11 11 
1669915842 8 10 10 8 
1669915844 10 11 9 11 
1669915846 9 8 11 10 
1669915848 10 9 7 11 
1669915850 9 8 11 11 
1669915852 6 10 9 7 
1669915854 9 11 8 9 
1669915856 8 11 8 9 
1669915858 5 7 3 6 
1669915860 6 8 13 9 
1669915862 10 11 8 9 
1669915864 9 10 8 11 
1669915866 13 8 11 10 
1669915868 9 11 7 11 
1669915870 9 10 7 9 
1669915872 10 7 9 10 
1669915874 10 11 8 9 
1669915876 9 9 9 10 
1669915878 9 11 12 9 
1669915880 8 10 8 9 
1669915882 9 9 6 10 
1669915884 7 13 9 8 
1669915886 11 13 13 15 
1669915888 6 6 2 7 
1669915890 6 5 9 6 
1669915892 9 6 6 9 
1669915894 11 10 12 8 
1669915896 9 10 9 6 
1669915898 9 10 12 11 
1669915900 9 10 8 11 
1669915902 11 11 10 11 
1669915904 11 12 8 11 
1669915906 9 10 10 10 
1669915908 10 10 10 13 
1669915910 9 7 10 10 
1669915912 10 9 10 9 
1669915914 8 11 11 9 
1669915916 7 10 9 8 
1669915918 11 9 9 10 
1669915920 7 10 7 7 
1669915922 10 9 10 9 
1669915924 7 10 7 8 
1669915926 10 9 10 11 
1669915928 8 9 10 9 
1669915930 10 14 11 10 
1669915932 9 10 7 9 
1669915934 11 11 9 11 
1669915936 9 10 12 7 
1669915938 7 9 8 10 
1669915940 10 11 7 11 
1669915942 8 8 8 8 
1669915944 9 10 11 12 
1669915946 7 11 10 6 
1669915948 9 11 8 10 
1669915950 6 11 9 11 
1669915952 12 9 11 13 
1669915954 8 11 9 10 
1669915956 6 12 8 9 
1669915958 8 9 10 11 
1669915960 8 11 11 6 
1669915962 7 11 9 8 
1669915964 10 11 8 8 
1669915966 9 9 9 11 
1669915968 7 9 9 9 
1669915970 10 8 11 8 
1669915972 8 9 8 8 
1669915974 12 12 12 12 
1669915976 9 13 8 9 
1669915978 9 11 9 10 
1669915980 11 14 11 9 
1669915982 9 9 9 9 
1669915984 8 9 10 8 
1669915986 10 11 12 9 
1669915988 6 9 11 10 
1669915990 9 12 10 9 
1669915992 7 9 9 11 
1669915994 9 11 10 12 
1669915996 11 11 8 8 
1669915998 8 11 9 8 
1669916000 10 12 8 12 
1669916002 6 10 12 10 
1669916004 9 9 9 12 
1669916006 7 11 9 9 
1669916008 8 11 10 10 
1669916010 9 12 9 11 
1669916012 9 0 7 9 
1669916014 10 11 11 9 
1669916016 8 11 12 12 
1669916018 9 11 8 12 
1669916020 10 13 11 8 
1669916022 10 12 9 12 
1669916024 10 10 10 10 
1669916026 9 10 10 9 
1669916028 8 12 10 10 
1669916030 10 10 8 11 
1669916032 9 11 9 9 
1669916034 9 11 9 10 
1669916036 10 9 7 12 
1669916038 9 9 9 9 
1669916040 9 11 8 8 
1669916042 8 10 10 12 
1669916044 11 11 8 9 
1669916046 8 11 10 8 
1669916048 10 11 8 9 
1669916050 11 10 8 8 
1669916052 9 12 10 10 
1669916054 8 9 8 10 
1669916056 8 13 10 10 
1669916058 6 9 9 11 
1669916060 10 7 10 10 
1669916062 7 11 9 10 
1669916064 8 11 9 11 
1669916066 7 9 12 9 
1669916068 9 8 12 10 
1669916070 10 14 13 10 
1669916072 10 12 9 8 
1669916074 9 10 8 9 
1669916076 8 11 9 9 
1669916078 8 9 10 10 
1669916080 12 10 11 7 
1669916082 11 13 9 9 
1669916084 8 12 13 8 
1669916086 9 4 9 17 
1669916088 8 12 10 8 
1669916090 10 9 8 12 
1669916092 10 10 11 6 
1669916094 9 12 11 9 
1669916096 7 9 11 8 
1669916098 10 11 9 7 
1669916100 8 8 10 7 
1669916102 9 13 9 11 
1669916104 9 14 10 10 
1669916106 10 9 8 8 
1669916108 9 8 8 10 
1669916110 9 10 11 12 
1669916112 9 11 8 10 
1669916114 10 10 10 10 
1669916116 9 11 10 9 
1669916118 7 11 9 8 
1669916120 9 13 10 10 
1669916122 10 12 8 8 
1669916124 7 9 9 10 
1669916126 10 10 10 9 
1669916128 9 9 9 11 
1669916130 10 11 9 11 
1669916132 8 10 9 8 
1669916134 8 12 9 13 
1669916136 8 9 8 10 
1669916138 7 12 11 7 
1669916140 7 9 9 8 
1669916142 9 8 10 11 
1669916144 8 11 9 8 
1669916146 9 10 9 8 
1669916148 10 11 10 13 
1669916150 9 10 9 9 
1669916152 10 11 10 11 
1669916154 11 7 9 10 
1669916156 9 9 11 12 
1669916158 7 9 10 7 
1669916160 9 10 10 9 
1669916162 9 11 9 10 
1669916164 8 9 10 10 
1669916166 9 10 9 8 
1669916168 6 11 11 7 
1669916170 10 12 11 9 
1669916172 10 10 12 11 
1669916174 9 10 8 11 
1669916176 8 11 9 11 
1669916178 9 12 12 12 
1669916180 12 11 10 7 
1669916182 9 10 13 10 
1669916184 9 10 7 9 
1669916186 6 7 11 10 
1669916188 11 12 9 13 
1669916190 12 11 8 10 
1669916192 5 10 10 9 
1669916194 8 11 11 8 
1669916196 8 9 8 10 
1669916198 10 11 11 13 
1669916200 10 12 10 9 
1669916202 9 8 10 9 
1669916204 8 9 9 8 
1669916206 12 8 8 8 
1669916208 11 10 11 9 
1669916210 11 11 10 8 
1669916212 8 10 10 9 
1669916214 9 11 8 9 
1669916216 8 9 11 8 
1669916218 10 11 9 9 
1669916220 9 13 9 11 
1669916222 12 10 10 15 
1669916224 10 9 8 10 
1669916226 11 11 9 10 
1669916228 7 9 13 8 
1669916230 6 12 8 10 
1669916232 7 12 9 10 
1669916234 12 10 9 12 
1669916236 9 10 5 10 
1669916238 10 9 9 10 
1669916240 9 11 9 10 
1669916242 7 10 9 10 
1669916244 8 3 10 9 
1669916246 10 10 8 7 
1669916248 8 10 6 10 
1669916250 8 10 9 7 
1669916252 10 10 8 10 
1669916254 9 10 8 10 
1669916256 9 9 9 10 
1669916258 7 12 9 9 
1669916260 10 9 10 10 
1669916262 10 10 7 8 
1669916264 9 10 8 9 
1669916266 8 9 10 7 
1669916268 8 9 9 9 
1669916270 10 10 12 13 
1669916272 8 11 10 8 
1669916274 11 9 10 10 
1669916276 9 7 10 8 
1669916278 6 9 9 8 
1669916280 8 9 9 10 
1669916282 7 10 8 9 
1669916284 8 9 11 6 
1669916286 8 8 9 9 
1669916288 7 11 10 10 
1669916290 10 10 9 9 
1669916292 12 15 13 15 
1669916294 11 9 10 10 
1669916296 9 12 8 8 
1669916298 9 8 10 12 
1669916300 9 10 8 8 
1669916302 9 11 11 10 
1669916304 10 10 11 8 
1669916306 8 12 11 7 
1669916308 9 11 8 10 
1669916310 8 8 9 10 
1669916312 10 12 7 8 
1669916314 9 12 10 11 
1669916316 8 12 10 9 
1669916318 9 11 9 10 
1669916320 9 10 12 8 
1669916322 11 10 8 9 
1669916324 10 11 10 8 
1669916326 7 8 8 9 
1669916328 9 11 9 7 
1669916330 9 10 7 10 
1669916332 8 11 8 9 
1669916334 12 8 8 7 
1669916336 10 11 7 9 
1669916338 9 10 10 11 
1669916340 9 9 12 10 
1669916342 8 11 9 8 
1669916344 9 7 10 9 
1669916346 7 9 10 9 
1669916348 11 10 12 8 
1669916350 10 12 10 7 
1669916352 9 13 10 11 
1669916354 8 9 8 11 
1669916356 11 13 8 12 
1669916358 10 9 10 9 
1669916360 8 11 8 11 
1669916362 7 10 8 10 
1669916364 9 11 8 11 
1669916366 8 12 10 10 
1669916368 10 10 12 10 
1669916370 9 8 10 9 
1669916372 8 12 8 10 
1669916374 9 9 8 11 
1669916376 9 12 10 10 
1669916378 9 0 8 8 
1669916380 10 12 9 9 
1669916382 8 8 6 8 
1669916384 8 12 8 9 
1669916386 8 9 8 12 
1669916388 10 10 10 9 
1669916390 10 9 8 9 
1669916392 8 8 6 10 
1669916394 9 10 8 9 
1669916396 10 9 7 11 
1669916398 10 13 11 12 
1669916400 10 10 11 11 
1669916402 9 11 14 12 
1669916404 8 14 10 15 
1669916406 9 9 10 7 
1669916408 12 9 9 12 
1669916410 7 10 11 11 
1669916412 8 11 12 9 
1669916414 12 13 11 12 
1669916416 9 11 13 14 
1669916418 9 11 9 11 
1669916420 10 10 10 14 
1669916422 8 12 12 10 
1669916424 9 9 13 10 
1669916426 6 9 10 10 
1669916428 10 10 11 8 
1669916430 9 12 12 12 
1669916432 11 11 11 14 
1669916434 9 11 11 11 
1669916436 13 12 12 10 
1669916438 8 11 9 9 
1669916440 10 11 7 8 
1669916442 9 11 10 10 
1669916444 9 11 7 12 
1669916446 10 25 10 13 
1669916448 10 11 13 10 
1669916450 11 0 8 12 
1669916452 9 12 9 9 
1669916454 7 12 9 12 
1669916456 7 12 9 10 
1669916458 9 10 11 10 
1669916460 7 10 8 11 
1669916462 11 15 11 13 
1669916464 8 13 12 12 
1669916466 10 11 12 11 
1669916468 11 12 10 12 
1669916470 9 10 10 9 
1669916472 11 12 7 11 
1669916474 8 11 12 10 
1669916476 9 7 9 11 
1669916478 11 11 8 12 
1669916480 8 10 10 12 
1669916482 9 12 11 9 
1669916484 14 10 11 11 
1669916486 10 12 9 12 
1669916488 9 11 10 8 
1669916490 9 12 8 13 
1669916492 9 11 10 10 
1669916494 10 14 11 10 
1669916496 14 12 10 11 
1669916498 7 12 12 11 
1669916500 13 13 11 11 
1669916502 8 12 11 11 
1669916504 10 8 8 10 
1669916506 11 10 11 13 
1669916508 8 10 10 9 
1669916510 11 11 9 10 
1669916512 13 12 11 11 
1669916514 10 11 12 13 
1669916516 8 10 8 14 
1669916518 10 11 7 10 
1669916520 9 0 9 11 
1669916522 7 12 11 10 
1669916524 8 8 9 12 
1669916526 9 12 13 11 
1669916528 11 11 12 11 
1669916530 13 13 12 13 
1669916532 12 12 12 12 
1669916534 8 9 11 10 
1669916536 8 10 9 12 
1669916538 11 12 10 11 
1669916540 7 12 9 11 
1669916542 10 11 11 11 
1669916544 13 13 12 12 
1669916546 10 14 11 10 
1669916548 13 12 11 11 
1669916550 11 10 11 10 
1669916552 9 12 11 10 
1669916554 11 9 10 11 
1669916556 8 9 10 10 
1669916558 11 12 10 14 
1669916560 10 11 12 11 
1669916562 12 12 11 11 
1669916564 9 10 11 10 
1669916566 7 9 10 9 
1669916568 9 11 9 8 
1669916570 8 11 14 10 
1669916572 8 9 8 10 
1669916574 6 9 10 11 
1669916576 10 12 10 9 
1669916578 12 12 12 11 
1669916580 11 9 9 11 
1669916582 10 12 10 9 
1669916584 9 10 10 10 
1669916586 11 11 11 11 
1669916588 10 11 8 7 
1669916590 10 11 13 11 
1669916592 11 13 13 10 
1669916594 13 12 11 12 
1669916596 12 14 12 12 
1669916598 8 11 10 9 
1669916600 9 10 9 11 
1669916602 10 11 8 10 
1669916604 9 10 9 13 
1669916606 10 11 13 10 
1669916608 11 12 13 11 
1669916610 10 13 12 12 
1669916612 13 13 11 12 
1669916614 8 12 8 10 
1669916616 9 9 8 8 
1669916618 10 9 9 12 
1669916620 9 8 9 10 
1669916622 12 12 10 12 
1669916624 11 10 10 11 
1669916626 9 13 12 10 
1669916628 11 10 11 12 
1669916630 9 8 11 8 
1669916632 11 10 10 12 
1669916634 7 11 10 10 
1669916636 8 12 9 9 
1669916638 12 11 11 16 
1669916640 13 13 12 13 
1669916642 11 9 12 10 
1669916644 8 41 11 11 
1669916646 7 11 9 10 
1669916648 8 11 7 7 
1669916650 9 10 9 10 
1669916652 8 10 10 13 
1669916654 11 9 10 10 
1669916656 11 13 11 11 
1669916658 12 10 10 12 
1669916660 13 13 10 13 
1669916662 6 15 11 11 
1669916664 6 11 8 13 
1669916666 8 10 11 12 
1669916668 8 11 9 6 
1669916670 10 12 9 13 
1669916672 9 11 10 13 
1669916674 10 8 12 13 
1669916676 8 11 11 11 
1669916678 11 11 8 11 
1669916680 9 13 9 7 
1669916682 11 12 10 10 
1669916684 10 9 10 9 
1669916686 10 8 13 12 
1669916688 10 11 12 13 
1669916690 9 13 13 12 
1669916692 11 12 12 12 
1669916694 11 8 9 8 
1669916696 8 13 11 10 
1669916698 9 11 11 10 
1669916700 8 10 10 10 
1669916702 10 10 10 11 
1669916704 11 11 13 9 
1669916706 10 11 9 10 
1669916708 11 13 11 13 
1669916710 9 11 11 10 
1669916712 8 11 10 10 
1669916714 11 9 12 9 
1669916716 6 10 10 10 
1669916718 10 13 9 12 
1669916720 11 12 13 11 
1669916722 12 12 10 11 
1669916724 10 11 10 10 
1669916726 10 10 13 12 
1669916728 9 11 7 11 
1669916730 9 11 11 7 
1669916732 6 13 8 9 
1669916734 11 10 10 12 
1669916736 13 12 12 12 
1669916738 9 10 13 14 
1669916740 13 11 11 13 
1669916742 8 13 11 10 
1669916744 8 13 9 10 
1669916746 10 6 9 10 
1669916748 9 10 10 11 
1669916750 12 12 13 11 
1669916752 11 13 9 13 
1669916754 8 12 11 9 
1669916756 11 11 11 11 
1669916758 8 10 8 10 
1669916760 7 11 10 9 
1669916762 8 10 10 10 
1669916764 11 11 10 9 
1669916766 9 12 10 12 
1669916768 9 13 12 15 
1669916770 9 13 12 12 
1669916772 12 11 12 11 
1669916774 11 11 9 11 
1669916776 13 11 9 8 
1669916778 10 11 8 11 
1669916780 8 9 11 9 
1669916782 10 11 15 10 
1669916784 13 13 12 9 
1669916786 9 13 11 12 
1669916788 11 9 9 10 
1669916790 10 8 10 11 
1669916792 9 12 10 10 
1669916794 9 11 12 9 
1669916796 9 7 13 9 
1669916798 6 9 14 15 
1669916800 10 11 12 12 
1669916802 10 11 12 13 
1669916804 10 11 10 11 
1669916806 6 10 9 12 
1669916808 10 12 9 9 
1669916810 8 9 10 11 
1669916812 8 11 9 9 
1669916814 7 11 11 11 
1669916816 12 9 11 12 
1669916818 11 12 9 12 
1669916820 9 11 10 12 
1669916822 7 13 12 10 
1669916824 8 9 10 8 
1669916826 9 10 9 10 
1669916828 11 12 9 10 
1669916830 9 10 10 8 
1669916832 12 10 11 15 
1669916834 11 11 11 14 
1669916836 11 12 11 10 
1669916838 9 10 10 10 
1669916840 11 8 9 11 
1669916842 8 9 11 12 
1669916844 7 12 9 10 
1669916846 11 13 10 12 
1669916848 12 12 9 12 
1669916850 9 10 11 11 
1669916852 9 12 13 10 
1669916854 9 11 7 7 
1669916856 9 10 10 9 
1669916858 10 9 9 11 
1669916860 9 10 7 9 
1669916862 9 13 11 15 
1669916864 15 9 9 11 
1669916866 9 14 11 12 
1669916868 7 15 16 14 
1669916870 7 2 10 6 
1669916872 11 10 10 9 
1669916874 8 11 9 10 
1669916876 9 10 8 10 
1669916878 14 12 12 13 
1669916880 7 11 11 14 
1669916882 11 12 10 12 
1669916884 10 12 12 11 
1669916886 11 10 7 10 
1669916888 7 11 10 12 
1669916890 7 9 9 13 
1669916892 8 14 9 11 
1669916894 9 13 10 13 
1669916896 10 13 12 12 
1669916898 11 9 12 12 
1669916900 11 11 11 12 
1669916902 11 10 8 11 
1669916904 8 9 8 12 
1669916906 11 12 10 10 
1669916908 5 8 10 10 
1669916910 12 6 10 10 
1669916912 9 13 12 13 
1669916914 9 11 10 12 
1669916916 14 10 11 10 
1669916918 7 10 10 11 
1669916920 7 10 10 13 
1669916922 11 11 10 12 
1669916924 10 11 12 9 
1669916926 11 10 12 14 
1669916928 11 11 10 9 
1669916930 11 10 12 9 
1669916932 11 9 10 12 
1669916934 12 11 9 11 
1669916936 10 9 10 11 
1669916938 8 11 10 11 
1669916940 10 10 7 11 
1669916942 11 12 9 12 
1669916944 9 14 10 10 
1669916946 13 11 10 11 
1669916948 7 14 13 11 
1669916950 9 10 9 7 
1669916952 9 10 11 11 
1669916954 11 10 8 8 
1669916956 12 8 10 10 
1669916958 10 14 10 11 
1669916960 11 9 11 10 
1669916962 12 8 12 12 
1669916964 13 12 9 9 
1669916966 8 10 9 9 
1669916968 10 10 7 10 
1669916970 7 12 10 10 
1669916972 9 9 8 10 
1669916974 10 14 11 12 
1669916976 11 8 11 12 
1669916978 13 11 7 8 
1669916980 9 12 11 13 
1669916982 10 9 8 9 
1669916984 10 12 7 9 
1669916986 8 9 9 8 
1669916988 8 9 9 11 
1669916990 11 12 10 11 
1669916992 10 12 10 10 
1669916994 10 12 10 10 
1669916996 10 11 12 10 
1669916998 8 13 10 11 
1669917000 11 11 11 10 
1669917002 7 10 8 8 
1669917004 11 9 10 11 
1669917006 9 12 8 10 
1669917008 8 14 8 9 
1669917010 11 5 9 11 
1669917012 8 7 10 13 
1669917014 10 12 10 6 
1669917016 9 11 10 10 
1669917018 10 9 11 11 
1669917020 10 12 9 12 
1669917022 8 9 13 18 
1669917024 10 10 8 14 
1669917026 13 13 13 11 
1669917028 10 14 7 11 
1669917030 10 10 10 10 
1669917032 8 9 7 9 
1669917034 11 10 11 10 
1669917036 7 9 12 13 
1669917038 10 0 11 11 
1669917040 12 13 9 12 
1669917042 9 11 9 12 
1669917044 9 11 12 12 
1669917046 7 12 9 10 
1669917048 9 7 9 11 
1669917050 9 13 9 9 
1669917052 12 11 9 10 
1669917054 10 13 9 11 
1669917056 10 10 12 11 
1669917058 11 12 10 11 
1669917060 8 11 14 11 
1669917062 12 11 10 9 
1669917064 8 12 10 9 
1669917066 12 5 11 9 
1669917068 8 9 9 12 
1669917070 12 11 11 13 
1669917072 10 11 11 13 
1669917074 11 10 9 13 
1669917076 11 12 9 11 
1669917078 10 9 10 10 
1669917080 9 10 8 8 
1669917082 8 12 9 10 
1669917084 8 11 9 9 
1669917086 9 11 8 15 
1669917088 10 13 11 12 
1669917090 9 11 11 11 
1669917092 11 16 9 10 
1669917094 10 9 11 9 
1669917096 7 9 9 9 
1669917098 7 8 7 9 
1669917100 8 12 9 10 
1669917102 11 12 9 9 
1669917104 10 13 10 11 
1669917106 11 12 10 13 
1669917108 10 13 12 13 
1669917110 6 9 11 10 
1669917112 6 9 11 9 
1669917114 8 10 9 11 
1669917116 8 10 8 11 
1669917118 11 14 10 13 
1669917120 12 11 10 11 
1669917122 11 13 12 15 
1669917124 9 14 10 10 
1669917126 9 8 10 10 
1669917128 8 10 9 9 
1669917130 11 7 9 9 
1669917132 10 8 10 10 
1669917134 8 12 9 9 
1669917136 11 11 13 12 
1669917138 12 11 9 9 
1669917140 12 14 8 9 
1669917142 9 9 12 10 
1669917144 9 8 10 10 
1669917146 8 11 10 10 
1669917148 10 11 8 9 
1669917150 9 11 10 9 
1669917152 10 9 9 9 
1669917154 10 12 8 12 
1669917156 7 11 8 11 
1669917158 8 12 9 9 
1669917160 10 10 7 8 
1669917162 9 10 9 11 
1669917164 8 9 11 9 
1669917166 8 12 8 10 
1669917168 9 10 7 8 
1669917170 9 11 9 9 
1669917172 11 10 9 10 
1669917174 9 10 9 12 
1669917176 10 10 11 10 
1669917178 12 8 9 8 
1669917180 10 11 9 9 
1669917182 7 9 8 10 
1669917184 9 8 9 9 
1669917186 11 9 10 10 
1669917188 12 10 13 10 
1669917190 10 12 10 11 
1669917192 9 9 8 8 
1669917194 8 10 10 10 
1669917196 9 9 10 9 
1669917198 10 8 11 8 
1669917200 7 11 12 12 
1669917202 8 10 9 9 
1669917204 10 7 9 11 
1669917206 8 11 8 8 
1669917208 10 11 9 11 
1669917210 8 10 9 10 
1669917212 11 9 8 9 
1669917214 11 12 10 7 
1669917216 10 9 10 10 
1669917218 9 12 11 9 
1669917220 10 11 8 9 
1669917222 10 11 12 9 
1669917224 8 11 9 9 
1669917226 10 10 9 9 
1669917228 9 10 9 11 
1669917230 7 11 8 12 
1669917232 10 10 7 10 
1669917234 10 10 10 10 
1669917236 11 11 7 10 
1669917238 8 10 9 10 
1669917240 8 13 8 9 
1669917242 8 11 8 10 
1669917244 9 10 9 10 
1669917246 9 9 9 9 
1669917248 9 13 9 12 
1669917250 10 10 9 9 
1669917252 11 11 11 9 
1669917254 8 9 10 9 
1669917256 11 12 8 11 
1669917258 9 11 11 9 
1669917260 9 10 9 11 
1669917262 8 11 8 8 
1669917264 10 11 6 10 
1669917266 10 10 9 9 
1669917268 7 12 7 7 
1669917270 11 11 10 11 
1669917272 11 11 8 10 
1669917274 10 14 7 9 
1669917276 9 10 9 11 
1669917278 6 12 11 9 
1669917280 10 10 10 9 
1669917282 7 9 9 10 
1669917284 9 8 8 9 
1669917286 8 10 10 9 
1669917288 9 12 10 9 
1669917290 9 10 9 8 
1669917292 10 12 10 12 
1669917294 6 7 8 10 
1669917296 8 13 7 10 
1669917298 7 9 8 9 
1669917300 10 10 11 9 
1669917302 10 28 11 10 
1669917304 12 10 8 9 
1669917306 7 11 8 8 
1669917308 10 13 9 10 
1669917310 9 12 8 10 
1669917312 8 12 10 8 
1669917314 10 10 9 8 
1669917316 7 10 12 8 
1669917318 11 9 11 12 
1669917320 9 9 11 8 
1669917322 11 9 8 10 
1669917324 8 11 10 10 
1669917326 10 9 7 10 
1669917328 8 9 9 11 
1669917330 11 10 8 10 
1669917332 8 12 9 10 
1669917334 8 11 8 9 
1669917336 10 13 9 9 
1669917338 8 10 8 9 
1669917340 8 8 9 9 
1669917342 10 9 9 10 
1669917344 9 9 12 9 
1669917346 11 7 11 8 
1669917348 7 11 8 9 
1669917350 8 11 10 11 
1669917352 9 9 10 10 
1669917354 9 11 6 11 
1669917356 9 10 8 8 
1669917358 8 12 9 8 
1669917360 10 13 8 10 
1669917362 9 11 11 8 
1669917364 11 12 9 12 
1669917366 9 9 9 8 
1669917368 8 11 9 7 
1669917370 8 9 10 10 
1669917372 12 10 13 10 
1669917374 8 9 8 10 
1669917376 7 13 10 9 
1669917378 10 10 11 9 
1669917380 10 9 11 9 
1669917382 10 11 9 12 
1669917384 12 9 11 10 
1669917386 10 9 13 9 
1669917388 10 12 9 10 
1669917390 9 11 9 11 
1669917392 8 11 9 7 
1669917394 9 11 7 8 
1669917396 9 8 7 10 
1669917398 8 11 9 9 
1669917400 7 8 10 9 
1669917402 7 11 8 11 
1669917404 7 9 8 11 
1669917406 9 11 11 10 
1669917408 8 12 8 10 
1669917410 8 10 11 5 
1669917412 12 11 9 11 
1669917414 11 11 11 9 
1669917416 8 8 11 8 
1669917418 7 11 8 11 
1669917420 12 9 10 11 
1669917422 9 11 7 8 
1669917424 10 11 11 9 
1669917426 9 8 8 8 
1669917428 6 12 8 11 
1669917430 7 8 10 10 
1669917432 7 10 8 11 
1669917434 11 11 7 9 
1669917436 10 14 7 10 
1669917438 7 11 8 11 
1669917440 10 11 11 9 
1669917442 10 10 8 7 
1669917444 9 10 9 10 
1669917446 7 11 11 7 
1669917448 8 8 10 12 
1669917450 9 9 8 8 
1669917452 11 10 9 9 
1669917454 9 9 8 9 
1669917456 10 11 9 9 
1669917458 9 5 7 12 
1669917460 7 12 9 10 
1669917462 8 10 6 9 
1669917464 10 13 10 10 
1669917466 10 10 9 12 
1669917468 9 10 9 11 
1669917470 7 9 6 7 
1669917472 8 11 8 8 
1669917474 9 12 10 9 
1669917476 9 11 10 10 
1669917478 10 75 12 10 
1669917480 9 12 11 11 
1669917482 8 11 10 10 
1669917484 7 10 8 12 
1669917486 12 9 10 11 
1669917488 9 13 9 9 
1669917490 11 9 10 8 
1669917492 11 12 9 10 
1669917494 8 10 9 9 
1669917496 11 10 10 10 
1669917498 10 10 10 9 
1669917500 8 11 8 9 
1669917502 9 7 8 10 
1669917504 10 10 9 9 
1669917506 11 10 7 9 
1669917508 8 12 11 8 
1669917510 8 12 11 8 
1669917512 12 13 11 9 
1669917514 10 6 9 9 
1669917516 6 9 9 6 
1669917518 12 11 12 11 
1669917520 11 9 9 10 
1669917522 10 10 11 10 
1669917524 10 11 9 10 
1669917526 10 12 9 11 
1669917528 10 11 10 11 
1669917530 8 13 9 10 
1669917532 7 11 10 8 
1669917534 11 11 8 11 
1669917536 9 10 9 9 
1669917538 11 10 11 7 
1669917540 7 9 10 9 
1669917542 9 10 10 10 
1669917544 7 10 10 10 
1669917546 8 11 10 12 
1669917548 14 8 10 9 
1669917550 7 11 9 10 
1669917552 9 10 10 9 
1669917554 6 12 10 8 
1669917556 8 8 9 9 
1669917558 9 12 10 10 
1669917560 8 9 10 7 
1669917562 9 9 8 10 
1669917564 9 12 11 8 
1669917566 7 7 11 13 
1669917568 8 9 8 11 
1669917570 11 11 10 9 
1669917572 9 10 10 9 
1669917574 13 11 11 9 
1669917576 9 9 10 8 
1669917578 9 11 7 7 
1669917580 6 10 9 9 
1669917582 10 9 8 9 
1669917584 8 14 10 11 
1669917586 9 11 8 9 
1669917588 9 10 7 10 
1669917590 7 10 12 8 
1669917592 7 11 10 10 
1669917594 6 11 7 10 
1669917596 9 12 9 10 
1669917598 10 9 9 11 
