1669917602 12 8 11 11 
1669917605 11 10 9 11 
1669917607 10 11 10 10 
1669917609 10 11 8 8 
1669917611 9 9 8 9 
1669917613 11 9 11 7 
1669917615 8 8 9 8 
1669917617 9 10 10 12 
1669917619 9 12 11 10 
1669917621 11 10 7 10 
1669917623 8 11 8 12 
1669917625 10 10 8 8 
1669917627 8 10 10 8 
1669917629 10 11 8 9 
1669917631 11 9 10 9 
1669917633 7 10 9 8 
1669917635 8 12 12 11 
1669917637 8 12 8 9 
1669917639 10 10 9 9 
1669917641 7 9 9 11 
1669917643 9 10 10 9 
1669917645 11 11 9 11 
1669917647 7 11 10 10 
1669917649 10 9 9 10 
1669917651 10 9 5 11 
1669917653 10 7 9 11 
1669917655 9 10 11 9 
1669917657 7 11 8 10 
1669917659 11 10 10 13 
1669917661 9 10 9 11 
1669917663 7 10 10 9 
1669917665 8 10 11 12 
1669917667 7 8 11 8 
1669917669 11 10 11 9 
1669917671 8 12 10 11 
1669917673 8 11 10 8 
1669917675 9 12 12 8 
1669917677 8 8 8 10 
1669917679 8 9 9 10 
1669917681 6 12 11 11 
1669917683 9 11 8 10 
1669917685 8 9 11 9 
1669917687 9 12 9 8 
1669917689 9 12 8 8 
1669917691 11 7 10 10 
1669917693 5 10 8 9 
1669917695 9 13 8 11 
1669917697 8 8 8 10 
1669917699 9 11 10 11 
1669917701 10 11 8 8 
1669917703 7 9 10 9 
1669917705 14 15 10 7 
1669917707 7 10 9 8 
1669917709 9 9 11 10 
1669917711 11 9 10 10 
1669917713 7 0 8 11 
1669917715 8 8 11 10 
1669917717 9 10 7 10 
1669917719 10 9 9 10 
1669917721 10 8 9 8 
1669917723 11 8 10 11 
1669917725 8 11 6 9 
1669917727 10 12 8 11 
1669917729 8 9 8 9 
1669917731 8 11 9 9 
1669917733 9 7 9 8 
1669917735 10 12 9 7 
1669917737 9 27 10 8 
1669917739 8 10 9 9 
1669917741 9 16 8 11 
1669917743 8 7 11 10 
1669917745 11 10 10 8 
1669917747 10 12 9 11 
1669917749 11 12 10 10 
1669917751 9 12 9 9 
1669917753 8 10 7 10 
1669917755 11 12 9 14 
1669917757 9 11 10 14 
1669917759 9 9 9 9 
1669917761 10 13 7 10 
1669917763 7 12 9 8 
1669917765 11 8 10 9 
1669917767 11 9 8 9 
1669917769 9 11 11 9 
1669917771 10 10 11 12 
1669917773 11 8 11 10 
1669917775 8 9 9 10 
1669917777 10 8 9 8 
1669917779 9 12 10 8 
1669917781 9 7 7 8 
1669917783 10 9 11 8 
1669917785 9 9 9 10 
1669917787 12 9 10 8 
1669917789 9 9 7 8 
1669917791 9 11 13 12 
1669917793 10 10 10 9 
1669917795 9 9 11 10 
1669917797 9 11 10 10 
1669917799 13 10 13 9 
1669917801 10 11 11 10 
1669917803 10 10 10 9 
1669917805 8 9 10 11 
1669917807 8 13 9 13 
1669917809 9 10 11 7 
1669917811 9 78 9 8 
1669917813 10 10 11 9 
1669917815 7 11 8 9 
1669917817 13 12 10 9 
1669917819 10 11 12 10 
1669917821 10 12 8 10 
1669917823 9 13 9 11 
1669917825 10 12 8 9 
1669917827 8 8 9 10 
1669917829 7 11 10 12 
1669917831 10 14 11 9 
1669917833 10 12 9 10 
1669917835 7 11 9 11 
1669917837 8 11 12 9 
1669917839 10 12 8 10 
1669917841 6 10 8 7 
1669917843 11 10 8 10 
1669917845 10 12 11 9 
1669917847 10 11 8 9 
1669917849 10 10 12 8 
1669917851 11 10 8 7 
1669917853 9 9 10 8 
1669917855 8 10 10 9 
1669917857 10 10 10 10 
1669917859 5 10 12 9 
1669917861 8 10 11 6 
1669917863 12 10 9 10 
1669917865 7 12 8 12 
1669917867 11 12 10 7 
1669917869 12 11 7 9 
1669917871 10 9 9 9 
1669917873 11 13 6 5 
1669917875 11 13 7 11 
1669917877 10 0 8 10 
1669917879 9 8 9 11 
1669917881 9 10 6 9 
1669917883 11 12 10 9 
1669917885 9 10 9 10 
1669917887 11 12 9 10 
1669917889 9 12 8 9 
1669917891 12 10 11 8 
1669917893 11 11 10 9 
1669917895 9 13 9 10 
1669917897 8 9 10 9 
1669917899 11 9 8 11 
1669917901 9 11 10 9 
1669917903 9 12 9 10 
1669917905 10 10 10 7 
1669917907 12 9 9 9 
1669917909 10 11 8 8 
1669917911 10 10 6 9 
1669917913 11 10 9 10 
1669917915 9 10 12 12 
1669917917 7 11 10 9 
1669917919 8 12 7 10 
1669917921 10 12 9 11 
1669917923 9 10 9 10 
1669917925 7 11 11 9 
1669917927 7 13 11 8 
1669917929 10 9 11 8 
1669917931 7 12 10 11 
1669917933 8 11 9 11 
1669917935 8 13 7 9 
1669917937 12 11 8 11 
1669917939 10 12 9 10 
1669917941 11 13 11 9 
1669917943 10 12 9 9 
1669917945 9 11 9 10 
1669917947 9 13 10 8 
1669917949 7 9 10 8 
1669917951 8 11 9 10 
1669917953 9 11 10 7 
1669917955 8 12 11 12 
1669917957 10 8 11 8 
1669917959 10 10 9 9 
1669917961 10 10 9 9 
1669917963 9 10 7 9 
1669917965 7 10 11 9 
1669917967 10 10 9 9 
1669917969 6 10 11 9 
1669917971 8 9 8 9 
1669917973 9 10 9 10 
1669917975 10 12 11 11 
1669917977 9 12 12 9 
1669917979 7 13 9 10 
1669917981 7 10 10 10 
1669917983 9 9 10 10 
1669917985 10 10 9 9 
1669917987 11 11 8 9 
1669917989 10 9 9 10 
1669917991 8 10 10 7 
1669917993 10 14 12 10 
1669917995 11 11 9 9 
1669917997 10 11 10 11 
1669917999 9 15 9 9 
1669918001 8 10 6 10 
1669918003 9 10 10 8 
1669918005 6 13 9 10 
1669918007 10 8 9 10 
1669918009 9 13 7 10 
1669918011 8 8 12 11 
1669918013 10 11 9 10 
1669918015 8 12 9 10 
1669918017 10 23 9 12 
1669918019 10 8 9 12 
1669918021 9 10 9 11 
1669918023 9 11 10 10 
1669918025 11 11 10 7 
1669918027 11 12 8 8 
1669918029 10 8 10 8 
1669918031 8 10 13 10 
1669918033 10 12 10 10 
1669918035 12 12 7 9 
1669918037 9 13 10 9 
1669918039 10 14 9 12 
1669918041 8 10 8 11 
1669918043 9 11 12 10 
1669918045 9 13 8 10 
1669918047 9 10 10 10 
1669918049 10 10 9 8 
1669918051 9 11 9 9 
1669918053 10 10 11 9 
1669918055 9 9 8 9 
1669918057 7 7 11 11 
1669918059 8 8 9 9 
1669918061 12 9 9 10 
1669918063 10 10 11 10 
1669918065 10 10 9 10 
1669918067 7 10 8 10 
1669918069 8 8 9 12 
1669918071 7 12 7 9 
1669918073 9 12 8 10 
1669918075 11 11 5 11 
1669918077 8 8 9 10 
1669918079 7 8 11 10 
1669918081 9 10 9 12 
1669918083 11 14 9 11 
1669918085 8 11 8 8 
1669918087 9 9 9 8 
1669918089 11 10 10 12 
1669918091 9 8 12 10 
1669918093 13 9 8 10 
1669918095 7 12 11 11 
1669918097 8 11 10 9 
1669918099 10 11 8 8 
1669918101 8 9 7 6 
1669918103 10 9 11 9 
1669918105 7 13 11 11 
1669918107 10 10 10 7 
1669918109 8 13 10 12 
1669918111 7 11 8 8 
1669918113 11 11 9 7 
1669918115 9 8 11 13 
1669918117 8 10 9 11 
1669918119 9 8 10 9 
1669918121 10 8 9 12 
1669918123 10 8 9 8 
1669918125 6 10 11 10 
1669918127 7 9 8 12 
1669918129 9 11 11 10 
1669918131 7 10 8 9 
1669918133 10 10 9 9 
1669918135 9 9 9 10 
1669918137 10 11 10 10 
1669918139 10 12 11 11 
1669918141 10 11 11 10 
1669918143 8 12 8 11 
1669918145 11 12 8 9 
1669918147 8 7 8 8 
1669918149 9 12 8 8 
1669918151 8 11 9 11 
1669918153 9 11 10 10 
1669918155 9 12 10 9 
1669918157 8 12 12 8 
1669918159 8 11 9 8 
1669918161 10 11 9 9 
1669918163 11 11 11 8 
1669918165 10 9 9 8 
1669918167 11 9 7 11 
1669918169 9 11 11 9 
1669918171 8 8 10 10 
1669918173 7 11 12 9 
1669918175 9 9 9 10 
1669918177 8 11 10 8 
1669918179 9 10 11 11 
1669918181 9 10 10 10 
1669918183 12 11 8 9 
1669918185 11 11 8 10 
1669918187 7 10 10 11 
1669918189 8 10 11 10 
1669918191 8 11 10 8 
1669918193 10 10 9 10 
1669918195 10 12 10 8 
1669918197 8 11 8 9 
1669918199 9 11 10 11 
1669918201 8 10 9 8 
1669918203 10 11 10 9 
1669918205 8 12 10 10 
1669918207 8 9 10 11 
1669918209 9 8 9 7 
1669918211 8 10 9 8 
1669918213 7 10 9 11 
1669918215 12 11 9 12 
1669918217 10 9 9 11 
1669918219 9 10 11 10 
1669918221 9 8 10 8 
1669918223 11 10 9 8 
1669918225 11 10 11 9 
1669918227 10 12 9 9 
1669918229 10 11 8 8 
1669918231 10 10 10 12 
1669918233 10 10 6 9 
1669918235 10 11 11 11 
1669918237 8 11 9 10 
1669918239 9 9 9 12 
1669918241 9 10 9 12 
1669918243 9 12 9 9 
1669918245 10 10 8 8 
1669918247 7 12 10 9 
1669918249 11 11 9 11 
1669918251 9 12 9 10 
1669918253 9 9 11 11 
1669918255 9 8 9 9 
1669918257 9 6 8 10 
1669918259 9 11 8 10 
1669918261 10 12 8 8 
1669918263 8 8 9 10 
1669918265 8 9 8 10 
1669918267 8 10 9 9 
1669918269 10 10 9 9 
1669918271 10 10 10 11 
1669918273 9 8 10 12 
1669918275 9 11 10 12 
1669918277 11 9 6 9 
1669918279 7 9 11 11 
1669918281 8 13 8 9 
1669918283 9 11 7 10 
1669918285 8 0 10 10 
1669918287 10 10 11 11 
1669918289 9 8 8 8 
1669918291 11 10 11 11 
1669918293 8 9 9 9 
1669918295 10 11 10 7 
1669918297 8 10 8 8 
1669918299 10 11 9 8 
1669918301 8 12 10 9 
1669918303 6 10 10 10 
1669918305 8 8 9 9 
1669918307 8 11 8 9 
1669918309 10 9 10 6 
1669918311 9 13 10 11 
1669918313 11 10 9 10 
1669918315 7 11 9 10 
1669918317 9 12 10 9 
1669918319 7 12 8 8 
1669918321 6 11 8 10 
1669918323 10 14 8 12 
1669918325 9 10 10 10 
1669918327 10 13 8 9 
1669918329 10 11 9 9 
1669918331 9 9 10 10 
1669918333 9 11 9 11 
1669918335 10 10 10 10 
1669918337 11 10 10 12 
1669918339 9 11 9 12 
1669918341 10 10 8 8 
1669918343 11 14 10 7 
1669918345 10 11 10 11 
1669918347 10 10 12 9 
1669918349 11 13 9 7 
1669918351 7 10 7 9 
1669918353 8 11 9 8 
1669918355 10 9 8 9 
1669918357 7 10 8 9 
1669918359 10 10 7 10 
1669918361 9 14 11 9 
1669918363 9 9 9 9 
1669918365 10 13 8 11 
1669918367 8 8 8 9 
1669918369 9 12 8 8 
1669918371 10 11 10 8 
1669918373 9 10 9 8 
1669918375 9 10 8 10 
1669918377 9 11 11 9 
1669918379 10 12 9 10 
1669918381 9 9 11 8 
1669918383 10 10 10 7 
1669918385 8 13 7 9 
1669918387 10 9 12 10 
1669918389 10 12 8 9 
1669918391 9 10 8 8 
1669918393 9 12 11 11 
1669918395 10 10 9 10 
1669918397 12 11 11 8 
1669918399 11 10 10 10 
1669918401 10 12 8 9 
1669918403 10 11 6 13 
1669918405 10 10 12 9 
1669918407 7 7 9 9 
1669918409 7 11 9 11 
1669918411 10 11 9 12 
1669918413 10 23 8 9 
1669918415 8 76 10 11 
1669918417 11 11 10 7 
1669918419 11 10 9 10 
1669918421 11 11 8 8 
1669918423 9 10 11 11 
1669918425 9 11 7 8 
1669918427 9 11 10 11 
1669918429 9 9 11 10 
1669918431 8 11 10 8 
1669918433 9 13 12 9 
1669918435 11 10 9 9 
1669918437 11 10 10 10 
1669918439 9 11 6 10 
1669918441 11 10 9 9 
1669918443 10 12 10 11 
1669918445 8 10 8 10 
1669918447 7 12 10 9 
1669918449 9 11 9 9 
1669918451 13 10 8 10 
1669918453 9 10 10 7 
1669918455 8 10 11 10 
1669918457 8 10 10 8 
1669918459 10 13 11 9 
1669918461 10 11 8 9 
1669918463 9 9 9 10 
1669918465 9 11 9 12 
1669918467 11 11 11 12 
1669918469 8 14 7 6 
1669918471 8 10 11 13 
1669918473 9 8 9 9 
1669918475 8 12 8 9 
1669918477 8 11 9 9 
1669918479 9 9 7 10 
1669918481 9 13 9 12 
1669918483 7 12 11 7 
1669918485 8 9 10 8 
1669918487 7 10 10 10 
1669918489 8 11 11 10 
1669918491 9 11 8 10 
1669918493 9 9 10 10 
1669918495 7 13 10 8 
1669918497 7 8 13 9 
1669918499 11 9 11 8 
1669918501 10 12 10 8 
1669918503 9 8 10 11 
1669918505 9 11 9 9 
1669918507 9 11 11 8 
1669918509 9 12 10 6 
1669918511 10 12 8 10 
1669918513 10 10 12 7 
1669918515 10 9 9 8 
1669918517 10 10 11 8 
1669918519 8 12 7 10 
1669918521 10 8 9 11 
1669918523 8 11 9 11 
1669918525 9 11 8 11 
1669918527 10 8 8 10 
1669918529 9 9 10 9 
1669918531 9 10 10 9 
1669918533 9 9 11 10 
1669918535 11 11 6 10 
1669918537 10 9 10 11 
1669918539 9 10 11 10 
1669918541 9 10 12 9 
1669918543 10 11 11 11 
1669918545 11 9 9 9 
1669918547 10 13 9 11 
1669918549 10 8 9 11 
1669918551 9 9 11 11 
1669918553 12 10 9 10 
1669918555 9 11 7 12 
1669918557 12 8 11 9 
1669918559 8 11 10 9 
1669918561 9 10 9 9 
1669918563 10 11 10 8 
1669918565 8 11 9 8 
1669918567 7 10 7 10 
1669918569 9 12 10 9 
1669918571 7 11 11 9 
1669918573 10 8 9 10 
1669918575 9 14 7 7 
1669918577 11 11 9 11 
1669918579 11 9 9 9 
1669918581 10 11 11 10 
1669918583 9 8 10 7 
1669918585 7 8 13 10 
1669918587 8 10 12 10 
1669918589 6 8 7 10 
1669918591 10 11 11 11 
1669918593 8 11 9 11 
1669918595 11 10 11 10 
1669918597 12 11 10 12 
1669918599 10 10 8 11 
1669918601 9 11 10 10 
1669918603 10 12 8 8 
1669918605 8 12 11 11 
1669918607 11 9 11 9 
1669918609 9 7 9 11 
1669918611 9 10 8 10 
1669918613 7 10 9 9 
1669918615 11 10 7 9 
1669918617 10 12 12 11 
1669918619 8 12 10 9 
1669918621 8 9 9 8 
1669918623 6 9 9 10 
1669918625 10 8 8 10 
1669918627 8 11 8 8 
1669918629 6 10 9 11 
1669918631 7 13 10 10 
1669918633 10 10 11 10 
1669918635 7 10 9 13 
1669918637 7 10 7 9 
1669918639 12 11 7 10 
1669918641 7 10 11 8 
1669918643 10 12 9 9 
1669918645 10 13 6 10 
1669918647 9 13 11 10 
1669918649 9 10 9 10 
1669918651 11 10 9 9 
1669918653 8 10 8 8 
1669918655 11 10 10 9 
1669918657 9 11 9 11 
1669918659 9 8 9 11 
1669918661 13 11 10 9 
1669918663 10 10 8 9 
1669918665 10 10 9 7 
1669918667 10 9 9 9 
1669918669 9 10 10 9 
1669918671 9 10 11 10 
1669918673 8 7 7 12 
1669918675 10 11 8 11 
1669918677 10 10 9 11 
1669918679 9 11 11 7 
1669918681 8 11 9 14 
1669918683 9 11 10 9 
1669918685 7 9 9 13 
1669918687 9 10 11 9 
1669918689 8 12 10 8 
1669918691 10 10 12 11 
1669918693 9 24 7 7 
1669918695 9 10 10 8 
1669918697 11 25 11 10 
1669918699 11 8 9 9 
1669918701 11 11 11 8 
1669918703 9 7 8 9 
1669918705 12 12 10 9 
1669918707 8 11 9 9 
1669918709 10 12 9 9 
1669918711 8 10 9 11 
1669918713 11 11 8 10 
1669918715 10 9 9 9 
1669918717 9 13 9 8 
1669918719 10 9 11 9 
1669918721 10 11 12 8 
1669918723 8 10 11 7 
1669918725 10 9 10 9 
1669918727 12 13 9 12 
1669918729 11 14 10 8 
1669918731 10 13 9 11 
1669918733 11 13 10 11 
1669918735 8 76 9 9 
1669918737 6 11 10 10 
1669918739 9 11 11 9 
1669918741 7 13 9 6 
1669918743 8 9 12 10 
1669918745 9 9 9 9 
1669918747 11 12 9 8 
1669918749 10 10 8 6 
1669918751 8 11 8 9 
1669918753 10 10 10 9 
1669918755 9 11 9 9 
1669918757 10 10 10 12 
1669918759 10 23 9 11 
1669918761 11 9 11 6 
1669918763 8 8 12 6 
1669918765 9 9 10 10 
1669918767 6 10 9 10 
1669918769 8 9 10 10 
1669918771 10 10 10 10 
1669918773 8 11 8 9 
1669918775 9 10 9 9 
1669918777 10 9 10 11 
1669918779 10 10 9 8 
1669918781 9 11 11 11 
1669918783 9 10 12 10 
1669918785 10 11 9 8 
1669918787 11 9 8 7 
1669918789 9 11 9 9 
1669918791 9 14 8 9 
1669918793 9 10 11 10 
1669918795 10 11 10 10 
1669918797 10 11 10 9 
1669918799 10 12 9 10 
1669918801 11 10 9 9 
1669918803 9 11 9 11 
1669918805 8 11 8 8 
1669918807 8 12 9 12 
1669918809 10 10 8 7 
1669918811 9 8 10 10 
1669918813 9 10 10 10 
1669918815 8 10 9 10 
1669918817 10 12 11 11 
1669918819 10 11 9 10 
1669918821 11 11 12 10 
1669918823 11 11 9 10 
1669918825 10 10 11 11 
1669918827 8 10 10 10 
1669918829 9 12 10 10 
1669918831 9 12 8 8 
1669918833 11 8 9 8 
1669918835 8 11 13 10 
1669918837 10 11 9 10 
1669918839 8 5 8 11 
1669918841 8 12 9 9 
1669918843 9 11 8 8 
1669918845 8 10 8 10 
1669918847 8 11 11 8 
1669918849 10 10 9 10 
1669918851 10 11 10 8 
1669918853 6 10 9 10 
1669918855 8 10 12 9 
1669918857 11 11 11 8 
1669918859 9 10 10 9 
1669918861 8 11 11 9 
1669918863 8 11 10 7 
1669918865 9 11 9 11 
1669918867 9 9 10 7 
1669918869 9 9 10 7 
1669918871 10 10 9 10 
1669918873 9 9 9 11 
1669918875 12 12 10 9 
1669918877 10 8 9 9 
1669918879 12 10 11 10 
1669918881 7 10 8 11 
1669918883 10 13 11 9 
1669918885 11 10 11 11 
1669918887 9 9 10 12 
1669918889 10 8 12 10 
1669918891 7 9 10 7 
1669918893 9 12 10 10 
1669918895 11 10 7 11 
1669918897 9 8 9 10 
1669918899 8 12 8 8 
1669918901 10 9 11 10 
1669918903 10 12 6 8 
1669918905 12 8 10 9 
1669918907 10 12 10 9 
1669918909 9 13 9 8 
1669918911 10 12 10 7 
1669918913 9 10 9 10 
1669918915 10 10 9 9 
1669918917 8 10 9 9 
1669918919 8 13 10 11 
1669918921 9 12 7 9 
1669918923 8 11 11 10 
1669918925 9 11 10 9 
1669918927 5 11 7 8 
1669918929 8 10 7 6 
1669918931 12 11 12 9 
1669918933 11 5 8 9 
1669918935 10 13 9 10 
1669918937 9 10 7 11 
1669918939 10 10 9 9 
1669918941 7 7 8 9 
1669918943 8 7 7 9 
1669918945 10 11 10 8 
1669918947 11 13 9 10 
1669918949 9 12 9 12 
1669918951 10 12 12 9 
1669918953 8 9 10 10 
1669918955 7 10 8 9 
1669918957 9 24 8 10 
1669918959 9 9 8 9 
1669918961 11 11 6 9 
1669918963 8 12 8 8 
1669918965 10 11 10 11 
1669918967 9 10 10 10 
1669918969 9 8 7 10 
1669918971 10 10 11 11 
1669918973 7 10 9 9 
1669918975 5 12 7 10 
1669918977 8 13 8 11 
1669918979 9 12 9 7 
1669918981 9 10 12 11 
1669918983 11 10 9 9 
1669918985 10 10 9 10 
1669918987 7 11 10 10 
1669918989 11 10 9 10 
1669918991 10 10 12 9 
1669918993 9 12 12 9 
1669918995 10 12 9 8 
1669918997 9 11 10 11 
1669918999 7 9 8 12 
1669919001 8 9 10 11 
1669919003 7 10 6 9 
1669919005 12 9 10 9 
1669919007 7 12 10 11 
1669919009 10 8 9 6 
1669919011 10 0 8 10 
1669919013 10 13 10 12 
1669919015 10 11 10 9 
1669919017 7 11 11 9 
1669919019 9 13 10 8 
1669919021 8 9 9 8 
1669919023 10 11 11 8 
1669919025 9 12 9 9 
1669919027 12 12 10 12 
1669919029 9 7 10 7 
1669919031 7 10 11 10 
1669919033 8 9 9 11 
1669919035 11 11 9 12 
1669919037 9 10 10 12 
1669919039 6 43 9 10 
1669919041 9 10 9 8 
1669919043 9 11 10 12 
1669919045 7 8 8 9 
1669919047 8 12 9 10 
1669919049 11 11 9 8 
1669919051 10 13 10 8 
1669919053 9 11 10 9 
1669919055 11 11 9 11 
1669919057 11 10 9 10 
1669919059 10 11 8 10 
1669919061 6 8 8 10 
1669919063 9 10 8 9 
1669919065 8 8 9 10 
1669919067 9 10 10 11 
1669919069 12 9 10 7 
1669919071 10 10 9 10 
1669919073 8 9 9 10 
1669919075 8 11 11 9 
1669919077 10 10 9 10 
1669919079 9 10 10 9 
1669919081 10 11 10 9 
1669919083 9 9 10 12 
1669919085 10 12 8 8 
1669919087 8 9 9 7 
1669919089 10 10 11 8 
1669919091 5 12 9 9 
1669919093 8 11 9 11 
1669919095 9 10 9 9 
1669919097 8 10 8 11 
1669919099 13 9 7 10 
1669919101 12 9 9 12 
1669919103 9 9 9 10 
1669919105 11 9 11 10 
1669919107 9 8 8 10 
1669919109 8 10 11 10 
1669919111 7 11 10 9 
1669919113 11 12 9 8 
1669919115 8 11 10 10 
1669919117 10 8 8 8 
1669919119 9 13 9 9 
1669919121 9 9 9 9 
1669919123 9 9 12 7 
1669919125 10 11 8 9 
1669919127 8 12 10 10 
1669919129 13 6 10 8 
1669919131 11 12 8 9 
1669919133 11 13 9 12 
1669919135 10 10 10 9 
1669919137 10 9 12 11 
1669919139 10 10 7 10 
1669919141 8 10 9 11 
1669919143 9 10 11 11 
1669919145 10 10 9 9 
1669919147 11 11 10 11 
1669919149 8 9 8 11 
1669919151 12 11 11 9 
1669919153 9 14 9 8 
1669919155 9 10 9 9 
1669919157 7 12 9 9 
1669919159 11 9 10 7 
1669919161 9 9 11 11 
1669919163 11 9 8 8 
1669919165 10 9 7 9 
1669919167 9 12 10 8 
1669919169 6 8 10 10 
1669919171 9 11 8 7 
1669919173 11 10 8 8 
1669919175 9 10 9 8 
1669919177 10 11 11 11 
1669919179 10 10 7 9 
1669919181 8 11 8 10 
1669919183 8 11 10 12 
1669919185 9 9 9 11 
1669919187 8 8 9 10 
1669919189 7 11 12 9 
1669919191 7 11 11 10 
1669919193 11 8 8 9 
1669919195 10 13 7 10 
1669919197 9 12 10 8 
1669919199 10 11 9 9 
1669919201 7 14 10 9 
1669919203 6 10 11 9 
1669919205 9 9 10 8 
1669919207 10 12 9 10 
1669919209 10 8 9 8 
1669919211 10 8 9 10 
1669919213 11 9 8 10 
1669919215 12 12 9 8 
1669919217 9 10 9 10 
1669919219 9 11 10 7 
1669919221 8 8 10 10 
1669919223 9 9 9 10 
1669919225 8 11 8 11 
1669919227 10 10 8 7 
1669919229 9 13 10 9 
1669919231 8 12 11 12 
1669919233 10 10 10 9 
1669919235 7 12 8 10 
1669919237 6 9 8 7 
1669919239 10 10 10 9 
1669919241 7 10 11 9 
1669919243 9 12 9 9 
1669919245 9 14 9 8 
1669919247 7 26 11 9 
1669919249 10 10 8 9 
1669919251 14 10 10 11 
1669919253 10 11 8 10 
1669919255 7 9 9 10 
1669919257 8 9 12 10 
1669919259 12 9 10 7 
1669919261 9 10 9 9 
1669919263 13 11 11 12 
1669919265 10 12 8 8 
1669919267 10 79 10 11 
1669919269 9 10 10 10 
1669919271 8 15 7 12 
1669919273 10 12 8 7 
1669919275 8 11 8 10 
1669919277 7 10 11 8 
1669919279 10 9 9 11 
1669919281 8 77 10 10 
1669919283 10 11 9 11 
1669919285 12 10 12 9 
1669919287 7 9 9 10 
1669919289 9 10 9 9 
1669919291 9 9 10 9 
1669919293 8 10 10 10 
1669919295 10 11 7 8 
1669919297 9 11 8 10 
1669919299 11 8 8 9 
1669919301 7 13 13 11 
1669919303 9 11 8 8 
1669919305 9 13 8 8 
1669919307 10 12 8 11 
1669919309 7 9 9 9 
1669919311 9 9 9 12 
1669919313 10 10 11 9 
1669919315 8 10 9 12 
1669919317 11 8 11 10 
1669919319 7 12 8 10 
1669919321 9 9 12 10 
1669919323 9 10 12 10 
1669919325 9 7 7 9 
1669919327 7 12 10 9 
1669919329 10 10 11 6 
1669919331 9 10 10 10 
1669919333 11 10 10 9 
1669919335 11 12 10 10 
1669919337 8 11 9 10 
1669919339 9 11 9 8 
1669919341 8 12 8 11 
1669919343 9 11 8 10 
1669919345 5 11 9 13 
1669919347 9 8 8 10 
1669919349 9 9 10 8 
1669919351 11 11 11 9 
1669919353 11 9 9 8 
1669919355 10 9 10 8 
1669919357 10 10 10 10 
1669919359 8 11 10 10 
1669919361 8 8 9 10 
1669919363 7 14 9 9 
1669919365 9 10 11 12 
1669919367 10 11 10 9 
1669919369 8 11 9 9 
1669919371 7 11 10 11 
1669919373 11 13 9 11 
1669919375 7 10 7 7 
1669919377 8 10 9 10 
1669919379 8 10 9 11 
1669919381 11 8 9 11 
1669919383 12 10 8 9 
1669919385 9 9 9 9 
1669919387 11 12 9 9 
1669919389 9 10 9 10 
1669919391 10 8 8 7 
1669919393 9 10 9 12 
1669919395 9 9 7 11 
1669919397 9 12 11 9 
1669919399 11 10 9 9 
1669919401 8 12 8 10 
1669919403 7 12 11 7 
1669919405 13 12 8 9 
1669919407 7 11 8 12 
1669919409 7 10 9 9 
1669919411 9 11 8 10 
1669919413 7 11 10 12 
1669919415 11 11 11 11 
1669919417 10 10 10 8 
1669919419 9 10 10 8 
1669919421 7 10 10 10 
1669919423 9 11 9 10 
1669919425 10 10 11 8 
1669919427 8 8 12 8 
1669919429 9 10 9 9 
1669919431 8 9 13 8 
1669919433 8 9 10 9 
1669919435 10 13 12 9 
1669919437 7 9 8 12 
1669919439 9 8 9 9 
1669919441 10 13 9 9 
1669919443 11 9 9 7 
1669919445 14 10 7 11 
1669919447 9 11 9 9 
1669919449 11 10 10 8 
1669919451 10 74 7 10 
1669919453 9 11 7 9 
1669919455 9 10 12 10 
1669919457 8 9 8 8 
1669919459 8 22 9 10 
1669919461 7 9 11 10 
1669919463 10 11 7 10 
1669919465 9 11 10 10 
1669919467 7 7 9 9 
1669919469 12 11 10 9 
1669919471 8 12 8 9 
1669919473 9 11 9 6 
1669919475 9 10 9 11 
1669919477 7 8 11 12 
1669919479 12 10 9 10 
1669919481 10 10 7 10 
1669919483 8 8 7 7 
1669919485 7 10 8 10 
1669919487 11 11 8 12 
1669919489 9 9 9 12 
1669919491 6 12 12 10 
1669919493 10 11 11 8 
1669919495 7 11 10 8 
1669919497 8 12 10 10 
1669919499 9 11 9 10 
1669919501 9 11 10 6 
1669919503 11 11 8 7 
1669919505 9 11 9 8 
1669919507 11 11 8 9 
1669919509 9 11 9 8 
1669919511 10 0 9 9 
1669919513 9 10 9 10 
1669919515 9 10 10 10 
1669919517 8 8 9 10 
1669919519 7 10 9 10 
1669919521 8 11 9 9 
1669919523 8 10 6 12 
1669919525 9 10 10 12 
1669919527 9 8 7 10 
1669919529 9 10 10 10 
1669919531 8 10 12 10 
1669919533 12 11 11 9 
1669919535 9 10 8 6 
1669919537 8 10 11 10 
1669919539 9 10 11 10 
1669919541 10 8 8 11 
1669919543 8 11 11 9 
1669919545 5 10 8 8 
1669919547 7 11 10 9 
1669919549 6 12 9 9 
1669919551 9 11 10 10 
1669919553 10 10 9 9 
1669919555 8 13 9 12 
1669919557 8 7 8 9 
1669919559 8 10 10 9 
1669919561 7 9 9 7 
1669919563 8 11 7 16 
1669919565 11 11 9 10 
1669919567 10 9 10 8 
1669919569 8 8 10 9 
1669919571 10 12 9 9 
1669919573 6 13 7 8 
1669919575 8 9 10 9 
1669919577 10 11 10 9 
1669919579 9 10 9 8 
1669919581 10 11 8 11 
1669919583 8 10 8 9 
1669919585 10 11 9 10 
1669919587 9 9 9 8 
1669919589 10 8 8 10 
1669919591 8 7 10 7 
1669919593 9 10 8 12 
1669919595 9 10 8 8 
1669919597 15 14 9 12 
1669919599 8 10 8 9 
1669919601 7 8 9 10 
1669919603 8 11 10 9 
1669919605 7 9 9 9 
1669919607 7 8 9 10 
1669919609 9 9 7 8 
1669919611 7 10 9 9 
1669919613 11 13 7 9 
1669919615 9 11 10 12 
1669919617 9 10 11 9 
1669919619 10 10 10 9 
1669919621 10 11 9 10 
1669919623 9 12 8 9 
1669919625 9 10 9 10 
1669919627 12 11 11 10 
1669919629 9 9 10 9 
1669919631 7 10 8 9 
1669919633 10 14 9 8 
1669919635 8 11 9 12 
1669919637 9 9 13 9 
1669919639 9 10 10 9 
1669919641 10 11 8 9 
1669919643 9 11 10 10 
1669919645 8 11 10 10 
1669919647 7 10 8 10 
1669919649 10 10 10 10 
1669919651 8 10 9 12 
1669919653 8 10 9 11 
1669919655 8 9 7 8 
1669919657 11 10 9 8 
1669919659 9 13 9 8 
1669919661 5 10 11 13 
1669919663 8 9 9 6 
1669919665 8 12 9 10 
1669919667 9 11 9 9 
1669919669 9 10 12 10 
1669919671 8 10 9 9 
1669919673 7 10 7 8 
1669919675 10 10 7 11 
1669919677 11 13 13 11 
1669919679 8 12 10 10 
1669919681 10 12 10 8 
1669919683 10 11 8 9 
1669919685 11 11 12 12 
1669919687 10 13 8 11 
1669919689 10 8 9 10 
1669919691 9 12 8 6 
1669919693 11 10 8 11 
1669919695 7 10 13 12 
1669919697 11 11 8 12 
1669919699 8 10 9 9 
1669919701 10 10 8 10 
1669919703 10 11 9 8 
1669919705 8 10 7 7 
1669919707 10 11 10 9 
1669919709 8 12 10 9 
1669919711 9 9 7 8 
1669919713 10 12 10 10 
1669919715 9 12 8 9 
1669919717 8 9 10 10 
1669919719 9 11 8 10 
1669919721 8 10 8 7 
1669919723 9 11 12 10 
1669919725 9 9 9 11 
1669919727 6 12 11 11 
1669919729 11 12 10 9 
1669919731 8 9 9 9 
1669919733 9 11 7 11 
1669919735 7 9 8 12 
1669919737 9 9 10 9 
1669919739 8 9 10 9 
1669919741 8 10 8 11 
1669919743 10 10 9 9 
1669919745 7 12 7 9 
1669919747 9 9 8 11 
1669919749 10 9 8 9 
1669919751 7 11 7 9 
1669919753 9 13 9 7 
1669919755 8 11 8 8 
1669919757 9 11 8 9 
1669919759 8 11 7 10 
1669919761 8 11 9 9 
1669919763 9 8 9 8 
1669919765 8 10 8 10 
1669919767 9 12 8 9 
1669919769 7 9 9 10 
1669919771 9 9 11 11 
1669919773 10 10 7 11 
1669919775 11 8 11 11 
1669919777 6 10 10 10 
1669919779 9 12 10 7 
1669919781 9 10 8 10 
1669919783 11 9 10 11 
1669919785 10 10 11 12 
1669919787 10 10 10 9 
1669919789 6 11 10 9 
1669919791 8 10 7 12 
1669919793 9 11 11 11 
1669919795 6 9 9 10 
1669919797 11 8 9 10 
1669919799 9 10 10 7 
1669919801 10 11 7 8 
1669919803 10 10 9 9 
1669919805 10 9 10 8 
1669919807 9 9 8 10 
1669919809 9 11 11 9 
1669919811 9 10 9 6 
1669919813 10 13 10 12 
1669919815 11 10 12 12 
1669919817 8 23 9 11 
1669919819 8 9 9 11 
1669919821 12 8 9 12 
1669919823 8 10 12 11 
1669919825 9 12 9 11 
1669919827 10 12 12 9 
1669919829 12 10 9 13 
1669919831 8 9 9 8 
1669919833 10 11 8 10 
1669919835 10 13 8 8 
1669919837 11 11 8 10 
1669919839 11 11 11 12 
1669919841 12 10 11 9 
1669919843 8 10 9 10 
1669919845 11 10 10 10 
1669919847 9 10 9 10 
1669919849 8 13 12 11 
1669919851 10 12 9 9 
1669919853 9 10 9 11 
1669919855 10 12 10 12 
1669919857 10 11 8 11 
1669919859 7 11 9 8 
1669919861 9 9 9 9 
1669919863 8 10 11 10 
1669919865 10 10 9 11 
1669919867 8 11 9 10 
1669919869 9 13 9 9 
1669919871 10 10 10 10 
1669919873 9 11 7 10 
1669919875 10 10 8 11 
1669919877 10 11 10 9 
1669919879 10 12 12 9 
1669919881 10 13 8 9 
1669919883 9 11 8 11 
1669919885 10 10 10 11 
1669919887 10 12 10 10 
1669919889 11 10 7 11 
1669919891 10 11 12 10 
1669919893 11 12 11 11 
1669919895 11 11 9 11 
1669919897 9 0 9 10 
1669919899 12 11 9 10 
1669919901 9 11 10 7 
1669919903 9 11 8 9 
1669919905 10 12 10 9 
1669919907 9 9 8 10 
1669919909 7 12 10 9 
1669919911 12 11 10 10 
1669919913 12 10 8 11 
1669919915 9 12 10 9 
1669919917 13 10 10 9 
1669919919 10 10 10 10 
1669919921 11 13 9 10 
1669919923 12 11 10 6 
1669919925 7 10 10 11 
1669919927 8 12 9 7 
1669919929 11 11 9 11 
1669919931 8 10 8 9 
1669919933 10 10 8 9 
1669919935 11 9 10 8 
1669919937 9 10 11 10 
1669919939 9 10 11 8 
1669919941 6 10 9 8 
1669919943 7 9 10 11 
1669919945 10 11 9 11 
1669919947 10 10 10 10 
1669919949 10 8 7 11 
1669919951 10 11 11 8 
1669919953 8 10 9 11 
1669919955 8 10 7 9 
1669919957 10 12 7 11 
1669919959 11 11 9 10 
1669919961 9 11 8 9 
1669919963 9 10 8 10 
1669919965 12 10 9 10 
1669919967 9 12 10 9 
1669919969 8 9 11 9 
1669919971 11 10 7 8 
1669919973 9 10 6 10 
1669919975 10 9 8 10 
1669919977 8 12 10 8 
1669919979 7 13 9 10 
1669919981 8 10 13 11 
1669919983 8 13 10 8 
1669919985 8 11 10 9 
1669919987 9 11 10 10 
1669919989 10 10 9 10 
1669919991 11 11 9 10 
1669919993 9 9 11 10 
1669919995 8 12 8 8 
1669919997 7 9 10 9 
1669919999 11 9 9 11 
1669920001 8 11 9 9 
1669920003 9 10 10 9 
1669920005 8 12 8 9 
1669920007 10 12 8 10 
1669920009 11 9 11 11 
1669920011 10 10 10 11 
1669920013 9 13 10 10 
1669920015 9 8 8 10 
1669920017 10 10 9 10 
1669920019 11 13 10 8 
1669920021 8 11 10 10 
1669920023 10 12 10 10 
1669920025 10 10 9 7 
1669920027 9 11 11 9 
1669920029 11 10 10 10 
1669920031 9 12 6 9 
1669920033 10 9 11 9 
1669920035 11 9 10 8 
1669920037 7 10 13 10 
1669920039 10 9 10 8 
1669920041 9 9 9 9 
1669920043 10 11 10 10 
1669920045 9 12 9 8 
1669920047 8 9 8 10 
1669920049 11 8 12 9 
1669920051 10 12 10 10 
1669920053 9 12 8 9 
1669920055 12 12 9 7 
1669920057 9 9 7 10 
1669920059 7 10 9 9 
1669920061 8 10 9 10 
1669920063 8 12 10 8 
1669920065 11 11 9 12 
1669920067 10 12 9 10 
1669920069 10 10 10 12 
1669920071 9 10 8 9 
1669920073 8 11 8 9 
1669920075 7 9 10 8 
1669920077 7 9 10 7 
1669920079 10 11 12 11 
1669920081 12 14 10 11 
1669920083 10 9 10 9 
1669920085 8 13 11 9 
1669920087 7 11 10 11 
1669920089 8 10 7 10 
1669920091 10 11 9 10 
1669920093 10 10 7 6 
1669920095 6 10 10 8 
1669920097 10 8 11 11 
1669920099 10 12 8 9 
1669920101 9 10 8 10 
1669920103 8 6 11 11 
1669920105 10 11 10 7 
1669920107 8 10 10 10 
1669920109 11 9 9 8 
1669920111 10 12 10 9 
1669920113 9 13 10 9 
1669920115 9 8 9 10 
1669920117 9 10 10 10 
1669920119 11 8 10 10 
1669920121 9 10 8 11 
1669920123 8 11 10 7 
1669920125 8 13 9 11 
1669920127 8 10 8 8 
1669920129 8 11 10 9 
1669920131 7 10 10 12 
1669920133 7 12 9 10 
1669920135 9 8 8 11 
1669920137 9 10 11 10 
1669920139 13 12 8 10 
1669920141 11 13 8 10 
1669920143 10 11 8 9 
1669920145 8 10 12 7 
1669920147 9 9 9 9 
1669920149 7 7 8 9 
1669920151 10 12 10 10 
1669920153 10 9 7 8 
1669920155 9 11 10 10 
1669920157 10 10 9 9 
1669920159 8 10 11 9 
1669920161 9 9 10 11 
1669920163 12 11 7 10 
1669920165 10 10 8 9 
1669920167 9 11 11 6 
1669920169 10 10 7 10 
1669920171 10 9 8 8 
1669920173 10 9 11 12 
1669920175 12 11 7 9 
1669920177 9 9 9 12 
1669920179 8 10 11 10 
1669920181 10 9 9 9 
1669920183 10 11 9 10 
1669920185 8 11 11 11 
1669920187 9 12 10 12 
1669920189 9 10 8 9 
1669920191 8 11 11 10 
1669920193 9 10 9 9 
1669920195 8 9 10 9 
1669920197 11 11 11 11 
1669920199 8 10 9 9 
1669920201 11 10 10 11 
1669920203 11 12 8 8 
1669920205 10 12 9 9 
1669920207 9 10 12 10 
1669920209 7 11 9 10 
1669920211 10 10 7 13 
1669920213 12 10 10 11 
1669920215 7 9 9 9 
1669920217 11 10 9 9 
1669920219 9 12 7 8 
1669920221 9 12 9 9 
1669920223 8 13 9 11 
1669920225 10 11 10 7 
1669920227 11 10 11 9 
1669920229 9 9 9 8 
1669920231 9 10 11 9 
1669920233 12 11 10 8 
1669920235 7 11 9 9 
1669920237 10 10 9 9 
1669920239 11 11 9 11 
1669920241 10 12 9 12 
1669920243 12 8 9 11 
1669920245 10 11 7 9 
1669920247 8 11 10 11 
1669920249 11 8 10 11 
1669920251 9 8 10 10 
1669920253 10 14 9 11 
1669920255 7 10 9 8 
1669920257 6 10 10 9 
1669920259 8 9 10 10 
1669920261 11 9 9 12 
1669920263 10 10 8 8 
1669920265 9 10 5 11 
1669920267 9 11 7 10 
1669920269 9 8 10 10 
1669920271 8 12 8 10 
1669920273 9 10 9 9 
1669920275 8 9 9 10 
1669920277 6 11 8 9 
1669920279 9 13 9 9 
1669920281 8 11 7 11 
1669920283 8 11 10 12 
1669920285 10 10 10 7 
1669920287 11 10 9 9 
1669920289 11 13 10 8 
1669920291 8 11 10 11 
1669920293 8 8 9 10 
1669920295 9 9 10 8 
1669920297 8 10 11 11 
1669920299 8 11 8 11 
1669920301 8 11 10 10 
1669920303 9 9 12 10 
1669920305 7 10 8 12 
1669920307 8 12 10 11 
1669920309 10 9 9 10 
1669920311 7 10 10 9 
1669920313 7 9 7 9 
1669920315 9 11 10 8 
1669920317 6 9 12 12 
1669920319 9 10 7 9 
1669920321 8 8 8 10 
1669920323 10 11 9 8 
1669920325 10 9 7 10 
1669920327 9 11 7 10 
1669920329 8 10 9 9 
1669920331 7 11 10 10 
1669920333 10 10 11 8 
1669920335 10 10 9 10 
1669920337 11 11 8 7 
1669920339 11 12 8 13 
1669920341 7 11 10 8 
1669920343 8 9 8 12 
1669920345 11 13 9 7 
1669920347 9 12 9 12 
1669920349 11 12 11 10 
1669920351 9 9 8 7 
1669920353 10 12 12 11 
1669920355 9 11 12 10 
1669920357 9 11 10 8 
1669920359 10 13 9 9 
1669920361 9 10 7 6 
1669920363 10 12 11 9 
1669920365 9 8 10 10 
1669920367 11 10 9 11 
1669920369 12 8 10 9 
1669920371 10 9 10 9 
1669920373 9 10 10 10 
1669920375 10 11 11 8 
1669920377 8 12 10 8 
1669920379 10 10 10 7 
1669920381 10 10 8 9 
1669920383 10 8 9 13 
1669920385 9 11 11 10 
1669920387 6 8 9 7 
1669920389 9 10 7 8 
1669920391 10 11 9 8 
1669920393 10 13 11 12 
1669920395 10 16 11 10 
1669920397 10 11 10 10 
1669920399 10 10 9 11 
1669920401 8 13 10 10 
1669920403 10 11 9 8 
1669920405 10 13 10 9 
1669920407 7 9 11 10 
1669920409 8 12 11 10 
1669920411 8 11 9 13 
1669920413 9 12 9 10 
1669920415 10 7 8 10 
1669920417 8 11 7 10 
1669920419 10 10 12 8 
1669920421 11 12 10 11 
1669920423 10 10 9 10 
1669920425 10 10 11 8 
1669920427 10 12 7 11 
1669920429 10 11 8 10 
1669920431 10 9 11 11 
1669920433 8 12 10 7 
1669920435 9 9 10 9 
1669920437 9 13 8 8 
1669920439 9 10 10 8 
1669920441 8 9 7 10 
1669920443 5 11 12 11 
1669920445 11 12 9 10 
1669920447 10 10 10 10 
1669920449 8 10 10 11 
1669920451 9 9 9 8 
1669920453 9 10 9 9 
1669920455 9 10 9 12 
1669920457 12 11 10 10 
1669920459 9 9 10 10 
1669920461 8 10 8 7 
1669920463 10 9 11 11 
1669920465 9 0 9 9 
1669920467 9 11 8 11 
1669920469 9 9 8 8 
1669920471 9 10 9 8 
1669920473 9 0 9 9 
1669920475 9 13 10 10 
1669920477 10 25 9 11 
1669920479 11 11 8 9 
1669920481 9 10 9 11 
1669920483 11 13 8 12 
1669920485 10 12 8 10 
1669920487 8 12 10 9 
1669920489 9 12 10 9 
1669920491 9 9 8 11 
1669920493 8 10 10 10 
1669920495 11 11 10 10 
1669920497 9 8 10 8 
1669920499 11 10 10 9 
1669920501 8 9 9 10 
1669920503 10 11 8 10 
1669920505 10 13 7 10 
1669920507 8 9 8 10 
1669920509 9 9 9 9 
1669920511 8 13 10 10 
1669920513 7 12 7 6 
1669920515 8 11 11 7 
1669920517 9 9 11 11 
1669920519 10 13 11 7 
1669920521 9 11 9 7 
1669920523 8 11 9 5 
1669920525 9 11 9 7 
1669920527 9 12 10 9 
1669920529 6 8 8 9 
1669920531 8 12 10 11 
1669920533 9 7 11 9 
1669920535 8 10 9 12 
1669920537 9 10 7 10 
1669920539 8 10 11 10 
1669920541 10 10 9 9 
1669920543 9 10 9 10 
1669920545 7 13 9 9 
1669920547 9 9 11 11 
1669920549 9 10 9 8 
1669920551 8 9 12 11 
1669920553 10 9 9 9 
1669920555 9 10 7 9 
1669920557 8 11 9 11 
1669920559 10 9 11 10 
1669920561 8 2 0 21 
1669920564 6 3 15 0 
1669920566 11 10 9 12 
1669920568 15 8 13 8 
1669920570 10 7 8 12 
1669920572 8 9 10 10 
1669920574 10 10 7 9 
1669920576 9 8 10 11 
1669920578 8 10 10 8 
1669920580 9 10 7 9 
1669920582 8 11 9 10 
1669920584 10 13 10 10 
1669920586 11 11 10 10 
1669920588 7 12 8 8 
1669920590 10 11 10 11 
1669920592 8 0 9 10 
1669920594 11 12 9 7 
1669920596 9 12 7 11 
1669920598 10 12 11 8 
1669920600 9 8 10 11 
1669920602 8 11 9 11 
1669920604 11 10 9 11 
1669920606 8 12 8 11 
1669920608 8 10 10 11 
1669920610 10 11 8 11 
1669920612 10 11 11 7 
1669920614 12 9 11 10 
1669920616 8 9 10 8 
1669920618 9 0 13 8 
1669920620 4 21 14 10 
1669920622 15 7 11 8 
1669920624 9 11 10 7 
1669920626 12 12 8 8 
1669920628 9 12 9 9 
1669920630 7 12 9 9 
1669920632 8 11 9 9 
1669920634 8 12 8 8 
1669920636 10 11 8 11 
1669920638 6 10 10 9 
1669920640 11 11 9 10 
1669920642 9 12 9 10 
1669920644 11 13 9 10 
1669920646 7 9 10 10 
1669920648 6 12 11 9 
1669920650 8 12 9 9 
1669920652 10 11 8 10 
1669920654 10 10 9 11 
1669920656 8 10 10 10 
1669920658 8 10 10 7 
1669920660 8 11 5 8 
1669920662 10 11 7 10 
1669920664 8 12 9 10 
1669920666 10 11 12 9 
1669920668 10 12 7 10 
1669920670 11 10 7 9 
1669920672 11 11 8 9 
1669920674 9 9 9 10 
1669920676 10 10 9 9 
1669920678 9 10 7 9 
1669920680 8 11 9 10 
1669920682 8 11 11 10 
1669920684 13 10 7 11 
1669920686 6 9 8 9 
1669920688 9 13 7 9 
1669920690 8 10 9 9 
1669920692 9 8 11 10 
1669920694 6 11 10 9 
1669920696 9 8 9 12 
1669920698 11 7 7 8 
1669920700 9 9 9 9 
1669920702 9 9 11 10 
1669920704 11 12 7 9 
1669920706 11 8 8 8 
1669920708 10 13 8 8 
1669920710 11 10 9 10 
1669920712 8 8 10 11 
1669920714 11 12 9 14 
1669920716 10 11 10 16 
1669920718 13 12 12 12 
1669920720 8 12 11 11 
1669920722 9 12 8 9 
1669920724 8 10 10 10 
1669920726 8 0 10 9 
1669920728 9 7 6 11 
1669920730 11 12 11 11 
1669920732 10 11 8 8 
1669920734 9 11 11 11 
1669920736 10 12 11 11 
1669920738 11 10 10 9 
1669920740 10 7 9 8 
1669920742 7 10 7 8 
1669920744 10 10 10 11 
1669920746 11 13 11 12 
1669920748 12 12 13 11 
1669920750 12 10 8 11 
1669920752 7 11 10 12 
1669920754 8 10 11 8 
1669920756 9 11 8 9 
1669920758 9 10 8 8 
1669920760 8 10 9 10 
1669920762 11 10 9 13 
1669920764 10 10 10 10 
1669920766 9 8 11 13 
1669920768 10 12 11 9 
1669920770 9 11 9 10 
1669920772 9 10 9 9 
1669920774 8 9 9 11 
1669920776 8 11 11 10 
1669920778 11 10 9 11 
1669920780 13 13 13 9 
1669920782 9 12 10 11 
1669920784 8 11 11 10 
1669920786 9 9 9 11 
1669920788 8 12 8 10 
1669920790 7 12 8 9 
1669920792 10 11 12 8 
1669920794 10 10 10 11 
1669920796 11 10 10 10 
1669920798 11 11 9 10 
1669920800 10 12 12 11 
1669920802 10 10 11 9 
1669920804 9 10 12 9 
1669920806 8 12 10 11 
1669920808 9 11 8 10 
1669920810 11 12 11 11 
1669920812 9 12 8 10 
1669920814 9 7 11 11 
1669920816 13 9 10 12 
1669920818 9 11 10 12 
1669920820 9 8 11 10 
1669920822 11 11 11 9 
1669920824 8 12 11 9 
1669920826 9 10 12 11 
1669920828 10 10 11 12 
1669920830 12 14 10 11 
1669920832 10 9 11 13 
1669920834 10 10 7 8 
1669920836 9 10 9 11 
1669920838 10 8 11 10 
1669920840 9 9 8 11 
1669920842 10 13 8 12 
1669920844 10 12 12 10 
1669920846 12 12 12 12 
1669920848 10 12 11 12 
1669920850 10 7 11 9 
1669920852 8 9 11 9 
1669920854 10 12 9 10 
1669920856 7 8 9 10 
1669920858 13 11 10 14 
1669920860 12 12 9 10 
1669920862 12 11 11 10 
1669920864 10 12 13 12 
1669920866 8 9 8 11 
1669920868 7 11 11 10 
1669920870 6 10 10 11 
1669920872 9 5 10 10 
1669920874 10 12 10 11 
1669920876 10 13 10 12 
1669920878 14 13 11 11 
1669920880 11 10 8 12 
1669920882 9 12 9 8 
1669920884 8 9 7 9 
1669920886 11 10 9 10 
1669920888 8 11 9 11 
1669920890 13 12 12 15 
1669920892 12 13 13 12 
1669920894 12 12 12 12 
1669920896 10 10 9 14 
1669920898 8 10 10 9 
1669920900 8 10 10 11 
1669920902 10 11 8 11 
1669920904 9 11 9 10 
1669920906 8 12 13 12 
1669920908 11 13 13 13 
1669920910 10 12 9 13 
1669920912 11 8 11 11 
1669920914 8 10 9 10 
1669920916 10 10 8 10 
1669920918 9 10 10 11 
1669920920 9 9 10 8 
1669920922 9 11 11 10 
1669920924 9 14 13 11 
1669920926 11 12 11 10 
1669920928 12 11 10 13 
1669920930 11 10 11 12 
1669920932 11 10 9 9 
1669920934 8 9 10 11 
1669920936 10 10 10 10 
1669920938 10 7 11 12 
1669920940 9 9 11 10 
1669920942 10 9 10 13 
1669920944 11 12 10 10 
1669920946 8 11 9 11 
1669920948 9 11 11 10 
1669920950 10 8 9 11 
1669920952 10 9 9 10 
1669920954 11 9 10 11 
1669920956 15 9 11 10 
1669920958 10 12 11 11 
1669920960 10 12 11 14 
1669920962 7 11 8 9 
1669920964 10 9 10 12 
1669920966 7 12 9 12 
1669920968 9 10 15 8 
1669920970 8 12 11 14 
1669920972 9 11 10 14 
1669920974 12 11 12 12 
1669920976 11 12 8 10 
1669920978 9 12 10 11 
1669920980 10 9 9 11 
1669920982 8 12 11 9 
1669920984 9 9 9 9 
1669920986 9 10 10 12 
1669920988 8 13 11 11 
1669920990 7 9 9 11 
1669920992 11 13 10 10 
1669920994 10 10 12 10 
1669920996 5 11 11 14 
1669920998 9 10 8 12 
1669921000 8 12 12 11 
1669921002 12 8 13 12 
1669921004 11 10 9 10 
1669921006 10 11 10 12 
1669921008 10 11 12 10 
1669921010 11 10 7 12 
1669921012 13 14 10 13 
1669921014 10 8 8 15 
1669921016 10 10 8 11 
1669921018 13 9 9 10 
1669921020 11 10 9 8 
1669921022 13 9 7 11 
1669921024 11 12 8 11 
1669921026 9 12 10 12 
1669921028 10 9 9 9 
1669921030 7 8 8 9 
1669921032 10 10 9 9 
1669921034 11 13 8 11 
1669921036 7 10 9 8 
1669921038 9 13 12 11 
1669921040 8 11 9 8 
1669921042 12 14 9 9 
1669921044 10 13 9 15 
1669921046 9 13 10 9 
1669921048 8 10 11 10 
1669921050 8 14 10 9 
1669921052 11 11 9 11 
1669921054 9 12 8 11 
1669921056 12 11 12 12 
1669921058 9 11 9 11 
1669921060 9 11 11 13 
1669921062 8 9 11 10 
1669921064 10 12 9 10 
1669921066 11 44 10 13 
1669921068 10 9 9 13 
1669921070 10 13 11 9 
1669921072 13 11 11 12 
1669921074 9 10 9 10 
1669921076 11 11 9 13 
1669921078 13 12 10 11 
1669921080 11 11 11 9 
1669921082 11 12 12 9 
1669921084 11 11 10 11 
1669921086 10 12 13 13 
1669921088 9 8 11 10 
1669921090 11 13 8 10 
1669921092 9 13 8 11 
1669921094 12 12 12 10 
1669921096 10 7 9 10 
1669921098 8 11 11 9 
1669921100 8 13 11 9 
1669921102 8 10 8 9 
1669921104 10 8 9 12 
1669921106 12 12 12 9 
1669921108 10 7 9 9 
1669921110 11 11 11 12 
1669921112 9 11 10 13 
1669921114 8 11 9 11 
1669921116 10 11 9 12 
1669921118 7 11 7 8 
1669921120 10 9 9 11 
1669921122 12 9 7 11 
1669921124 8 9 12 10 
1669921126 11 8 11 13 
1669921128 10 9 10 14 
1669921130 8 13 5 10 
1669921132 10 9 12 12 
1669921134 12 8 8 13 
1669921136 10 12 11 10 
1669921138 9 10 10 10 
1669921140 10 12 10 10 
1669921142 10 8 10 11 
1669921144 10 9 9 10 
1669921146 13 11 13 9 
1669921148 10 8 8 10 
1669921150 13 9 10 9 
1669921152 10 9 10 12 
1669921154 11 12 9 12 
1669921156 10 12 10 9 
1669921158 9 13 10 12 
1669921160 11 11 9 11 
1669921162 12 12 8 11 
1669921164 9 11 9 10 
1669921166 11 11 11 11 
1669921168 13 9 10 10 
1669921170 8 10 9 11 
1669921172 11 10 9 9 
1669921174 12 11 8 11 
1669921176 9 11 8 10 
1669921178 8 13 11 11 
1669921180 8 15 9 10 
1669921182 11 13 12 11 
1669921184 9 9 10 12 
1669921186 10 9 11 10 
1669921188 10 10 9 10 
1669921190 10 8 8 9 
1669921192 11 11 12 11 
1669921194 10 12 12 14 
1669921196 11 9 13 9 
1669921198 9 10 11 9 
