1669921202 10 12 9 9 
1669921205 8 10 12 12 
1669921207 10 9 11 9 
1669921209 10 11 13 9 
1669921211 10 9 10 12 
1669921213 10 8 11 9 
1669921215 10 11 13 13 
1669921217 11 9 11 10 
1669921219 10 13 11 7 
1669921221 9 10 10 11 
1669921223 10 11 10 8 
1669921225 10 11 11 9 
1669921227 9 9 10 9 
1669921229 9 10 10 11 
1669921231 11 11 8 11 
1669921233 9 11 10 10 
1669921235 8 10 8 14 
1669921237 10 10 9 13 
1669921239 14 8 11 11 
1669921241 11 10 11 13 
1669921243 11 10 12 14 
1669921245 12 11 10 12 
1669921247 10 10 10 12 
1669921249 14 6 8 12 
1669921251 10 12 11 13 
1669921253 13 13 11 9 
1669921255 12 12 7 11 
1669921257 10 8 11 11 
1669921259 11 10 10 9 
1669921261 13 10 7 10 
1669921263 14 11 8 9 
1669921265 7 11 9 11 
1669921267 9 9 10 10 
1669921269 13 9 10 10 
1669921271 11 9 12 13 
1669921273 10 12 12 7 
1669921275 9 13 9 15 
1669921277 11 9 11 8 
1669921279 8 13 9 8 
1669921281 10 12 9 11 
1669921283 10 13 8 11 
1669921285 6 12 10 12 
1669921287 9 9 12 10 
1669921289 10 0 9 10 
1669921291 10 13 12 13 
1669921293 8 11 10 10 
1669921295 8 12 9 8 
1669921297 10 9 10 13 
1669921299 10 14 10 9 
1669921301 9 8 10 11 
1669921303 12 8 12 10 
1669921305 12 8 9 13 
1669921307 9 10 12 10 
1669921309 9 9 12 11 
1669921311 8 12 10 11 
1669921313 9 11 11 12 
1669921315 10 10 12 10 
1669921317 9 6 11 10 
1669921319 9 13 11 12 
1669921321 10 13 11 12 
1669921323 9 13 8 9 
1669921325 8 10 11 10 
1669921327 8 10 9 9 
1669921329 10 10 11 11 
1669921331 8 10 13 9 
1669921333 10 10 9 11 
1669921335 11 11 11 10 
1669921337 9 12 12 12 
1669921339 11 13 8 9 
1669921341 7 11 10 10 
1669921343 11 10 7 11 
1669921345 10 10 12 8 
1669921347 10 9 12 11 
1669921349 8 9 10 13 
1669921351 10 9 9 8 
1669921353 12 9 11 13 
1669921355 11 11 7 9 
1669921357 12 9 11 12 
1669921359 12 11 10 13 
1669921361 9 11 9 14 
1669921363 9 9 9 11 
1669921365 10 11 9 13 
1669921367 11 10 10 11 
1669921369 13 7 9 12 
1669921371 12 12 10 8 
1669921373 12 9 9 11 
1669921375 13 8 9 11 
1669921377 10 13 10 10 
1669921379 8 8 12 11 
1669921381 10 7 8 11 
1669921383 9 15 11 11 
1669921385 9 10 11 13 
1669921387 8 10 10 9 
1669921389 11 12 10 8 
1669921391 8 11 11 14 
1669921393 12 11 8 10 
1669921395 10 12 9 10 
1669921397 11 11 11 9 
1669921399 10 11 12 10 
1669921401 7 11 11 9 
1669921403 11 12 7 11 
1669921405 10 14 9 12 
1669921407 9 78 12 10 
1669921409 11 12 12 11 
1669921411 9 6 10 10 
1669921413 8 10 10 11 
1669921415 11 12 13 11 
1669921417 8 10 10 8 
1669921419 11 11 13 10 
1669921421 10 10 9 11 
1669921423 11 9 12 11 
1669921425 10 9 11 11 
1669921427 11 12 11 11 
1669921429 8 11 11 10 
1669921431 8 11 11 8 
1669921433 10 14 11 8 
1669921435 9 10 12 10 
1669921437 8 13 12 9 
1669921439 7 12 11 8 
1669921441 7 12 10 11 
1669921443 8 10 12 12 
1669921445 9 12 12 11 
1669921447 9 9 9 5 
1669921449 7 9 10 9 
1669921451 8 46 11 11 
1669921453 8 11 5 11 
1669921455 7 9 9 11 
1669921457 9 11 10 10 
1669921459 13 10 8 12 
1669921461 12 9 10 9 
1669921463 10 11 6 9 
1669921465 12 12 7 12 
1669921467 11 9 9 13 
1669921469 10 12 8 12 
1669921471 12 6 12 15 
1669921473 9 12 11 12 
1669921475 9 10 11 12 
1669921477 10 9 7 12 
1669921479 10 12 11 12 
1669921481 10 7 9 9 
1669921483 11 8 9 10 
1669921485 11 9 9 7 
1669921487 12 11 10 10 
1669921489 9 8 7 10 
1669921491 11 9 9 9 
1669921493 10 12 9 12 
1669921495 9 13 9 12 
1669921497 10 10 10 14 
1669921499 7 11 10 12 
1669921501 13 12 10 10 
1669921503 9 10 7 6 
1669921505 11 77 8 9 
1669921507 11 12 11 11 
1669921509 9 13 9 9 
1669921511 12 11 8 11 
1669921513 10 13 10 8 
1669921515 10 12 8 10 
1669921517 11 14 10 10 
1669921519 10 9 10 9 
1669921521 11 9 9 12 
1669921523 13 12 7 12 
1669921525 9 12 10 12 
1669921527 10 11 11 9 
1669921529 10 12 10 11 
1669921531 11 11 10 8 
1669921533 11 10 8 11 
1669921535 10 11 13 13 
1669921537 8 12 13 10 
1669921539 10 9 13 7 
1669921541 9 10 14 10 
1669921543 10 12 11 9 
1669921545 10 11 11 11 
1669921547 7 10 13 10 
1669921549 11 10 10 9 
1669921551 8 9 10 10 
1669921553 9 12 7 11 
1669921555 7 10 9 9 
1669921557 11 12 10 12 
1669921559 10 7 10 9 
1669921561 9 10 8 13 
1669921563 12 10 8 9 
1669921565 11 12 8 11 
1669921567 10 9 9 10 
1669921569 8 11 8 14 
1669921571 8 9 8 12 
1669921573 11 10 11 12 
1669921575 12 11 8 12 
1669921577 10 10 11 13 
1669921579 11 10 14 10 
1669921581 10 11 8 10 
1669921583 9 11 7 9 
1669921585 10 10 8 13 
1669921587 9 12 11 13 
1669921589 13 8 9 13 
1669921591 10 10 10 13 
1669921593 12 7 10 11 
1669921595 12 11 11 10 
1669921597 11 11 12 10 
1669921599 9 10 6 8 
1669921601 10 12 9 10 
1669921603 7 10 7 12 
1669921605 10 12 9 14 
1669921607 10 11 9 12 
1669921609 11 11 10 12 
1669921611 6 11 12 12 
1669921613 10 12 8 11 
1669921615 10 10 9 11 
1669921617 10 13 10 7 
1669921619 11 11 5 11 
1669921621 11 12 10 9 
1669921623 9 12 10 7 
1669921625 9 14 9 12 
1669921627 8 13 13 11 
1669921629 9 9 9 9 
1669921631 11 9 11 11 
1669921633 9 9 10 9 
1669921635 9 11 10 9 
1669921637 10 10 8 9 
1669921639 9 11 13 10 
1669921641 8 10 9 9 
1669921643 10 9 9 9 
1669921645 10 11 8 11 
1669921647 10 11 12 9 
1669921649 10 9 10 10 
1669921651 11 12 13 8 
1669921653 8 12 9 9 
1669921655 12 13 7 9 
1669921657 10 14 11 12 
1669921659 9 11 10 12 
1669921661 10 12 13 12 
1669921663 9 12 10 10 
1669921665 9 12 11 10 
1669921667 9 12 13 7 
1669921669 9 9 10 8 
1669921671 9 10 8 12 
1669921673 9 10 8 10 
1669921675 9 12 9 10 
1669921677 10 11 9 9 
1669921679 8 11 9 10 
1669921681 6 9 11 10 
1669921683 10 12 12 13 
1669921685 11 8 10 13 
1669921687 9 8 11 10 
1669921689 13 11 9 12 
1669921691 10 10 11 14 
1669921693 12 11 10 10 
1669921695 9 10 9 11 
1669921697 14 14 8 13 
1669921699 13 11 10 10 
1669921701 13 10 9 10 
1669921703 11 10 9 10 
1669921705 12 8 8 9 
1669921707 10 9 12 10 
1669921709 12 10 9 10 
1669921711 10 11 12 8 
1669921713 8 9 9 9 
1669921715 9 10 9 9 
1669921717 8 11 8 6 
1669921719 9 10 8 11 
1669921721 8 8 8 11 
1669921723 10 12 11 11 
1669921725 8 13 10 8 
1669921727 12 11 12 10 
1669921729 11 11 9 8 
1669921731 7 13 13 12 
1669921733 9 12 12 9 
1669921735 9 11 10 10 
1669921737 10 12 9 11 
1669921739 7 11 9 9 
1669921741 13 13 10 10 
1669921743 9 11 12 11 
1669921745 10 8 10 10 
1669921747 10 11 10 9 
1669921749 13 11 9 10 
1669921751 11 10 11 9 
1669921753 10 12 9 9 
1669921755 9 10 9 11 
1669921757 11 12 11 12 
1669921759 10 12 11 11 
1669921761 11 9 12 12 
1669921763 8 9 10 10 
1669921765 11 11 12 10 
1669921767 10 13 9 8 
1669921769 10 10 13 10 
1669921771 11 11 9 9 
1669921773 10 11 10 11 
1669921775 8 13 12 10 
1669921777 7 10 13 10 
1669921779 9 14 9 8 
1669921781 7 12 10 15 
1669921783 8 14 13 12 
1669921785 10 7 6 9 
1669921787 8 10 9 8 
1669921789 8 45 9 13 
1669921791 12 8 10 10 
1669921793 13 8 9 12 
1669921795 10 12 10 15 
1669921797 9 11 10 13 
1669921799 9 10 9 9 
1669921801 11 9 13 10 
1669921803 12 9 9 13 
1669921805 11 12 10 13 
1669921807 11 15 10 13 
1669921809 10 10 8 9 
1669921811 12 10 8 12 
1669921813 12 0 12 10 
1669921815 9 8 11 9 
1669921817 10 12 10 9 
1669921819 11 9 11 13 
1669921821 10 13 10 8 
1669921823 12 10 8 12 
1669921825 11 9 8 10 
1669921827 12 9 9 11 
1669921829 11 11 8 11 
1669921831 10 11 11 10 
1669921833 10 11 11 12 
1669921835 9 12 10 10 
1669921837 12 13 12 11 
1669921839 9 13 10 10 
1669921841 12 15 9 11 
1669921843 11 11 10 11 
1669921845 9 12 8 11 
1669921847 11 11 10 9 
1669921849 11 13 7 12 
1669921851 9 14 10 8 
1669921853 11 10 9 10 
1669921855 9 13 10 10 
1669921857 12 10 10 9 
1669921859 8 12 9 12 
1669921861 10 10 9 11 
1669921863 11 9 9 10 
1669921865 10 10 11 9 
1669921867 9 9 10 9 
1669921869 8 8 10 10 
1669921871 10 6 10 10 
1669921873 11 10 9 10 
1669921875 10 10 11 10 
1669921877 9 11 10 11 
1669921879 13 11 14 9 
1669921881 10 12 8 10 
1669921883 11 8 10 10 
1669921885 11 12 9 11 
1669921887 6 10 13 10 
1669921889 12 11 10 11 
1669921891 9 9 10 13 
1669921893 9 8 9 13 
1669921895 8 13 11 10 
1669921897 10 9 11 9 
1669921899 9 14 8 8 
1669921901 9 10 10 10 
1669921903 6 15 10 11 
1669921905 10 11 13 8 
1669921907 7 11 11 9 
1669921909 9 10 9 12 
1669921911 9 12 9 9 
1669921913 13 11 9 13 
1669921915 9 12 12 10 
1669921917 8 10 11 11 
1669921919 9 8 11 11 
1669921921 11 10 10 11 
1669921923 11 12 9 13 
1669921925 12 10 10 12 
1669921927 9 8 10 12 
1669921929 10 12 12 10 
1669921931 10 11 11 9 
1669921933 9 11 11 13 
1669921935 14 12 9 10 
1669921937 7 10 11 8 
1669921939 7 8 8 10 
1669921941 8 9 12 12 
1669921943 13 11 10 8 
1669921945 10 11 12 8 
1669921947 9 9 8 11 
1669921949 10 12 11 13 
1669921951 9 11 10 10 
1669921953 7 12 8 12 
1669921955 8 77 7 9 
1669921957 10 16 9 11 
1669921959 10 10 9 11 
1669921961 12 13 9 12 
1669921963 10 13 8 10 
1669921965 11 14 9 11 
1669921967 10 12 9 13 
1669921969 9 13 11 10 
1669921971 11 12 11 11 
1669921973 7 12 11 7 
1669921975 9 11 12 11 
1669921977 12 9 10 11 
1669921979 9 13 6 14 
1669921981 9 8 10 12 
1669921983 11 13 10 12 
1669921985 10 12 8 11 
1669921987 12 10 10 10 
1669921989 9 10 9 9 
1669921991 11 11 10 12 
1669921993 9 8 12 10 
1669921995 9 12 8 11 
1669921997 13 11 10 12 
1669921999 11 11 10 12 
1669922001 12 11 9 8 
1669922003 5 11 12 13 
1669922005 9 13 10 9 
1669922007 10 10 12 9 
1669922009 10 10 10 11 
1669922011 9 9 11 9 
1669922013 8 9 10 11 
1669922015 8 10 7 12 
1669922017 9 7 8 10 
1669922019 10 9 8 13 
1669922021 10 9 7 9 
1669922023 10 10 9 9 
1669922025 8 10 11 11 
1669922027 8 9 11 12 
1669922029 11 10 8 12 
1669922031 13 12 11 13 
1669922033 12 11 7 13 
1669922035 13 11 9 11 
1669922037 12 10 11 13 
1669922039 11 9 9 12 
1669922041 10 11 9 13 
1669922043 11 11 8 12 
1669922045 9 9 9 13 
1669922047 13 11 12 14 
1669922049 10 10 10 11 
1669922051 12 12 9 10 
1669922053 14 13 11 12 
1669922055 11 9 8 12 
1669922057 9 14 9 10 
1669922059 9 10 10 9 
1669922061 12 8 12 9 
1669922063 11 12 7 11 
1669922065 9 11 11 10 
1669922067 10 12 9 9 
1669922069 11 10 9 15 
1669922071 10 12 10 11 
1669922073 11 12 8 10 
1669922075 8 11 9 10 
1669922077 14 14 9 10 
1669922079 8 10 11 12 
1669922081 10 10 9 11 
1669922083 11 14 9 12 
1669922085 10 13 7 12 
1669922087 12 13 11 9 
1669922089 11 12 10 8 
1669922091 11 11 10 11 
1669922093 9 13 8 10 
1669922095 10 12 11 10 
1669922097 11 11 9 9 
1669922099 9 9 8 10 
1669922101 11 10 10 11 
1669922103 10 10 10 11 
1669922105 9 8 9 11 
1669922107 9 11 10 12 
1669922109 12 10 11 13 
1669922111 10 11 10 10 
1669922113 7 10 11 12 
1669922115 11 10 11 10 
1669922117 10 8 9 9 
1669922119 8 12 11 10 
1669922121 7 11 12 10 
1669922123 9 9 12 11 
1669922125 9 10 11 13 
1669922127 7 11 12 9 
1669922129 7 12 11 9 
1669922131 11 10 12 12 
1669922133 9 12 9 11 
1669922135 10 8 11 8 
1669922137 10 10 9 12 
1669922139 9 10 12 14 
1669922141 11 9 9 11 
1669922143 7 10 10 9 
1669922145 10 11 11 13 
1669922147 6 12 10 13 
1669922149 14 12 7 11 
1669922151 10 9 7 12 
1669922153 11 9 12 10 
1669922155 12 9 8 13 
1669922157 14 10 10 12 
1669922159 10 10 10 10 
1669922161 10 9 11 10 
1669922163 12 10 11 14 
1669922165 10 10 10 11 
1669922167 11 10 8 10 
1669922169 10 11 10 10 
1669922171 13 8 8 11 
1669922173 9 13 10 8 
1669922175 13 11 8 10 
1669922177 11 8 10 10 
1669922179 10 8 9 10 
1669922181 11 12 10 10 
1669922183 8 12 12 10 
1669922185 12 13 8 11 
1669922187 10 10 9 11 
1669922189 12 12 8 11 
1669922191 10 14 8 12 
1669922193 13 14 12 12 
1669922195 12 11 9 11 
1669922197 10 12 11 11 
1669922199 10 13 7 11 
1669922201 11 12 11 11 
1669922203 9 12 9 9 
1669922205 11 13 10 9 
1669922207 10 14 9 11 
1669922209 10 13 11 13 
1669922211 10 12 7 11 
1669922213 10 9 8 9 
1669922215 11 9 11 9 
1669922217 8 7 12 11 
1669922219 9 9 11 13 
1669922221 10 13 8 12 
1669922223 8 13 9 11 
1669922225 10 12 12 8 
1669922227 10 8 11 11 
1669922229 10 9 11 12 
1669922231 9 9 12 10 
1669922233 11 9 15 10 
1669922235 10 11 8 9 
1669922237 8 13 8 12 
1669922239 11 10 11 10 
1669922241 9 13 11 9 
1669922243 9 9 12 12 
1669922245 7 9 10 7 
1669922247 8 13 11 8 
1669922249 8 8 10 9 
1669922251 10 13 7 11 
1669922253 10 8 9 11 
1669922255 9 10 7 12 
1669922257 10 6 10 13 
1669922259 8 11 11 11 
1669922261 12 8 10 9 
1669922263 9 10 10 11 
1669922265 6 11 9 9 
1669922267 13 8 11 14 
1669922269 11 9 11 11 
1669922271 6 9 9 10 
1669922273 9 11 13 13 
1669922275 10 9 10 10 
1669922277 9 10 10 11 
1669922279 11 11 11 12 
1669922281 8 9 10 10 
1669922283 10 13 11 13 
1669922285 12 9 10 12 
1669922287 10 10 10 13 
1669922289 11 9 7 11 
1669922291 12 41 8 9 
1669922293 15 45 9 10 
1669922295 11 10 8 10 
1669922297 10 12 10 9 
1669922299 10 11 9 9 
1669922301 12 8 9 13 
1669922303 10 7 9 11 
1669922305 9 10 10 12 
1669922307 10 9 9 12 
1669922309 9 11 8 8 
1669922311 10 10 8 13 
1669922313 9 13 8 11 
1669922315 11 15 10 11 
1669922317 8 10 8 10 
1669922319 13 13 9 11 
1669922321 10 13 8 9 
1669922323 9 12 9 10 
1669922325 10 15 11 9 
1669922327 9 13 10 10 
1669922329 11 11 10 11 
1669922331 9 12 9 8 
1669922333 8 10 10 9 
1669922335 8 9 10 9 
1669922337 9 11 9 10 
1669922339 10 9 6 10 
1669922341 7 10 11 10 
1669922343 10 14 10 9 
1669922345 11 11 10 12 
1669922347 8 12 9 9 
1669922349 10 11 11 10 
1669922351 10 11 10 11 
1669922353 8 12 12 10 
1669922355 11 12 11 9 
1669922357 10 9 10 10 
1669922359 9 8 10 8 
1669922361 12 13 10 9 
1669922363 10 11 10 9 
1669922365 10 10 13 9 
1669922367 7 9 12 10 
1669922369 7 10 12 9 
1669922371 8 10 13 10 
1669922373 11 9 7 11 
1669922375 8 9 13 12 
1669922377 8 12 10 10 
1669922379 11 10 10 10 
1669922381 10 8 10 11 
1669922383 8 10 9 11 
1669922385 10 12 7 10 
1669922387 9 14 10 10 
1669922389 9 11 14 12 
1669922391 7 12 8 14 
1669922393 11 10 9 11 
1669922395 15 9 13 10 
1669922397 10 11 12 12 
1669922399 11 12 10 9 
1669922401 12 9 13 15 
1669922403 12 11 9 12 
1669922405 9 13 8 12 
1669922407 10 79 10 11 
1669922409 11 12 12 9 
1669922411 10 11 11 9 
1669922413 10 10 10 11 
1669922415 12 10 9 10 
1669922417 12 12 6 11 
1669922419 8 8 9 10 
1669922421 10 12 8 9 
1669922423 9 13 12 9 
1669922425 11 13 9 11 
1669922427 10 10 14 12 
1669922429 11 11 10 12 
1669922431 11 14 10 11 
1669922433 10 9 9 11 
1669922435 7 11 7 10 
1669922437 10 12 12 9 
1669922439 7 10 7 11 
1669922441 10 10 9 7 
1669922443 8 10 11 10 
1669922445 8 10 15 9 
1669922447 8 10 10 11 
1669922449 10 11 11 11 
1669922451 8 9 11 13 
1669922453 8 12 9 8 
1669922455 7 9 10 8 
1669922457 8 9 7 10 
1669922459 8 9 10 9 
1669922461 9 10 11 10 
1669922463 8 12 12 11 
1669922465 9 10 10 11 
1669922467 9 11 9 8 
1669922469 10 10 8 7 
1669922471 9 22 8 10 
1669922473 10 11 11 10 
1669922475 7 9 11 10 
1669922477 9 12 12 11 
1669922479 10 11 7 10 
1669922481 8 12 9 8 
1669922483 6 11 11 10 
1669922485 9 11 8 11 
1669922487 7 9 7 10 
1669922489 11 9 8 8 
1669922491 11 12 10 9 
1669922493 9 12 9 8 
1669922495 7 11 10 7 
1669922497 11 12 8 11 
1669922499 10 14 8 10 
1669922501 9 10 9 5 
1669922503 7 10 9 9 
1669922505 7 9 8 10 
1669922507 7 9 10 10 
1669922509 9 10 13 6 
1669922511 9 11 9 10 
1669922513 9 11 8 9 
1669922515 9 11 9 9 
1669922517 9 9 9 9 
1669922519 9 10 6 11 
1669922521 11 12 10 10 
1669922523 9 11 8 8 
1669922525 9 11 9 12 
1669922527 8 13 9 8 
1669922529 9 10 11 8 
1669922531 8 11 8 9 
1669922533 10 9 8 6 
1669922535 11 9 10 10 
1669922537 10 11 9 8 
1669922539 7 9 9 11 
1669922541 11 9 7 10 
1669922543 9 10 11 8 
1669922545 8 10 10 10 
1669922547 10 11 7 8 
1669922549 10 9 10 10 
1669922551 8 11 6 10 
1669922553 9 13 8 10 
1669922555 9 11 11 9 
1669922557 9 14 10 10 
1669922559 8 11 9 11 
1669922561 10 12 10 10 
1669922563 8 79 8 10 
1669922565 9 8 10 10 
1669922567 10 10 9 11 
1669922569 9 11 9 10 
1669922571 8 13 10 11 
1669922573 12 11 10 9 
1669922575 10 11 8 9 
1669922577 10 11 9 11 
1669922579 9 11 10 11 
1669922581 10 12 11 9 
1669922583 8 11 10 9 
1669922585 10 10 8 7 
1669922587 9 8 11 9 
1669922589 10 13 9 11 
1669922591 9 9 10 10 
1669922593 9 11 9 10 
1669922595 10 10 12 9 
1669922597 8 10 9 9 
1669922599 9 9 11 11 
1669922601 12 11 9 9 
1669922603 11 10 7 10 
1669922605 9 12 11 10 
1669922607 10 13 10 8 
1669922609 8 10 8 9 
1669922611 8 12 9 11 
1669922613 9 10 10 9 
1669922615 9 10 10 13 
1669922617 9 9 8 10 
1669922619 12 75 8 10 
1669922621 9 14 10 9 
1669922623 9 12 10 11 
1669922625 10 9 11 9 
1669922627 10 11 7 7 
1669922629 10 10 8 9 
1669922631 10 11 7 12 
1669922633 10 8 8 10 
1669922635 12 10 9 5 
1669922637 7 11 10 11 
1669922639 8 9 8 9 
1669922641 10 11 9 11 
1669922643 8 10 8 11 
1669922645 9 11 11 8 
1669922647 9 9 9 11 
1669922649 10 12 10 9 
1669922651 11 7 10 8 
1669922653 8 11 9 10 
1669922655 10 9 9 10 
1669922657 9 10 9 10 
1669922659 9 10 10 10 
1669922661 11 9 10 10 
1669922663 11 9 8 11 
1669922665 12 7 7 8 
1669922667 11 12 10 8 
1669922669 9 11 12 8 
1669922671 10 9 9 8 
1669922673 10 12 11 10 
1669922675 9 10 10 9 
1669922677 8 11 9 10 
1669922679 9 11 11 9 
1669922681 7 10 6 9 
1669922683 8 13 11 10 
1669922685 9 10 11 10 
1669922687 9 10 9 8 
1669922689 7 11 9 11 
1669922691 10 10 11 9 
1669922693 13 7 11 7 
1669922695 13 11 12 11 
1669922697 8 11 7 8 
1669922699 9 11 10 12 
1669922701 7 11 9 9 
1669922703 8 9 11 10 
1669922705 7 12 10 9 
1669922707 7 11 9 9 
1669922709 10 13 11 8 
1669922711 10 9 9 10 
1669922713 9 10 10 10 
1669922715 8 8 7 8 
1669922717 8 10 10 10 
1669922719 8 10 8 8 
1669922721 10 9 8 8 
1669922723 9 9 8 12 
1669922725 9 10 11 8 
1669922727 10 9 8 10 
1669922729 8 11 9 9 
1669922731 10 10 9 12 
1669922733 9 11 9 11 
1669922735 8 11 9 10 
1669922737 9 9 12 9 
1669922739 9 10 9 9 
1669922741 10 13 9 9 
1669922743 7 11 9 9 
1669922745 9 12 9 8 
1669922747 9 12 11 9 
1669922749 9 9 10 12 
1669922751 9 11 8 8 
1669922753 10 10 11 6 
1669922755 11 9 10 11 
1669922757 10 11 8 10 
1669922759 11 11 9 10 
1669922761 9 11 10 9 
1669922763 9 11 9 10 
1669922765 7 9 6 10 
1669922767 10 9 8 9 
1669922769 9 9 10 10 
1669922771 10 10 9 8 
1669922773 11 7 10 9 
1669922775 7 12 8 10 
1669922777 8 9 7 10 
1669922779 10 10 10 9 
1669922781 8 11 10 9 
1669922783 10 12 10 10 
1669922785 7 9 9 8 
1669922787 10 8 10 11 
1669922789 8 11 9 7 
1669922791 9 11 11 8 
1669922793 9 12 10 10 
1669922795 9 13 8 8 
1669922797 9 13 9 9 
1669922799 9 11 11 13 
1669922801 10 11 10 9 
1669922803 8 10 9 11 
1669922805 9 11 10 10 
1669922807 8 10 8 9 
1669922809 7 11 9 11 
1669922811 9 11 8 10 
1669922813 11 12 8 10 
1669922815 6 13 9 8 
1669922817 8 6 9 8 
1669922819 8 12 9 9 
1669922821 10 14 9 12 
1669922823 11 8 11 10 
1669922825 10 10 8 10 
1669922827 9 9 9 10 
1669922829 10 10 9 9 
1669922831 8 12 9 6 
1669922833 9 11 9 8 
1669922835 9 9 9 10 
1669922837 7 11 9 11 
1669922839 8 11 11 8 
1669922841 12 11 10 7 
1669922843 10 10 10 9 
1669922845 7 10 9 11 
1669922847 10 10 10 10 
1669922849 9 12 9 11 
1669922851 9 8 10 11 
1669922853 9 14 9 9 
1669922855 9 11 9 8 
1669922857 8 8 12 9 
1669922859 10 10 9 10 
1669922861 11 12 12 10 
1669922863 10 13 10 10 
1669922865 9 11 9 10 
1669922867 9 7 8 9 
1669922869 9 9 9 9 
1669922871 11 10 8 8 
1669922873 7 8 7 9 
1669922875 7 9 8 9 
1669922877 6 9 8 10 
1669922879 10 12 10 9 
1669922881 6 8 11 10 
1669922883 8 10 10 11 
1669922885 9 8 9 12 
1669922887 9 12 10 10 
1669922889 8 10 9 10 
1669922891 8 9 11 10 
1669922893 8 9 12 8 
1669922895 10 11 8 7 
1669922897 7 9 9 8 
1669922899 9 12 10 9 
1669922901 10 10 7 9 
1669922903 10 10 10 10 
1669922905 9 10 9 8 
1669922907 11 8 8 12 
1669922909 9 10 9 10 
1669922911 9 11 9 9 
1669922913 9 9 9 12 
1669922915 9 11 10 8 
1669922917 10 10 9 9 
1669922919 9 9 10 10 
1669922921 10 10 10 7 
1669922923 9 11 7 8 
1669922925 7 10 11 11 
1669922927 8 9 10 10 
1669922929 9 8 11 9 
1669922931 9 9 12 11 
1669922933 9 12 11 8 
1669922935 8 8 10 10 
1669922937 7 10 9 10 
1669922939 8 12 8 8 
1669922941 10 0 7 9 
1669922943 9 12 10 10 
1669922945 7 11 7 11 
1669922947 11 10 9 10 
1669922949 9 9 8 10 
1669922951 7 13 9 10 
1669922953 9 11 12 10 
1669922955 11 13 10 8 
1669922957 12 10 11 8 
1669922959 9 11 11 9 
1669922961 9 10 10 9 
1669922963 8 9 13 11 
1669922965 9 11 10 10 
1669922967 9 8 10 9 
1669922969 9 10 7 8 
1669922971 10 7 8 9 
1669922973 7 11 9 10 
1669922975 9 0 9 12 
1669922977 10 10 7 11 
1669922979 8 11 11 12 
1669922981 9 9 10 8 
1669922983 9 10 8 8 
1669922985 9 13 12 7 
1669922987 12 12 10 10 
1669922989 8 9 10 7 
1669922991 7 10 9 7 
1669922993 7 12 9 9 
1669922995 8 14 11 7 
1669922997 9 8 9 9 
1669922999 15 13 9 8 
1669923001 10 14 11 10 
1669923003 9 13 9 11 
1669923005 11 11 10 10 
1669923007 10 9 9 10 
1669923009 9 10 11 6 
1669923011 10 9 8 8 
1669923013 8 10 9 8 
1669923015 10 14 10 6 
1669923017 9 11 9 9 
1669923019 8 11 10 12 
1669923021 8 13 8 11 
1669923023 10 13 7 10 
1669923025 9 9 7 10 
1669923027 9 10 8 8 
1669923029 8 10 8 8 
1669923031 9 11 10 8 
1669923033 10 11 12 8 
1669923035 10 10 7 11 
1669923037 8 13 9 9 
1669923039 11 11 10 10 
1669923041 8 9 7 8 
1669923043 10 9 9 10 
1669923045 8 9 11 12 
1669923047 11 10 10 12 
1669923049 9 12 9 9 
1669923051 8 8 9 10 
1669923053 9 11 9 12 
1669923055 10 11 9 8 
1669923057 11 9 9 10 
1669923059 11 10 9 9 
1669923061 10 10 12 11 
1669923063 8 12 11 8 
1669923065 10 7 8 11 
1669923067 10 10 8 11 
1669923069 9 7 7 11 
1669923071 8 16 8 12 
1669923073 7 9 9 10 
1669923075 8 12 10 10 
1669923077 10 8 8 9 
1669923079 7 10 9 7 
1669923081 9 13 13 12 
1669923083 10 8 8 10 
1669923085 11 12 9 6 
1669923087 11 10 10 10 
1669923089 8 11 8 9 
1669923091 7 11 12 10 
1669923093 10 10 7 9 
1669923095 6 9 12 9 
1669923097 8 12 11 11 
1669923099 6 10 10 8 
1669923101 8 11 8 12 
1669923103 7 12 11 9 
1669923105 7 11 10 8 
1669923107 9 11 11 9 
1669923109 10 10 7 10 
1669923111 9 10 6 10 
1669923113 11 11 9 9 
1669923115 10 8 11 10 
1669923117 9 8 9 9 
1669923119 10 9 14 13 
1669923121 6 10 8 8 
1669923123 9 8 9 10 
1669923125 8 9 10 11 
1669923127 8 9 6 10 
1669923129 8 6 9 9 
1669923131 9 11 13 8 
1669923133 6 9 8 9 
1669923135 9 12 7 10 
1669923137 8 10 9 10 
1669923139 10 11 10 9 
1669923141 10 9 9 11 
1669923143 7 10 9 9 
1669923145 8 10 8 7 
1669923147 11 10 10 13 
1669923149 9 9 12 10 
1669923151 9 12 9 10 
1669923153 9 12 9 8 
1669923155 10 9 9 11 
1669923157 11 12 10 9 
1669923159 10 13 8 9 
1669923161 10 11 10 12 
1669923163 10 11 10 7 
1669923165 9 11 11 10 
1669923167 8 10 8 8 
1669923169 7 11 9 8 
1669923171 9 12 10 14 
1669923173 8 12 10 8 
1669923175 8 12 9 8 
1669923177 13 13 8 10 
1669923179 10 11 9 10 
1669923181 8 8 8 11 
1669923183 8 14 10 9 
1669923185 10 9 8 7 
1669923187 6 4 11 8 
1669923189 9 11 10 10 
1669923191 9 10 8 8 
1669923193 9 11 11 9 
1669923195 12 9 9 9 
1669923197 8 8 11 13 
1669923199 10 11 9 13 
1669923201 8 9 10 12 
1669923203 10 10 8 10 
1669923205 9 11 9 9 
1669923207 9 9 8 10 
1669923209 7 9 9 7 
1669923211 8 9 10 8 
1669923213 10 12 8 9 
1669923215 8 12 11 11 
1669923217 8 10 9 8 
1669923219 9 10 10 7 
1669923221 10 10 8 8 
1669923223 10 7 9 9 
1669923225 11 9 10 11 
1669923227 8 11 7 9 
1669923229 10 7 9 10 
1669923231 9 10 10 9 
1669923233 7 10 12 9 
1669923235 8 10 10 10 
1669923237 8 11 8 9 
1669923239 9 12 8 9 
1669923241 10 10 10 6 
1669923243 11 11 11 10 
1669923245 9 10 12 12 
1669923247 7 11 10 8 
1669923249 8 11 9 8 
1669923251 10 12 12 8 
1669923253 7 11 10 10 
1669923255 11 14 9 8 
1669923257 8 9 12 9 
1669923259 8 11 10 8 
1669923261 11 9 10 9 
1669923263 8 10 10 9 
1669923265 8 9 11 12 
1669923267 8 10 10 9 
1669923269 10 9 12 10 
1669923271 11 10 9 8 
1669923273 10 11 12 7 
1669923275 9 11 10 9 
1669923277 7 11 7 8 
1669923279 7 10 10 11 
1669923281 10 10 10 7 
1669923283 8 10 10 8 
1669923285 7 10 10 10 
1669923287 9 9 9 8 
1669923289 7 12 8 9 
1669923291 8 10 8 9 
1669923293 8 9 8 8 
1669923295 9 8 8 10 
1669923297 10 9 9 9 
1669923299 9 11 10 9 
1669923301 10 9 9 8 
1669923303 8 9 12 9 
1669923305 8 74 10 9 
1669923307 10 10 10 10 
1669923309 9 10 8 10 
1669923311 9 10 9 9 
1669923313 10 12 7 11 
1669923315 9 10 8 10 
1669923317 11 11 11 12 
1669923319 8 11 9 8 
1669923321 10 10 11 9 
1669923323 10 10 9 8 
1669923325 7 12 9 11 
1669923327 9 10 10 10 
1669923329 11 11 8 10 
1669923331 8 12 7 9 
1669923333 10 12 8 10 
1669923335 9 8 10 9 
1669923337 9 8 12 11 
1669923339 11 10 9 7 
1669923341 9 9 9 10 
1669923343 8 10 10 12 
1669923345 10 12 10 8 
1669923347 8 11 10 9 
1669923349 9 11 11 8 
1669923351 8 11 8 11 
1669923353 10 9 11 9 
1669923355 9 11 11 11 
1669923357 11 10 10 10 
1669923359 7 9 11 9 
1669923361 8 8 12 9 
1669923363 10 12 8 10 
1669923365 8 10 9 11 
1669923367 10 11 7 8 
1669923369 10 10 6 8 
1669923371 10 10 9 10 
1669923373 10 12 10 10 
1669923375 8 12 8 12 
1669923377 9 11 12 9 
1669923379 12 11 11 8 
1669923381 12 11 9 12 
1669923383 11 9 9 7 
1669923385 10 11 10 11 
1669923387 10 12 9 7 
1669923389 9 8 10 8 
1669923391 5 12 7 7 
1669923393 10 14 11 8 
1669923395 7 12 11 10 
1669923397 11 11 8 9 
1669923399 11 12 10 11 
1669923401 10 11 9 9 
1669923403 10 10 10 10 
1669923405 9 8 9 8 
1669923407 11 12 11 7 
1669923409 8 11 8 11 
1669923411 10 13 11 9 
1669923413 11 45 9 8 
1669923415 8 12 9 10 
1669923417 11 12 9 9 
1669923419 9 11 7 9 
1669923421 9 9 9 9 
1669923423 10 11 9 6 
1669923425 12 10 7 10 
1669923427 9 11 11 6 
1669923429 10 9 11 9 
1669923431 10 12 11 9 
1669923433 6 11 9 10 
1669923435 11 11 10 12 
1669923437 10 8 9 12 
1669923439 10 9 9 8 
1669923441 9 12 9 10 
1669923443 10 10 8 9 
1669923445 10 7 8 12 
1669923447 9 12 6 8 
1669923449 8 12 10 9 
1669923451 10 8 11 9 
1669923453 10 8 6 9 
1669923455 11 11 9 9 
1669923457 9 9 10 8 
1669923459 9 11 6 9 
1669923461 9 12 8 10 
1669923463 9 11 11 10 
1669923465 9 10 9 10 
1669923467 8 8 10 10 
1669923469 8 10 10 9 
1669923471 9 9 10 10 
1669923473 8 11 11 9 
1669923475 9 9 11 9 
1669923477 9 13 10 11 
1669923479 11 10 7 7 
1669923481 10 10 10 9 
1669923483 8 9 11 10 
1669923485 9 9 9 9 
1669923487 11 13 8 12 
1669923489 8 12 11 8 
1669923491 7 11 10 7 
1669923493 9 9 10 10 
1669923495 10 0 7 8 
1669923497 7 13 11 9 
1669923499 8 13 10 7 
1669923501 8 13 10 9 
1669923503 12 10 15 7 
1669923505 12 12 0 6 
1669923507 10 9 9 9 
1669923509 10 10 9 7 
1669923511 10 11 8 10 
1669923513 10 11 11 9 
1669923515 10 11 8 8 
1669923517 7 11 8 11 
1669923519 9 10 8 10 
1669923521 9 11 11 11 
1669923523 9 9 9 7 
1669923525 11 9 10 8 
1669923527 7 9 10 11 
1669923529 7 11 8 11 
1669923531 11 10 11 9 
1669923533 9 12 10 10 
1669923535 8 9 7 8 
1669923537 12 11 8 9 
1669923539 9 8 10 10 
1669923541 9 11 11 10 
1669923543 9 8 7 8 
1669923545 8 12 9 8 
1669923547 9 9 7 8 
1669923549 10 12 9 12 
1669923551 8 11 10 10 
1669923553 7 11 11 11 
1669923555 8 9 10 9 
1669923557 7 12 9 10 
1669923559 7 12 11 9 
1669923561 9 10 8 12 
1669923563 10 11 11 13 
1669923565 8 11 11 10 
1669923567 9 10 9 9 
1669923569 8 12 8 8 
1669923571 9 12 8 10 
1669923573 9 9 9 10 
1669923575 8 10 7 8 
1669923577 9 10 12 11 
1669923579 9 12 8 10 
1669923581 10 10 8 11 
1669923583 9 11 11 7 
1669923585 10 9 8 9 
1669923587 9 11 11 13 
1669923589 8 10 9 7 
1669923591 8 10 8 13 
1669923593 7 8 8 12 
1669923595 12 11 7 7 
1669923597 8 8 9 12 
1669923599 14 10 9 14 
1669923601 12 10 10 14 
1669923603 5 0 19 13 
1669923605 12 10 9 7 
1669923607 12 12 8 11 
1669923609 8 11 10 9 
1669923611 10 12 12 8 
1669923613 8 11 8 9 
1669923615 10 11 11 11 
1669923617 11 10 10 10 
1669923619 8 11 11 10 
1669923621 11 11 10 9 
1669923623 8 11 12 10 
1669923625 5 10 6 9 
1669923627 9 10 9 10 
1669923629 11 9 8 8 
1669923631 7 10 8 9 
1669923633 8 0 12 12 
1669923635 9 11 7 10 
1669923637 7 11 9 10 
1669923639 7 10 6 8 
1669923641 9 11 8 9 
1669923643 13 8 10 11 
1669923645 9 9 11 9 
1669923647 9 7 9 14 
1669923649 8 9 10 9 
1669923651 8 11 9 8 
1669923653 8 10 10 8 
1669923655 9 11 6 7 
1669923657 9 10 9 12 
1669923659 9 11 10 9 
1669923661 7 10 10 11 
1669923663 11 9 7 11 
1669923665 10 12 10 8 
1669923667 10 10 10 10 
1669923669 9 11 12 10 
1669923671 8 8 7 10 
1669923673 9 10 8 10 
1669923675 8 11 9 10 
1669923677 10 10 9 10 
1669923679 9 11 10 7 
1669923681 9 8 11 10 
1669923683 9 8 9 9 
1669923685 14 11 9 9 
1669923687 11 11 7 11 
1669923689 10 8 9 10 
1669923691 9 12 10 10 
1669923693 9 9 9 11 
1669923695 9 77 8 12 
1669923697 9 10 9 9 
1669923699 9 11 5 8 
1669923701 10 8 7 9 
1669923703 9 10 6 9 
1669923705 11 12 9 11 
1669923707 8 10 9 11 
1669923709 10 10 11 13 
1669923711 11 10 8 9 
1669923713 8 11 9 9 
1669923715 10 12 9 11 
1669923717 7 10 8 8 
1669923719 9 10 11 10 
1669923721 8 11 7 9 
1669923723 7 11 9 9 
1669923725 8 12 9 10 
1669923727 9 11 9 7 
1669923729 9 10 8 11 
1669923731 12 13 9 10 
1669923733 7 12 8 10 
1669923735 12 12 10 9 
1669923737 9 13 7 9 
1669923739 9 12 10 10 
1669923741 9 12 10 7 
1669923743 9 12 9 9 
1669923745 11 8 13 7 
1669923747 10 8 11 11 
1669923749 9 10 11 12 
1669923751 7 12 11 9 
1669923753 10 11 10 10 
1669923755 7 11 10 10 
1669923757 10 10 9 9 
1669923759 8 12 9 10 
1669923761 8 9 10 10 
1669923763 9 11 7 10 
1669923765 9 9 8 10 
1669923767 9 11 9 8 
1669923769 10 8 11 11 
1669923771 9 10 9 10 
1669923773 11 11 9 8 
1669923775 10 10 11 10 
1669923777 10 10 9 9 
1669923779 10 10 10 11 
1669923781 9 10 10 8 
1669923783 10 8 10 10 
1669923785 7 12 11 10 
1669923787 11 12 8 7 
1669923789 9 9 8 11 
1669923791 9 9 9 9 
1669923793 7 9 10 10 
1669923795 9 11 11 11 
1669923797 10 11 8 15 
1669923799 12 10 11 10 
1669923801 11 8 9 10 
1669923803 9 11 6 10 
1669923805 9 11 9 9 
1669923807 9 11 8 9 
1669923809 8 10 10 10 
1669923811 8 9 8 11 
1669923813 8 10 9 11 
1669923815 7 10 9 10 
1669923817 7 12 10 9 
1669923819 5 8 7 9 
1669923821 7 6 6 12 
1669923823 8 11 9 11 
1669923825 8 9 9 9 
1669923827 8 12 7 8 
1669923829 8 7 9 11 
1669923831 8 8 7 4 
1669923833 9 10 9 10 
1669923835 7 11 12 12 
1669923837 7 9 7 9 
1669923839 10 11 11 9 
1669923841 7 10 5 7 
1669923843 9 11 9 9 
1669923845 9 8 6 9 
1669923847 10 10 10 8 
1669923849 8 10 10 9 
1669923851 10 10 10 11 
1669923853 7 12 11 10 
1669923855 8 11 11 10 
1669923857 10 12 9 10 
1669923859 9 8 11 10 
1669923861 7 11 9 10 
1669923863 8 12 9 10 
1669923865 8 9 7 10 
1669923867 9 12 9 8 
1669923869 11 10 9 11 
1669923871 11 10 11 9 
1669923873 9 10 9 9 
1669923875 7 10 10 7 
1669923877 8 11 10 9 
1669923879 9 9 10 7 
1669923881 8 11 8 10 
1669923883 7 27 7 8 
1669923885 6 9 8 11 
1669923887 7 9 8 11 
1669923889 12 9 9 10 
1669923891 9 11 9 8 
1669923893 10 8 11 11 
1669923895 9 9 12 9 
1669923897 12 11 11 10 
1669923899 7 11 10 7 
1669923901 9 10 9 10 
1669923903 8 11 10 8 
1669923905 8 9 9 11 
1669923907 8 12 11 12 
1669923909 7 79 10 10 
1669923911 6 13 9 11 
1669923913 9 10 10 11 
1669923915 10 12 10 9 
1669923917 8 10 10 11 
1669923919 11 8 8 7 
1669923921 10 12 9 11 
1669923923 9 10 7 9 
1669923925 6 13 12 9 
1669923927 9 12 10 11 
1669923929 10 11 8 9 
1669923931 9 8 8 9 
1669923933 7 9 11 10 
1669923935 11 11 9 8 
1669923937 10 11 9 9 
1669923939 7 11 10 9 
1669923941 12 13 9 11 
1669923943 8 12 8 9 
1669923945 8 10 10 10 
1669923947 10 10 7 8 
1669923949 7 10 9 9 
1669923951 8 10 8 8 
1669923953 9 10 12 9 
1669923955 10 13 8 12 
1669923957 8 11 9 10 
1669923959 8 8 8 9 
1669923961 10 15 10 11 
1669923963 9 10 7 10 
1669923965 9 13 9 8 
1669923967 9 12 10 8 
1669923969 9 10 9 8 
1669923971 10 11 9 9 
1669923973 12 9 9 10 
1669923975 8 10 11 10 
1669923977 12 11 10 7 
1669923979 9 7 11 10 
1669923981 5 8 9 10 
1669923983 8 9 9 9 
1669923985 8 9 11 9 
1669923987 9 13 9 9 
1669923989 9 11 10 9 
1669923991 10 8 9 11 
1669923993 12 11 8 11 
1669923995 10 12 11 9 
1669923997 7 14 11 11 
1669923999 8 12 8 12 
1669924001 9 11 11 11 
1669924003 10 9 9 8 
1669924005 10 9 9 9 
1669924007 9 12 10 7 
1669924009 9 12 9 9 
1669924011 9 13 9 10 
1669924013 9 11 9 11 
1669924015 11 10 10 9 
1669924017 11 11 9 8 
1669924019 8 11 8 12 
1669924021 9 10 5 9 
1669924023 7 10 6 14 
1669924025 8 12 10 9 
1669924027 11 10 13 10 
1669924029 8 8 9 9 
1669924031 9 11 9 10 
1669924033 7 11 9 10 
1669924035 9 11 9 11 
1669924037 7 12 12 9 
1669924039 12 13 8 10 
1669924041 10 11 11 9 
1669924043 11 13 9 9 
1669924045 10 13 10 8 
1669924047 9 9 10 9 
1669924049 10 14 9 9 
1669924051 9 10 9 9 
1669924053 8 9 9 9 
1669924055 8 12 10 10 
1669924057 11 11 10 7 
1669924059 8 13 9 11 
1669924061 7 11 10 8 
1669924063 10 13 9 10 
1669924065 6 13 7 9 
1669924067 11 9 10 9 
1669924069 10 12 8 11 
1669924071 11 13 9 9 
1669924073 10 11 8 8 
1669924075 10 9 9 9 
1669924077 8 9 9 10 
1669924079 8 11 12 9 
1669924081 10 13 9 12 
1669924083 8 11 10 10 
1669924085 6 11 9 9 
1669924087 8 8 10 10 
1669924089 8 11 8 7 
1669924091 9 10 9 8 
1669924093 9 13 10 11 
1669924095 9 13 8 11 
1669924097 9 12 10 10 
1669924099 10 11 8 10 
1669924101 9 8 8 9 
1669924103 10 12 7 10 
1669924105 11 11 10 12 
1669924107 10 10 9 10 
1669924109 10 11 7 11 
1669924111 8 10 5 10 
1669924113 11 10 10 9 
1669924115 9 9 11 12 
1669924117 9 12 8 8 
1669924119 9 9 9 9 
1669924121 11 10 10 10 
1669924123 8 10 9 10 
1669924125 11 11 7 10 
1669924127 13 10 10 10 
1669924129 8 9 12 10 
1669924131 12 11 10 11 
1669924133 11 8 8 8 
1669924135 7 10 10 11 
1669924137 10 12 10 10 
1669924139 9 11 10 12 
1669924141 11 11 10 9 
1669924143 10 10 10 10 
1669924145 11 12 9 12 
1669924147 11 12 10 11 
1669924149 10 9 9 8 
1669924151 9 14 9 7 
1669924153 11 9 8 9 
1669924155 10 13 10 9 
1669924157 9 10 9 8 
1669924159 8 9 9 9 
1669924161 10 11 11 8 
1669924163 10 13 10 11 
1669924165 9 10 9 10 
1669924167 8 10 8 8 
1669924169 8 10 10 11 
1669924171 12 12 12 9 
1669924173 9 10 11 9 
1669924175 11 12 9 12 
1669924177 10 7 9 8 
1669924179 9 10 12 12 
1669924181 8 11 10 9 
1669924183 9 8 10 11 
1669924185 10 11 9 9 
1669924187 7 9 10 8 
1669924189 8 10 10 8 
1669924191 10 9 9 10 
1669924193 10 10 8 10 
1669924195 9 10 7 11 
1669924197 12 11 11 11 
1669924199 11 11 9 9 
1669924201 8 12 10 10 
1669924203 6 12 11 12 
1669924205 10 13 12 10 
1669924207 12 10 10 9 
1669924209 11 11 12 7 
1669924211 9 10 9 9 
1669924213 8 10 11 8 
1669924215 8 8 10 9 
1669924217 9 13 10 10 
1669924219 9 8 6 9 
1669924221 11 11 9 9 
1669924223 7 11 6 12 
1669924225 10 11 10 9 
1669924227 9 12 9 9 
1669924229 11 10 9 9 
1669924231 7 11 12 8 
1669924233 8 10 11 8 
1669924235 10 8 9 11 
1669924237 10 10 9 9 
1669924239 9 10 10 9 
1669924241 8 9 13 9 
1669924243 10 13 10 10 
1669924245 8 42 10 7 
1669924247 11 9 11 11 
1669924249 9 11 10 8 
1669924251 8 12 10 10 
1669924253 11 11 11 10 
1669924255 7 10 10 10 
1669924257 10 11 9 11 
1669924259 8 10 11 8 
1669924261 10 10 10 9 
1669924263 10 10 10 10 
1669924265 10 78 10 12 
1669924267 7 11 9 10 
1669924269 9 9 8 10 
1669924271 9 10 9 8 
1669924273 9 10 11 9 
1669924275 8 10 10 10 
1669924277 11 12 10 8 
1669924279 10 10 10 10 
1669924281 9 8 8 9 
1669924283 10 10 11 10 
1669924285 10 10 10 9 
1669924287 10 10 13 9 
1669924289 11 9 10 11 
1669924291 11 9 13 11 
1669924293 7 11 9 10 
1669924295 11 10 10 8 
1669924297 8 11 9 11 
1669924299 7 12 11 10 
1669924301 9 11 7 11 
1669924303 8 12 8 12 
1669924305 9 12 11 12 
1669924307 9 13 10 12 
1669924309 9 12 13 6 
1669924311 9 10 8 11 
1669924313 8 9 10 8 
1669924315 9 10 11 11 
1669924317 8 9 9 10 
1669924319 6 11 8 8 
1669924321 8 9 11 10 
1669924323 11 15 11 10 
1669924325 6 8 10 9 
1669924327 10 13 9 10 
1669924329 7 11 8 10 
1669924331 11 9 11 9 
1669924333 9 12 10 10 
1669924335 10 12 10 9 
1669924337 9 10 9 8 
1669924339 7 13 12 9 
1669924341 9 10 7 10 
1669924343 8 12 7 10 
1669924345 9 11 10 8 
1669924347 10 10 8 8 
1669924349 8 9 10 9 
1669924351 10 13 10 11 
1669924353 11 10 8 10 
1669924355 8 11 9 10 
1669924357 8 11 9 10 
1669924359 9 10 9 9 
1669924361 9 12 10 9 
1669924363 8 12 11 8 
1669924365 7 10 10 11 
1669924367 10 12 11 8 
1669924369 9 11 10 11 
1669924371 9 11 9 9 
1669924373 10 8 9 7 
1669924375 7 10 11 12 
1669924377 8 10 9 9 
1669924379 9 10 9 9 
1669924381 10 12 5 13 
1669924383 10 9 8 11 
1669924385 7 9 12 8 
1669924387 10 9 8 10 
1669924389 8 13 8 8 
1669924391 11 11 10 8 
1669924393 13 10 8 7 
1669924395 10 10 11 9 
1669924397 10 8 12 12 
1669924399 7 8 8 8 
1669924401 10 11 10 10 
1669924403 8 9 9 9 
1669924405 8 7 9 11 
1669924407 7 11 12 9 
1669924409 10 9 10 10 
1669924411 9 11 9 10 
1669924413 9 10 10 8 
1669924415 7 12 9 8 
1669924417 9 11 8 8 
1669924419 9 8 8 12 
1669924421 7 10 10 12 
1669924423 8 7 6 9 
1669924425 9 10 9 8 
1669924427 8 10 8 7 
1669924429 9 12 9 8 
1669924431 9 12 7 10 
1669924433 9 9 11 9 
1669924435 8 11 9 9 
1669924437 9 10 8 9 
1669924439 9 12 11 8 
1669924441 10 11 8 8 
1669924443 10 12 11 8 
1669924445 9 12 8 8 
1669924447 6 77 7 12 
1669924449 9 10 10 9 
1669924451 11 8 8 10 
1669924453 8 10 9 8 
1669924455 9 10 9 11 
1669924457 8 9 12 12 
1669924459 10 9 9 11 
1669924461 11 10 9 8 
1669924463 10 13 9 11 
1669924465 9 9 11 12 
1669924467 9 10 8 7 
1669924469 9 12 7 10 
1669924471 8 12 10 10 
1669924473 10 10 9 11 
1669924475 9 12 10 8 
1669924477 7 8 9 11 
1669924479 9 10 12 11 
1669924481 9 11 9 7 
1669924483 9 12 9 7 
1669924485 7 11 11 11 
1669924487 8 12 8 10 
1669924489 8 11 8 9 
1669924491 10 8 9 10 
1669924493 10 11 8 12 
1669924495 10 10 11 10 
1669924497 8 12 9 12 
1669924499 9 9 9 9 
1669924501 11 12 11 9 
1669924503 10 11 10 10 
1669924505 7 11 9 13 
1669924507 7 11 9 8 
1669924509 9 12 10 8 
1669924511 11 11 9 10 
1669924513 10 13 8 9 
1669924515 11 11 13 8 
1669924517 8 12 10 9 
1669924519 10 11 10 8 
1669924521 9 10 8 9 
1669924523 8 12 10 13 
1669924525 11 10 10 9 
1669924527 8 11 12 9 
1669924529 11 9 10 8 
1669924531 8 12 8 10 
1669924533 10 11 9 8 
1669924535 10 10 9 8 
1669924537 9 9 8 9 
1669924539 10 12 10 10 
1669924541 11 11 10 11 
1669924543 10 11 10 6 
1669924545 9 10 10 10 
1669924547 9 10 10 8 
1669924549 5 10 12 8 
1669924551 9 27 11 9 
1669924553 8 11 10 9 
1669924555 10 12 9 8 
1669924557 11 12 7 11 
1669924559 10 11 10 11 
1669924561 9 9 9 10 
1669924563 10 11 10 9 
1669924565 9 43 10 10 
1669924567 10 77 9 12 
1669924569 8 10 10 11 
1669924571 9 9 9 10 
1669924573 11 11 10 7 
1669924575 6 16 13 12 
1669924577 7 8 10 5 
1669924579 11 11 8 8 
1669924581 8 11 10 10 
1669924583 10 8 11 10 
1669924585 8 11 10 10 
1669924587 10 11 8 9 
1669924589 8 10 11 10 
1669924591 10 10 12 9 
1669924593 9 12 12 8 
1669924595 9 9 11 5 
1669924597 8 11 8 10 
1669924599 8 10 10 8 
1669924601 9 8 15 9 
1669924603 9 9 8 9 
1669924605 8 9 13 8 
1669924607 8 9 10 10 
1669924609 11 10 11 9 
1669924611 9 10 8 8 
1669924613 9 10 11 7 
1669924615 9 12 10 9 
1669924617 10 10 8 9 
1669924619 11 9 7 12 
1669924621 10 10 9 9 
1669924623 8 12 8 11 
1669924625 9 7 8 8 
1669924627 9 11 11 10 
1669924629 9 8 11 8 
1669924631 9 10 9 10 
1669924633 8 12 8 9 
1669924635 10 12 8 11 
1669924637 10 10 9 11 
1669924639 11 11 9 7 
1669924641 11 9 10 9 
1669924643 8 11 12 8 
1669924645 9 11 9 10 
1669924647 8 11 10 9 
1669924649 12 9 9 8 
1669924651 10 11 11 9 
1669924653 10 10 9 9 
1669924655 9 9 10 8 
1669924657 9 10 9 9 
1669924659 10 8 9 9 
1669924661 11 10 9 9 
1669924663 9 12 9 10 
1669924665 9 9 10 10 
1669924667 12 11 11 10 
1669924669 9 10 9 12 
1669924671 11 10 9 10 
1669924673 11 11 9 10 
1669924675 10 11 11 10 
1669924677 7 11 11 8 
1669924679 8 9 9 10 
1669924681 9 11 11 9 
1669924683 7 12 11 8 
1669924685 10 12 8 11 
1669924687 8 9 8 9 
1669924689 8 9 10 9 
1669924691 10 11 7 10 
1669924693 9 9 10 9 
1669924695 8 10 11 10 
1669924697 9 9 8 9 
1669924699 8 24 11 10 
1669924701 10 10 9 12 
1669924703 12 11 11 13 
1669924705 7 10 7 11 
1669924707 10 7 10 10 
1669924709 9 10 10 11 
1669924711 10 9 9 10 
1669924713 10 10 10 9 
1669924715 10 10 9 10 
1669924717 9 11 8 10 
1669924719 9 10 9 9 
1669924721 9 11 10 11 
1669924723 9 11 9 8 
1669924725 10 9 9 11 
1669924727 11 13 12 10 
1669924729 10 11 9 9 
1669924731 7 10 9 9 
1669924733 7 10 8 9 
1669924735 10 8 9 9 
1669924737 10 9 8 9 
1669924739 8 8 10 10 
1669924741 9 12 11 8 
1669924743 10 9 8 9 
1669924745 7 12 9 8 
1669924747 9 12 8 9 
1669924749 8 8 9 9 
1669924751 7 10 5 11 
1669924753 9 13 10 8 
1669924755 10 10 11 9 
1669924757 9 13 11 9 
1669924759 9 11 10 10 
1669924761 9 10 9 9 
1669924763 5 10 8 12 
1669924765 11 10 7 12 
1669924767 11 7 10 10 
1669924769 7 11 8 8 
1669924771 10 9 9 7 
1669924773 8 8 12 9 
1669924775 9 10 9 11 
1669924777 10 9 9 10 
1669924779 5 8 11 9 
1669924781 9 10 10 8 
1669924783 7 11 9 10 
1669924785 9 10 7 8 
1669924787 9 13 8 9 
1669924789 7 10 9 9 
1669924791 10 9 11 9 
1669924793 10 13 11 11 
1669924795 8 13 12 11 
1669924797 9 8 11 10 
1669924799 11 11 10 9 
