1669924803 9 9 9 8 
1669924806 9 9 10 8 
1669924808 8 11 11 10 
1669924810 8 12 9 8 
1669924812 10 11 10 9 
1669924814 11 9 15 11 
1669924816 10 10 12 9 
1669924818 8 10 10 6 
1669924820 7 10 9 9 
1669924822 9 8 10 9 
1669924824 9 11 11 8 
1669924826 10 10 11 9 
1669924828 9 9 10 8 
1669924830 10 8 10 8 
1669924832 9 10 8 7 
1669924834 8 8 8 9 
1669924836 9 8 11 7 
1669924838 9 8 9 10 
1669924840 8 11 10 10 
1669924842 9 9 8 9 
1669924844 7 11 7 12 
1669924846 10 11 12 11 
1669924848 9 12 9 10 
1669924850 7 10 8 13 
1669924852 8 10 7 10 
1669924854 11 11 9 9 
1669924856 10 10 12 9 
1669924858 11 10 10 9 
1669924860 7 9 10 11 
1669924862 9 10 9 9 
1669924864 10 10 9 9 
1669924866 9 8 10 10 
1669924868 8 11 8 10 
1669924870 9 7 9 11 
1669924872 10 9 10 10 
1669924874 8 7 10 10 
1669924876 9 12 9 9 
1669924878 12 8 9 11 
1669924880 9 12 6 11 
1669924882 10 9 11 9 
1669924884 9 11 10 11 
1669924886 9 11 10 10 
1669924888 10 9 9 9 
1669924890 10 12 10 10 
1669924892 10 10 7 10 
1669924894 7 10 8 10 
1669924896 7 11 8 7 
1669924898 9 10 9 8 
1669924900 8 10 9 8 
1669924902 9 9 9 10 
1669924904 9 13 10 12 
1669924906 9 8 9 8 
1669924908 9 10 8 8 
1669924910 9 12 9 8 
1669924912 10 10 12 11 
1669924914 9 8 10 11 
1669924916 10 9 11 8 
1669924918 9 11 8 11 
1669924920 9 13 10 9 
1669924922 9 10 9 10 
1669924924 10 11 8 9 
1669924926 11 12 8 9 
1669924928 9 8 8 10 
1669924930 9 10 10 10 
1669924932 6 9 9 11 
1669924934 8 13 9 9 
1669924936 10 11 11 12 
1669924938 10 8 12 8 
1669924940 6 11 11 10 
1669924942 10 12 8 11 
1669924944 8 12 9 8 
1669924946 9 10 7 9 
1669924948 10 12 9 9 
1669924950 8 11 10 10 
1669924952 11 8 9 10 
1669924954 8 10 7 9 
1669924956 9 11 11 12 
1669924958 10 11 10 8 
1669924960 8 8 10 10 
1669924962 8 12 9 8 
1669924964 8 11 6 9 
1669924966 11 11 10 10 
1669924968 8 9 8 8 
1669924970 9 9 8 10 
1669924972 9 8 11 8 
1669924974 8 11 7 9 
1669924976 13 12 11 8 
1669924978 9 11 7 10 
1669924980 11 10 9 10 
1669924982 7 10 8 8 
1669924984 10 10 10 10 
1669924986 8 11 9 7 
1669924988 11 10 9 10 
1669924990 11 11 9 6 
1669924992 9 11 6 9 
1669924994 7 7 11 13 
1669924996 11 11 6 11 
1669924998 10 12 9 7 
1669925000 10 12 10 10 
1669925002 9 9 10 12 
1669925004 9 9 8 11 
1669925006 12 11 8 11 
1669925008 9 10 10 9 
1669925010 6 9 9 8 
1669925012 10 11 8 10 
1669925014 9 9 10 9 
1669925016 8 11 12 9 
1669925018 10 11 9 10 
1669925020 10 9 10 9 
1669925022 9 12 9 10 
1669925024 11 11 7 9 
1669925026 7 11 11 9 
1669925028 11 11 8 11 
1669925030 9 8 10 11 
1669925032 9 11 9 9 
1669925034 11 12 11 8 
1669925036 9 11 8 10 
1669925038 9 11 9 9 
1669925040 8 9 9 10 
1669925042 9 9 10 9 
1669925044 9 10 8 10 
1669925046 9 10 9 10 
1669925048 9 9 10 8 
1669925050 10 8 11 13 
1669925052 7 10 8 9 
1669925054 10 11 9 11 
1669925056 9 12 11 9 
1669925058 9 12 10 12 
1669925060 7 12 9 9 
1669925062 10 9 10 10 
1669925064 9 10 7 8 
1669925066 9 8 8 12 
1669925068 8 11 11 9 
1669925070 10 9 9 12 
1669925072 12 12 11 10 
1669925074 9 11 10 8 
1669925076 8 9 11 8 
1669925078 8 12 10 10 
1669925080 9 12 9 11 
1669925082 8 10 10 9 
1669925084 9 8 8 9 
1669925086 9 8 10 10 
1669925088 9 11 10 7 
1669925090 9 12 9 11 
1669925092 9 8 11 8 
1669925094 8 9 11 12 
1669925096 8 11 9 10 
1669925098 11 9 11 10 
1669925100 9 9 10 8 
1669925102 11 12 10 12 
1669925104 10 12 8 10 
1669925106 10 10 9 10 
1669925108 9 10 9 10 
1669925110 12 12 9 9 
1669925112 7 9 10 9 
1669925114 10 11 8 8 
1669925116 10 9 11 11 
1669925118 9 14 9 8 
1669925120 10 11 10 10 
1669925122 6 12 8 7 
1669925124 8 11 9 10 
1669925126 10 11 9 10 
1669925128 9 10 8 9 
1669925130 9 10 9 11 
1669925132 12 10 8 9 
1669925134 11 10 6 12 
1669925136 11 8 9 8 
1669925138 11 10 9 9 
1669925140 10 10 9 10 
1669925142 8 10 10 9 
1669925144 9 9 11 10 
1669925146 10 10 7 14 
1669925148 6 8 8 9 
1669925150 9 12 8 8 
1669925152 8 11 10 12 
1669925154 10 11 11 9 
1669925156 9 10 8 9 
1669925158 8 9 9 10 
1669925160 9 10 9 10 
1669925162 9 10 9 10 
1669925164 9 8 10 10 
1669925166 10 9 6 10 
1669925168 9 10 7 10 
1669925170 8 12 8 11 
1669925172 12 11 7 10 
1669925174 9 9 10 9 
1669925176 9 10 10 8 
1669925178 9 9 11 11 
1669925180 8 12 8 12 
1669925182 8 13 13 11 
1669925184 8 10 8 8 
1669925186 11 10 10 9 
1669925188 8 10 7 9 
1669925190 7 10 8 10 
1669925192 7 10 10 10 
1669925194 10 8 12 14 
1669925196 11 12 10 10 
1669925198 9 10 10 12 
1669925200 9 11 10 9 
1669925202 12 11 6 12 
1669925204 8 11 10 9 
1669925206 9 10 9 11 
1669925208 11 13 9 11 
1669925210 10 10 11 9 
1669925212 9 9 9 8 
1669925214 6 11 9 10 
1669925216 10 11 11 8 
1669925218 9 11 8 7 
1669925220 10 10 10 10 
1669925222 8 9 10 12 
1669925224 8 9 10 8 
1669925226 12 11 6 11 
1669925228 10 12 11 9 
1669925230 9 11 7 9 
1669925232 8 10 9 10 
1669925234 6 10 9 9 
1669925236 10 9 11 10 
1669925238 9 14 9 12 
1669925240 9 10 9 9 
1669925242 9 12 8 12 
1669925244 11 13 9 12 
1669925246 10 10 7 7 
1669925248 10 10 9 9 
1669925250 9 10 9 9 
1669925252 9 9 10 8 
1669925254 7 12 11 8 
1669925256 8 13 8 9 
1669925258 8 9 10 10 
1669925260 7 10 11 9 
1669925262 11 10 9 10 
1669925264 11 9 10 10 
1669925266 10 11 8 8 
1669925268 11 12 8 12 
1669925270 9 10 8 7 
1669925272 11 11 9 8 
1669925274 8 10 9 12 
1669925276 9 11 11 10 
1669925278 10 12 10 9 
1669925280 10 8 10 10 
1669925282 13 12 9 11 
1669925284 8 12 7 10 
1669925286 9 11 12 10 
1669925288 9 46 6 9 
1669925290 8 10 10 8 
1669925292 7 8 10 10 
1669925294 10 10 10 9 
1669925296 7 10 9 10 
1669925298 8 13 11 11 
1669925300 9 11 13 11 
1669925302 8 11 8 10 
1669925304 12 10 9 8 
1669925306 10 11 10 9 
1669925308 11 11 8 9 
1669925310 8 10 12 12 
1669925312 11 12 10 10 
1669925314 5 12 6 12 
1669925316 9 9 9 9 
1669925318 9 12 10 10 
1669925320 8 12 8 8 
1669925322 11 11 10 11 
1669925324 11 10 9 9 
1669925326 12 10 9 10 
1669925328 9 13 9 8 
1669925330 9 10 7 10 
1669925332 10 9 10 9 
1669925334 9 11 9 9 
1669925336 9 11 7 10 
1669925338 8 11 11 9 
1669925340 10 9 11 11 
1669925342 9 12 11 11 
1669925344 9 9 9 8 
1669925346 7 10 8 8 
1669925348 8 12 11 8 
1669925350 7 10 10 10 
1669925352 8 9 9 9 
1669925354 8 11 8 10 
1669925356 9 11 12 11 
1669925358 10 7 9 10 
1669925360 10 11 11 8 
1669925362 8 10 9 9 
1669925364 10 9 10 9 
1669925366 10 11 9 7 
1669925368 8 11 9 10 
1669925370 10 11 10 11 
1669925372 8 12 7 8 
1669925374 9 8 11 10 
1669925376 9 12 9 9 
1669925378 8 9 10 10 
1669925380 8 9 9 10 
1669925382 9 11 6 10 
1669925384 10 11 9 11 
1669925386 9 10 8 8 
1669925388 9 10 11 9 
1669925390 9 9 11 7 
1669925392 8 10 13 9 
1669925394 7 12 10 11 
1669925396 12 10 11 10 
1669925398 9 11 8 8 
1669925400 8 10 9 8 
1669925402 10 10 7 8 
1669925404 11 18 11 10 
1669925406 11 11 9 9 
1669925408 9 10 8 10 
1669925410 9 8 9 10 
1669925412 9 10 9 10 
1669925414 10 11 9 10 
1669925416 9 8 9 11 
1669925418 9 10 8 7 
1669925420 9 8 11 9 
1669925422 8 12 10 12 
1669925424 8 9 8 7 
1669925426 8 11 9 8 
1669925428 7 13 10 10 
1669925430 5 7 11 10 
1669925432 10 12 11 11 
1669925434 10 13 9 9 
1669925436 8 9 8 9 
1669925438 9 11 10 9 
1669925440 10 13 10 11 
1669925442 9 9 9 12 
1669925444 9 12 9 10 
1669925446 9 11 10 7 
1669925448 9 8 10 11 
1669925450 10 8 13 9 
1669925452 9 10 9 7 
1669925454 10 12 12 10 
1669925456 10 11 10 10 
1669925458 10 12 9 10 
1669925460 11 9 9 12 
1669925462 9 12 7 9 
1669925464 9 9 8 8 
1669925466 9 9 10 8 
1669925468 8 10 12 9 
1669925470 7 9 9 11 
1669925472 10 11 10 9 
1669925474 9 11 9 11 
1669925476 9 11 5 10 
1669925478 7 13 9 11 
1669925480 11 12 11 9 
1669925482 10 11 8 11 
1669925484 9 9 9 10 
1669925486 8 76 10 11 
1669925488 11 9 7 11 
1669925490 10 13 10 11 
1669925492 7 12 9 8 
1669925494 8 13 8 10 
1669925496 7 11 10 8 
1669925498 8 9 10 9 
1669925500 10 10 8 8 
1669925502 7 8 10 6 
1669925504 10 9 9 11 
1669925506 11 8 8 8 
1669925508 9 10 11 11 
1669925510 9 9 7 10 
1669925512 9 10 9 10 
1669925514 7 9 10 9 
1669925516 11 26 7 8 
1669925518 9 8 10 10 
1669925520 9 9 8 9 
1669925522 11 11 10 8 
1669925524 9 12 10 8 
1669925526 10 10 7 11 
1669925528 8 11 10 9 
1669925530 11 10 7 10 
1669925532 8 8 10 12 
1669925534 11 13 10 9 
1669925536 7 13 10 10 
1669925538 6 7 10 10 
1669925540 10 10 8 11 
1669925542 11 10 9 9 
1669925544 8 11 11 10 
1669925546 10 11 10 8 
1669925548 10 9 9 9 
1669925550 8 8 9 7 
1669925552 7 12 12 11 
1669925554 10 9 7 6 
1669925556 10 12 10 11 
1669925558 8 8 12 8 
1669925560 9 11 8 9 
1669925562 8 9 7 10 
1669925564 8 12 11 13 
1669925566 8 12 11 10 
1669925568 9 15 8 11 
1669925570 12 10 11 9 
1669925572 9 12 9 12 
1669925574 10 10 9 10 
1669925576 8 7 8 9 
1669925578 7 10 10 9 
1669925580 11 13 12 10 
1669925582 10 11 7 8 
1669925584 11 10 13 10 
1669925586 8 8 9 7 
1669925588 10 12 7 9 
1669925590 7 10 7 9 
1669925592 9 9 11 10 
1669925594 10 12 11 12 
1669925596 12 14 9 11 
1669925598 11 10 9 12 
1669925600 7 12 10 9 
1669925602 7 11 10 7 
1669925604 11 10 9 10 
1669925606 6 10 10 11 
1669925608 10 9 9 10 
1669925610 9 9 9 10 
1669925612 7 12 10 11 
1669925614 10 12 12 9 
1669925616 10 9 8 10 
1669925618 11 12 7 9 
1669925620 10 10 11 7 
1669925622 9 11 8 7 
1669925624 9 12 9 8 
1669925626 13 10 7 11 
1669925628 10 9 10 9 
1669925630 11 7 11 9 
1669925632 9 12 10 11 
1669925634 11 12 10 5 
1669925636 8 9 9 9 
1669925638 6 7 9 11 
1669925640 9 10 9 13 
1669925642 11 9 9 7 
1669925644 9 9 9 11 
1669925646 10 10 10 8 
1669925648 8 10 8 8 
1669925650 7 12 13 8 
1669925652 8 8 10 10 
1669925654 11 10 12 11 
1669925656 8 9 12 9 
1669925658 6 9 9 9 
1669925660 9 11 13 9 
1669925662 7 9 8 8 
1669925664 8 10 9 11 
1669925666 9 9 7 12 
1669925668 11 6 11 9 
1669925670 8 9 8 10 
1669925672 10 9 9 8 
1669925674 8 11 10 11 
1669925676 10 9 8 8 
1669925678 8 12 9 10 
1669925680 10 11 10 9 
1669925682 8 10 10 12 
1669925684 9 10 8 9 
1669925686 8 11 9 10 
1669925688 10 12 9 8 
1669925690 10 48 11 7 
1669925692 8 9 10 13 
1669925694 12 8 10 9 
1669925696 10 9 9 9 
1669925698 8 9 9 8 
1669925700 8 9 8 11 
1669925702 11 8 9 9 
1669925704 8 11 9 9 
1669925706 7 9 10 6 
1669925708 10 9 10 10 
1669925710 6 11 8 10 
1669925712 8 9 9 11 
1669925714 12 11 9 9 
1669925716 12 10 9 10 
1669925718 10 13 12 9 
1669925720 7 12 10 11 
1669925722 9 8 10 12 
1669925724 10 9 8 8 
1669925726 10 10 7 8 
1669925728 13 8 8 9 
1669925730 8 8 11 9 
1669925732 10 11 9 9 
1669925734 11 11 11 10 
1669925736 12 13 11 8 
1669925738 9 11 9 12 
1669925740 9 9 8 10 
1669925742 9 10 10 11 
1669925744 8 12 8 10 
1669925746 11 11 11 8 
1669925748 6 9 10 11 
1669925750 10 9 10 8 
1669925752 10 11 10 10 
1669925754 8 11 8 10 
1669925756 10 10 8 9 
1669925758 11 11 12 10 
1669925760 10 8 9 10 
1669925762 9 11 10 8 
1669925764 8 11 12 10 
1669925766 7 9 10 10 
1669925768 9 13 10 9 
1669925770 8 9 11 9 
1669925772 11 11 10 9 
1669925774 8 9 7 10 
1669925776 9 10 9 11 
1669925778 8 9 9 13 
1669925780 7 10 9 12 
1669925782 8 8 10 6 
1669925784 7 11 11 10 
1669925786 12 12 10 9 
1669925788 8 11 11 9 
1669925790 10 11 11 11 
1669925792 10 10 9 12 
1669925794 12 11 9 10 
1669925796 11 10 8 10 
1669925798 7 12 9 10 
1669925800 8 11 9 11 
1669925802 8 13 8 11 
1669925804 10 12 10 8 
1669925806 10 9 10 10 
1669925808 7 10 11 12 
1669925810 8 11 9 9 
1669925812 6 9 7 9 
1669925814 8 11 9 9 
1669925816 10 9 10 10 
1669925818 9 11 11 12 
1669925820 10 11 7 8 
1669925822 9 13 7 11 
1669925824 10 11 10 9 
1669925826 10 10 9 11 
1669925828 10 11 9 9 
1669925830 9 9 8 8 
1669925832 8 8 7 9 
1669925834 7 11 7 9 
1669925836 10 10 7 11 
1669925838 11 9 8 10 
1669925840 6 13 9 12 
1669925842 10 10 10 11 
1669925844 11 7 10 10 
1669925846 9 10 9 8 
1669925848 11 9 10 10 
1669925850 9 11 10 11 
1669925852 11 10 10 9 
1669925854 8 9 9 11 
1669925856 10 9 10 9 
1669925858 10 9 11 10 
1669925860 9 8 10 8 
1669925862 9 12 11 6 
1669925864 11 9 9 11 
1669925866 9 12 9 9 
1669925868 9 10 12 10 
1669925870 7 11 9 10 
1669925872 9 12 10 8 
1669925874 10 9 7 9 
1669925876 7 9 9 9 
1669925878 9 12 11 9 
1669925880 7 12 10 12 
1669925882 9 11 10 8 
1669925884 8 9 9 11 
1669925886 10 11 11 8 
1669925888 7 9 11 9 
1669925890 8 10 8 10 
1669925892 9 13 8 9 
1669925894 7 10 12 9 
1669925896 11 11 10 10 
1669925898 10 11 10 8 
1669925900 10 12 8 9 
1669925902 10 11 8 10 
1669925904 9 12 8 8 
1669925906 11 10 9 10 
1669925908 10 10 8 9 
1669925910 9 12 8 8 
1669925912 9 12 10 11 
1669925914 11 11 8 10 
1669925916 8 11 10 8 
1669925918 9 9 9 8 
1669925920 8 9 9 8 
1669925922 11 11 8 9 
1669925924 9 10 7 9 
1669925926 10 9 8 12 
1669925928 10 10 9 9 
1669925930 12 12 9 8 
1669925932 7 10 8 10 
1669925934 9 13 9 10 
1669925936 10 7 10 11 
1669925938 9 10 8 8 
1669925940 8 11 9 9 
1669925942 8 6 8 9 
1669925944 8 9 11 9 
1669925946 7 11 8 10 
1669925948 9 11 10 11 
1669925950 8 12 12 7 
1669925952 8 9 10 10 
1669925954 9 11 10 8 
1669925956 8 11 8 9 
1669925958 12 9 10 9 
1669925960 8 11 10 9 
1669925962 12 11 9 10 
1669925964 10 9 9 9 
1669925966 10 10 9 8 
1669925968 10 11 9 11 
1669925970 11 11 8 10 
1669925972 8 11 8 11 
1669925974 10 12 9 8 
1669925976 8 10 9 8 
1669925978 8 9 8 10 
1669925980 8 10 8 10 
1669925982 7 9 8 9 
1669925984 8 6 11 8 
1669925986 9 11 10 7 
1669925988 9 11 7 10 
1669925990 7 12 9 9 
1669925992 9 8 10 13 
1669925994 12 12 8 15 
1669925996 9 10 10 8 
1669925998 9 11 8 11 
1669926000 9 12 10 11 
1669926002 11 9 9 9 
1669926004 10 0 10 13 
1669926006 11 10 8 10 
1669926008 9 12 12 13 
1669926010 11 11 10 9 
1669926012 8 8 10 8 
1669926014 12 11 10 8 
1669926016 8 11 11 8 
1669926018 10 11 10 11 
1669926020 10 8 12 11 
1669926022 9 12 8 10 
1669926024 10 12 8 9 
1669926026 9 9 10 9 
1669926028 9 10 10 8 
1669926030 9 12 9 9 
1669926032 7 12 10 10 
1669926034 10 10 6 9 
1669926036 9 12 9 12 
1669926038 10 8 10 10 
1669926040 8 6 7 9 
1669926042 10 10 11 11 
1669926044 6 8 7 11 
1669926046 11 9 10 12 
1669926048 10 11 10 11 
1669926050 10 11 10 9 
1669926052 6 12 7 10 
1669926054 4 11 12 11 
1669926056 13 15 7 6 
1669926058 11 11 6 8 
1669926060 9 10 8 11 
1669926062 3 6 10 9 
1669926064 9 13 10 5 
1669926066 4 12 9 13 
1669926068 10 8 9 7 
1669926070 8 10 10 7 
1669926072 11 11 12 11 
1669926074 9 10 9 10 
1669926076 8 12 9 8 
1669926078 10 8 11 10 
1669926080 10 12 10 12 
1669926082 10 10 10 10 
1669926084 10 11 11 6 
1669926086 8 11 10 11 
1669926088 11 12 12 9 
1669926090 10 10 11 12 
1669926092 8 10 10 11 
1669926094 9 13 12 9 
1669926096 8 12 10 9 
1669926098 9 11 9 11 
1669926100 10 11 7 9 
1669926102 10 10 11 9 
1669926104 10 11 10 9 
1669926106 10 9 11 11 
1669926108 8 5 10 11 
1669926110 10 13 9 12 
1669926112 8 14 11 12 
1669926114 10 9 7 11 
1669926116 9 11 10 9 
1669926118 8 11 9 8 
1669926120 9 8 10 8 
1669926122 9 11 10 8 
1669926124 11 10 9 9 
1669926126 9 11 11 8 
1669926128 9 10 8 10 
1669926130 10 12 9 10 
1669926132 7 10 9 10 
1669926134 13 10 8 9 
1669926136 9 11 8 9 
1669926138 7 11 11 10 
1669926140 8 11 10 9 
1669926142 8 11 9 10 
1669926144 8 11 5 9 
1669926146 10 11 9 12 
1669926148 8 10 7 9 
1669926150 8 11 8 8 
1669926152 8 12 8 12 
1669926154 7 12 8 10 
1669926156 8 10 8 10 
1669926158 10 11 9 9 
1669926160 8 12 10 7 
1669926162 11 11 8 11 
1669926164 7 11 7 10 
1669926166 11 13 8 7 
1669926168 9 12 10 9 
1669926170 9 8 9 9 
1669926172 9 10 13 10 
1669926174 9 10 7 12 
1669926176 11 9 9 7 
1669926178 9 11 9 10 
1669926180 10 10 7 11 
1669926182 9 8 8 11 
1669926184 10 9 7 10 
1669926186 7 10 9 7 
1669926188 8 12 9 8 
1669926190 10 12 10 10 
1669926192 9 12 12 13 
1669926194 9 14 9 10 
1669926196 11 10 11 11 
1669926198 10 10 10 9 
1669926200 7 10 9 8 
1669926202 10 10 11 10 
1669926204 10 7 6 10 
1669926206 9 9 11 11 
1669926208 8 10 9 10 
1669926210 12 9 11 9 
1669926212 8 10 6 8 
1669926214 9 13 9 10 
1669926216 10 10 9 7 
1669926218 9 10 9 11 
1669926220 9 11 7 11 
1669926222 9 9 9 9 
1669926224 7 9 10 10 
1669926226 6 0 10 10 
1669926228 9 9 7 8 
1669926230 7 10 9 9 
1669926232 10 11 10 11 
1669926234 8 9 10 9 
1669926236 8 11 11 9 
1669926238 9 9 11 8 
1669926240 7 11 8 10 
1669926242 9 9 11 9 
1669926244 8 8 9 9 
1669926246 8 11 11 10 
1669926248 9 11 10 9 
1669926250 11 8 11 7 
1669926252 10 10 11 11 
1669926254 6 10 9 10 
1669926256 9 9 9 8 
1669926258 9 14 7 9 
1669926260 11 11 9 12 
1669926262 10 11 11 9 
1669926264 8 11 11 10 
1669926266 10 12 9 9 
1669926268 8 11 10 9 
1669926270 8 9 9 8 
1669926272 10 11 8 10 
1669926274 10 9 9 9 
1669926276 9 8 7 12 
1669926278 8 10 8 9 
1669926280 9 8 8 9 
1669926282 9 9 7 9 
1669926284 10 8 9 7 
1669926286 9 10 10 8 
1669926288 10 8 8 8 
1669926290 7 11 10 8 
1669926292 8 11 10 8 
1669926294 8 10 10 8 
1669926296 10 12 9 12 
1669926298 8 7 8 9 
1669926300 6 10 13 9 
1669926302 10 13 7 8 
1669926304 6 12 11 8 
1669926306 8 9 10 10 
1669926308 9 9 8 10 
1669926310 7 10 6 12 
1669926312 8 11 9 7 
1669926314 9 11 9 10 
1669926316 10 9 8 8 
1669926318 10 12 7 8 
1669926320 11 12 7 11 
1669926322 10 8 8 12 
1669926324 9 13 8 10 
1669926326 8 9 9 9 
1669926328 8 12 9 10 
1669926330 8 14 10 9 
1669926332 9 8 10 8 
1669926334 8 11 9 8 
1669926336 7 10 9 11 
1669926338 10 10 7 9 
1669926340 6 11 10 10 
1669926342 8 11 9 10 
1669926344 8 10 8 9 
1669926346 8 11 9 9 
1669926348 9 12 9 8 
1669926350 8 8 10 10 
1669926352 8 10 8 10 
1669926354 8 12 7 8 
1669926356 10 10 9 9 
1669926358 8 11 7 7 
1669926360 10 9 11 12 
1669926362 9 10 9 9 
1669926364 10 10 8 13 
1669926366 9 9 9 9 
1669926368 10 10 7 9 
1669926370 9 12 10 7 
1669926372 8 9 8 11 
1669926374 10 10 11 6 
1669926376 8 10 8 11 
1669926378 9 8 7 9 
1669926380 9 8 11 9 
1669926382 11 9 9 10 
1669926384 8 10 10 9 
1669926386 10 9 8 10 
1669926388 6 11 8 10 
1669926390 9 13 10 11 
1669926392 10 12 10 11 
1669926394 10 9 13 10 
1669926396 8 10 8 10 
1669926398 9 10 8 8 
1669926400 10 11 7 7 
1669926402 9 10 10 10 
1669926404 8 10 11 9 
1669926406 9 9 11 9 
1669926408 8 9 13 13 
1669926410 12 7 9 11 
1669926412 9 12 9 9 
1669926414 11 11 6 10 
1669926416 10 10 9 12 
1669926418 8 11 10 8 
1669926420 10 12 7 9 
1669926422 7 11 9 11 
1669926424 9 10 7 8 
1669926426 7 0 10 10 
1669926428 10 6 11 10 
1669926430 9 10 7 10 
1669926432 8 13 10 10 
1669926434 8 10 9 8 
1669926436 9 8 10 10 
1669926438 10 13 6 8 
1669926440 10 11 8 10 
1669926442 8 10 6 8 
1669926444 8 11 8 8 
1669926446 11 10 10 10 
1669926448 9 11 10 9 
1669926450 9 9 10 11 
1669926452 10 12 10 11 
1669926454 8 11 10 8 
1669926456 9 11 10 9 
1669926458 11 8 9 10 
1669926460 10 12 10 9 
1669926462 10 11 10 9 
1669926464 9 13 8 10 
1669926466 11 10 11 10 
1669926468 8 11 10 12 
1669926470 8 10 9 10 
1669926472 8 7 10 9 
1669926474 10 8 10 7 
1669926476 9 44 9 11 
1669926478 9 10 10 10 
1669926480 9 11 10 11 
1669926482 10 12 9 7 
1669926484 7 9 9 10 
1669926486 9 10 9 8 
1669926488 8 9 11 11 
1669926490 8 11 8 10 
1669926492 9 9 12 11 
1669926494 11 4 10 10 
1669926496 9 10 8 11 
1669926498 8 11 9 9 
1669926500 10 11 7 9 
1669926502 11 12 9 10 
1669926504 9 12 12 10 
1669926506 8 8 11 8 
1669926508 10 77 10 10 
1669926510 10 10 9 9 
1669926512 10 12 8 12 
1669926514 8 10 10 9 
1669926516 9 8 12 7 
1669926518 8 11 8 12 
1669926520 9 10 8 9 
1669926522 10 9 10 10 
1669926524 10 9 10 12 
1669926526 8 8 11 9 
1669926528 8 12 9 11 
1669926530 10 12 7 9 
1669926532 9 8 7 7 
1669926534 8 13 9 10 
1669926536 9 11 10 11 
1669926538 10 11 10 8 
1669926540 7 12 11 10 
1669926542 9 13 9 9 
1669926544 9 7 8 13 
1669926546 8 11 10 10 
1669926548 7 9 7 9 
1669926550 9 9 9 9 
1669926552 10 9 11 8 
1669926554 13 11 8 9 
1669926556 10 12 9 8 
1669926558 9 12 7 11 
1669926560 9 78 9 8 
1669926562 11 12 10 8 
1669926564 8 13 11 11 
1669926566 9 10 6 9 
1669926568 10 11 11 10 
1669926570 8 11 10 9 
1669926572 7 10 10 10 
1669926574 10 10 9 9 
1669926576 9 10 12 8 
1669926578 8 10 11 10 
1669926580 8 8 7 8 
1669926582 8 10 9 8 
1669926584 8 9 12 11 
1669926586 9 12 7 10 
1669926588 7 10 9 9 
1669926590 9 11 10 9 
1669926592 6 9 10 11 
1669926594 8 8 10 7 
1669926596 9 8 11 11 
1669926598 9 12 9 9 
1669926600 12 9 12 11 
1669926602 9 10 9 9 
1669926604 10 10 9 12 
1669926606 9 9 11 12 
1669926608 9 9 7 12 
1669926610 8 12 9 8 
1669926612 9 8 9 7 
1669926614 10 9 9 9 
1669926616 7 9 6 10 
1669926618 9 11 10 9 
1669926620 10 10 9 9 
1669926622 8 12 10 9 
1669926624 10 11 8 10 
1669926626 7 11 9 9 
1669926628 9 13 9 12 
1669926630 9 9 11 9 
1669926632 8 12 10 10 
1669926634 10 10 9 11 
1669926636 10 12 10 8 
1669926638 10 7 9 10 
1669926640 10 12 9 9 
1669926642 8 12 8 7 
1669926644 9 11 6 11 
1669926646 11 11 10 10 
1669926648 10 12 11 9 
1669926650 8 9 8 12 
1669926652 9 9 8 10 
1669926654 10 12 10 10 
1669926656 9 12 8 11 
1669926658 8 6 8 10 
1669926660 9 10 10 8 
1669926662 8 10 9 9 
1669926664 8 11 9 10 
1669926666 9 10 9 10 
1669926668 9 9 10 9 
1669926670 9 12 9 12 
1669926672 9 11 9 9 
1669926674 8 10 8 9 
1669926676 7 10 8 8 
1669926678 8 9 11 9 
1669926680 8 11 8 9 
1669926682 11 8 8 10 
1669926684 5 9 12 9 
1669926686 10 9 10 7 
1669926688 10 12 10 9 
1669926690 9 12 8 8 
1669926692 13 10 8 10 
1669926694 9 8 11 10 
1669926696 9 8 5 8 
1669926698 8 11 10 10 
1669926700 6 11 9 7 
1669926702 7 9 8 10 
1669926704 8 11 10 8 
1669926706 9 12 7 8 
1669926708 10 12 9 8 
1669926710 8 9 9 11 
1669926712 10 11 8 11 
1669926714 8 12 9 10 
1669926716 8 10 8 10 
1669926718 11 8 12 10 
1669926720 12 10 8 9 
1669926722 10 10 11 8 
1669926724 8 10 11 11 
1669926726 10 11 8 10 
1669926728 7 11 9 7 
1669926730 8 8 10 10 
1669926732 7 10 9 8 
1669926734 7 9 10 10 
1669926736 10 11 8 8 
1669926738 9 10 9 9 
1669926740 9 9 11 9 
1669926742 9 10 11 8 
1669926744 10 11 9 11 
1669926746 10 10 10 9 
1669926748 8 11 9 10 
1669926750 8 12 10 11 
1669926752 9 13 9 9 
1669926754 9 9 8 11 
1669926756 9 9 11 10 
1669926758 8 11 9 10 
1669926760 6 13 9 10 
1669926762 9 10 9 11 
1669926764 9 9 9 10 
1669926766 8 8 8 9 
1669926768 8 11 8 11 
1669926770 10 12 7 11 
1669926772 9 9 8 8 
1669926774 12 9 6 10 
1669926776 9 10 7 9 
1669926778 5 10 8 9 
1669926780 9 11 10 8 
1669926782 8 8 10 8 
1669926784 9 11 11 7 
1669926786 7 12 8 10 
1669926788 8 9 10 10 
1669926790 6 15 11 8 
1669926792 9 13 9 9 
1669926794 8 10 7 11 
1669926796 12 10 8 10 
1669926798 9 12 6 8 
1669926800 9 11 8 9 
1669926802 10 10 10 12 
1669926804 10 9 10 10 
1669926806 10 9 8 7 
1669926808 10 10 8 8 
1669926810 7 11 9 7 
1669926812 7 10 7 8 
1669926814 10 10 7 7 
1669926816 11 9 8 9 
1669926818 8 10 9 11 
1669926820 9 12 11 11 
1669926822 10 8 9 10 
1669926824 9 10 8 10 
1669926826 11 9 9 10 
1669926828 9 13 12 8 
1669926830 11 9 9 10 
1669926832 8 11 11 8 
1669926834 8 9 7 12 
1669926836 10 14 10 9 
1669926838 9 11 10 8 
1669926840 9 10 8 9 
1669926842 9 12 8 8 
1669926844 8 10 9 12 
1669926846 8 5 10 9 
1669926848 11 11 11 9 
1669926850 8 9 9 10 
1669926852 11 9 9 8 
1669926854 8 12 9 10 
1669926856 10 10 11 9 
1669926858 8 11 10 10 
1669926860 8 9 11 9 
1669926862 8 11 7 11 
1669926864 7 10 10 9 
1669926866 10 8 9 10 
1669926868 7 10 9 9 
1669926870 7 10 9 8 
1669926872 8 10 7 10 
1669926874 11 11 6 8 
1669926876 8 11 10 10 
1669926878 11 11 12 10 
1669926880 9 10 8 8 
1669926882 9 8 10 11 
1669926884 10 9 8 8 
1669926886 9 11 11 8 
1669926888 9 8 10 9 
1669926890 5 11 13 10 
1669926892 10 10 10 9 
1669926894 11 11 11 7 
1669926896 8 9 9 9 
1669926898 8 10 9 10 
1669926900 9 11 10 7 
1669926902 6 12 9 11 
1669926904 10 10 9 9 
1669926906 10 6 9 10 
1669926908 8 11 9 10 
1669926910 10 9 10 8 
1669926912 9 11 7 11 
1669926914 9 13 10 10 
1669926916 9 10 10 10 
1669926918 11 10 9 10 
1669926920 7 9 11 11 
1669926922 11 11 7 11 
1669926924 10 10 8 10 
1669926926 12 13 9 10 
1669926928 8 11 9 8 
1669926930 10 10 10 7 
1669926932 10 11 10 10 
1669926934 8 10 8 11 
1669926936 9 9 8 10 
1669926938 9 12 8 11 
1669926940 9 11 8 10 
1669926942 8 10 7 8 
1669926944 8 10 7 11 
1669926946 9 10 8 8 
1669926948 10 10 9 8 
1669926950 9 10 8 9 
1669926952 9 9 9 8 
1669926954 9 10 11 12 
1669926956 9 12 9 11 
1669926958 9 14 9 8 
1669926960 9 11 9 11 
1669926962 9 9 9 12 
1669926964 9 10 10 10 
1669926966 9 12 8 10 
1669926968 7 10 10 11 
1669926970 8 10 6 7 
1669926972 10 12 7 10 
1669926974 9 10 9 9 
1669926976 10 10 8 9 
1669926978 9 12 8 9 
1669926980 12 10 8 11 
1669926982 10 10 12 9 
1669926984 10 10 7 10 
1669926986 8 12 6 9 
1669926988 10 10 8 12 
1669926990 9 11 11 11 
1669926992 12 15 10 12 
1669926994 9 9 8 10 
1669926996 9 12 7 11 
1669926998 8 11 8 10 
1669927000 8 9 8 7 
1669927002 13 11 7 11 
1669927004 9 11 10 9 
1669927006 7 9 7 11 
1669927008 9 11 9 12 
1669927010 8 11 11 11 
1669927012 8 10 9 10 
1669927014 8 12 8 10 
1669927016 10 11 8 8 
1669927018 10 10 6 9 
1669927020 9 10 9 11 
1669927022 7 45 8 10 
1669927024 12 11 8 10 
1669927026 12 12 10 11 
1669927028 10 11 10 9 
1669927030 8 11 9 10 
1669927032 10 9 7 11 
1669927034 10 6 9 10 
1669927036 11 11 10 11 
1669927038 9 10 10 10 
1669927040 10 9 9 9 
1669927042 9 10 10 9 
1669927044 11 8 8 8 
1669927046 11 13 8 8 
1669927048 8 10 10 10 
1669927050 12 8 9 10 
1669927052 10 8 9 9 
1669927054 9 11 10 10 
1669927056 9 11 10 10 
1669927058 9 11 9 7 
1669927060 10 9 9 8 
1669927062 10 8 7 11 
1669927064 6 9 7 8 
1669927066 7 10 9 11 
1669927068 10 8 7 10 
1669927070 10 10 9 9 
1669927072 9 12 10 12 
1669927074 9 12 8 12 
1669927076 8 9 9 7 
1669927078 10 12 10 8 
1669927080 8 11 9 9 
1669927082 8 11 8 11 
1669927084 8 10 10 12 
1669927086 8 11 10 8 
1669927088 10 10 11 10 
1669927090 9 9 8 8 
1669927092 9 8 10 7 
1669927094 7 9 9 11 
1669927096 10 10 10 8 
1669927098 8 11 10 10 
1669927100 10 10 9 9 
1669927102 7 10 11 7 
1669927104 9 12 7 10 
1669927106 8 10 10 8 
1669927108 9 11 7 10 
1669927110 9 11 12 8 
1669927112 10 11 7 10 
1669927114 9 11 8 10 
1669927116 11 12 9 12 
1669927118 9 8 11 10 
1669927120 9 13 10 10 
1669927122 12 8 7 9 
1669927124 7 13 10 9 
1669927126 7 11 7 9 
1669927128 8 10 10 9 
1669927130 7 14 9 8 
1669927132 9 11 11 11 
1669927134 10 9 9 11 
1669927136 9 10 12 9 
1669927138 8 10 11 10 
1669927140 7 10 9 9 
1669927142 9 11 9 7 
1669927144 8 78 7 9 
1669927146 8 10 9 9 
1669927148 13 10 9 8 
1669927150 8 10 9 11 
1669927152 10 11 7 9 
1669927154 7 9 10 6 
1669927156 10 9 7 9 
1669927158 8 9 10 9 
1669927160 9 11 8 10 
1669927162 9 12 10 7 
1669927164 10 10 11 9 
1669927166 9 9 9 11 
1669927168 8 10 9 7 
1669927170 9 7 12 9 
1669927172 8 10 7 11 
1669927174 7 9 10 9 
1669927176 9 12 9 9 
1669927178 7 10 10 11 
1669927180 11 10 9 9 
1669927182 8 11 9 10 
1669927184 8 11 10 11 
1669927186 8 10 10 9 
1669927188 8 11 8 9 
1669927190 11 12 12 11 
1669927192 10 11 11 12 
1669927194 9 8 12 9 
1669927196 11 12 8 10 
1669927198 10 11 8 11 
1669927200 11 12 10 9 
1669927202 9 11 9 10 
1669927204 8 10 10 10 
1669927206 7 11 9 9 
1669927208 11 8 8 9 
1669927210 4 9 10 9 
1669927212 9 10 10 9 
1669927214 9 11 7 10 
1669927216 8 9 12 9 
1669927218 11 11 8 9 
1669927220 9 13 11 12 
1669927222 11 10 10 9 
1669927224 8 12 10 10 
1669927226 12 9 12 12 
1669927228 10 11 9 9 
1669927230 8 13 10 11 
1669927232 9 10 13 9 
1669927234 8 13 10 9 
1669927236 10 10 9 11 
1669927238 8 14 11 10 
1669927240 10 12 10 10 
1669927242 9 10 11 8 
1669927244 9 9 11 9 
1669927246 10 9 9 8 
1669927248 9 14 10 9 
1669927250 9 9 8 10 
1669927252 9 10 12 9 
1669927254 9 10 9 9 
1669927256 9 9 11 10 
1669927258 11 10 12 9 
1669927260 9 9 9 11 
1669927262 10 12 11 11 
1669927264 10 10 10 9 
1669927266 8 10 9 10 
1669927268 10 12 10 10 
1669927270 10 10 7 10 
1669927272 9 12 7 11 
1669927274 8 11 8 10 
1669927276 6 9 9 11 
1669927278 11 8 10 11 
1669927280 7 9 8 9 
1669927282 8 10 12 10 
1669927284 10 14 9 9 
1669927286 7 8 11 8 
1669927288 9 12 7 9 
1669927290 7 10 10 9 
1669927292 10 14 8 12 
1669927294 9 10 11 11 
1669927296 9 10 9 13 
1669927298 11 12 12 10 
1669927300 10 7 12 10 
1669927302 10 11 10 8 
1669927304 11 10 8 11 
1669927306 10 10 8 11 
1669927308 10 10 12 9 
1669927310 9 11 12 9 
1669927312 11 8 10 11 
1669927314 8 10 9 10 
1669927316 10 10 9 10 
1669927318 8 10 10 9 
1669927320 9 10 11 10 
1669927322 8 12 10 9 
1669927324 8 10 10 8 
1669927326 7 9 7 8 
1669927328 12 11 9 9 
1669927330 8 9 12 10 
1669927332 8 8 7 11 
1669927334 9 9 9 8 
1669927336 8 9 10 9 
1669927338 9 10 10 9 
1669927340 8 11 8 8 
1669927342 9 9 10 10 
1669927344 8 10 8 10 
1669927346 11 9 10 7 
1669927348 9 10 8 10 
1669927350 10 10 7 9 
1669927352 10 11 9 10 
1669927354 7 10 10 9 
1669927356 10 11 8 8 
1669927358 9 10 11 9 
1669927360 12 8 9 9 
1669927362 8 8 10 9 
1669927364 11 13 7 11 
1669927366 8 10 8 8 
1669927368 7 7 9 10 
1669927370 11 9 10 11 
1669927372 10 12 6 9 
1669927374 9 8 9 8 
1669927376 9 9 9 11 
1669927378 9 10 15 9 
1669927380 10 11 9 11 
1669927382 8 11 9 12 
1669927384 8 9 11 8 
1669927386 12 12 11 12 
1669927388 8 11 8 11 
1669927390 12 9 9 13 
1669927392 10 12 10 7 
1669927394 10 13 10 10 
1669927396 9 9 12 9 
1669927398 10 13 9 9 
1669927400 7 9 9 10 
1669927402 9 10 10 9 
1669927404 7 9 8 10 
1669927406 8 12 9 11 
1669927408 9 10 10 9 
1669927410 8 10 9 9 
1669927412 9 6 8 11 
1669927414 9 10 8 9 
1669927416 9 11 10 9 
1669927418 8 9 10 10 
1669927420 9 9 9 8 
1669927422 10 11 8 9 
1669927424 9 10 10 10 
1669927426 9 10 9 12 
1669927428 9 10 7 11 
1669927430 11 13 10 9 
1669927432 8 10 11 7 
1669927434 10 10 9 9 
1669927436 11 9 9 12 
1669927438 9 8 9 9 
1669927440 11 10 9 10 
1669927442 10 11 10 8 
1669927444 10 11 9 6 
1669927446 9 9 9 11 
1669927448 10 12 10 11 
1669927450 9 9 7 12 
1669927452 8 11 13 10 
1669927454 9 12 7 9 
1669927456 11 11 10 8 
1669927458 1 10 11 7 
1669927460 8 13 8 9 
1669927462 8 10 8 7 
1669927464 10 9 10 10 
1669927466 7 13 10 10 
1669927468 9 10 11 9 
1669927470 10 11 11 8 
1669927472 9 11 11 12 
1669927474 9 11 11 7 
1669927476 9 10 6 11 
1669927478 12 9 10 11 
1669927480 11 10 11 9 
1669927482 8 11 9 12 
1669927484 11 11 11 9 
1669927486 10 9 9 9 
1669927488 8 8 9 10 
1669927490 11 13 11 9 
1669927492 9 10 9 8 
1669927494 8 10 9 8 
1669927496 7 12 9 10 
1669927498 9 10 9 9 
1669927500 10 11 11 9 
1669927502 8 12 9 10 
1669927504 10 11 8 8 
1669927506 9 10 12 10 
1669927508 11 10 8 7 
1669927510 9 13 7 9 
1669927512 8 10 8 10 
1669927514 9 10 9 8 
1669927516 8 12 10 9 
1669927518 9 10 8 9 
1669927520 12 11 10 9 
1669927522 11 9 10 10 
1669927524 7 8 13 11 
1669927526 8 11 8 10 
1669927528 10 10 8 12 
1669927530 7 8 7 8 
1669927532 7 11 10 10 
1669927534 12 10 8 12 
1669927536 9 11 9 9 
1669927538 8 10 11 11 
1669927540 9 11 11 11 
1669927542 7 11 8 10 
1669927544 10 12 9 10 
1669927546 9 9 11 11 
1669927548 7 10 8 11 
1669927550 9 10 10 8 
1669927552 8 10 9 10 
1669927554 11 80 7 10 
1669927556 9 11 9 10 
1669927558 12 10 12 9 
1669927560 11 10 11 9 
1669927562 8 9 10 9 
1669927564 9 11 8 11 
1669927566 8 9 7 10 
1669927568 9 11 9 11 
1669927570 8 12 10 10 
1669927572 10 10 10 11 
1669927574 9 11 9 9 
1669927576 9 10 9 11 
1669927578 10 8 6 6 
1669927580 8 10 6 8 
1669927582 11 10 7 12 
1669927584 12 11 6 10 
1669927586 10 10 9 9 
1669927588 8 15 9 12 
1669927590 8 11 10 10 
1669927592 10 11 11 10 
1669927594 7 10 8 10 
1669927596 8 11 10 11 
1669927598 8 7 8 7 
1669927600 11 10 11 8 
1669927602 8 8 10 10 
1669927604 9 10 9 11 
1669927606 8 10 9 9 
1669927608 8 11 10 10 
1669927610 10 10 11 9 
1669927612 10 12 11 12 
1669927614 8 11 11 11 
1669927616 12 11 13 12 
1669927618 13 0 12 13 
1669927620 10 10 6 10 
1669927622 11 7 9 9 
1669927624 10 12 9 11 
1669927626 7 12 9 11 
1669927628 9 11 10 10 
1669927630 8 12 9 13 
1669927632 14 14 11 11 
1669927634 11 11 14 11 
1669927636 10 10 8 9 
1669927638 10 11 10 10 
1669927640 10 12 8 12 
1669927642 8 9 9 11 
1669927644 8 12 9 14 
1669927646 10 0 10 12 
1669927648 12 7 10 10 
1669927650 11 11 10 13 
1669927652 12 12 10 9 
1669927654 9 11 8 10 
1669927656 10 10 8 9 
1669927658 9 11 11 12 
1669927660 11 12 10 11 
1669927662 9 11 10 12 
1669927664 9 11 11 13 
1669927666 10 13 12 10 
1669927668 8 8 9 12 
1669927670 7 9 12 10 
1669927672 9 8 7 10 
1669927674 8 7 8 10 
1669927676 11 11 11 10 
1669927678 12 11 14 14 
1669927680 11 13 11 11 
1669927682 14 14 11 11 
1669927684 10 11 12 12 
1669927686 10 12 7 12 
1669927688 10 12 9 11 
1669927690 9 11 11 12 
1669927692 10 12 11 11 
1669927694 12 11 11 13 
1669927696 10 14 10 12 
1669927698 11 12 14 10 
1669927700 9 8 10 11 
1669927702 8 7 7 8 
1669927704 8 12 9 9 
1669927706 6 13 8 12 
1669927708 10 11 11 11 
1669927710 11 13 9 13 
1669927712 9 13 9 14 
1669927714 9 12 12 12 
1669927716 8 9 9 14 
1669927718 10 10 10 10 
1669927720 10 11 10 11 
1669927722 11 10 8 11 
1669927724 13 11 12 12 
1669927726 13 13 11 13 
1669927728 11 13 9 12 
1669927730 13 12 9 12 
1669927732 8 13 9 11 
1669927734 9 9 11 11 
1669927736 9 10 10 11 
1669927738 9 11 9 11 
1669927740 11 9 10 9 
1669927742 8 10 14 12 
1669927744 12 14 11 12 
1669927746 13 11 12 13 
1669927748 7 11 9 10 
1669927750 10 10 11 10 
1669927752 8 11 9 10 
1669927754 9 10 9 11 
1669927756 11 11 8 13 
1669927758 10 11 7 12 
1669927760 12 11 9 14 
1669927762 10 11 12 9 
1669927764 8 11 9 12 
1669927766 7 10 11 11 
1669927768 9 12 11 9 
1669927770 8 12 9 12 
1669927772 12 13 11 12 
1669927774 11 13 10 13 
1669927776 11 11 11 11 
1669927778 11 12 12 11 
1669927780 7 12 11 12 
1669927782 7 11 10 9 
1669927784 8 25 10 10 
1669927786 10 11 8 11 
1669927788 12 16 9 10 
1669927790 9 12 10 14 
1669927792 12 12 11 13 
1669927794 11 13 10 11 
1669927796 10 11 10 9 
1669927798 11 12 8 10 
1669927800 9 13 10 7 
1669927802 8 12 12 12 
1669927804 8 14 11 12 
1669927806 10 12 6 11 
1669927808 12 13 11 11 
1669927810 11 11 10 13 
1669927812 6 10 10 10 
1669927814 9 12 6 11 
1669927816 8 11 10 9 
1669927818 7 9 9 10 
1669927820 9 11 10 12 
1669927822 8 12 11 12 
1669927824 8 11 11 10 
1669927826 9 11 10 11 
1669927828 7 12 10 9 
1669927830 9 11 10 8 
1669927832 10 10 11 12 
1669927834 9 10 10 10 
1669927836 9 9 11 10 
1669927838 9 9 11 9 
1669927840 11 10 10 10 
1669927842 12 10 11 13 
1669927844 9 10 11 10 
1669927846 8 12 9 11 
1669927848 9 9 12 11 
1669927850 7 9 12 8 
1669927852 11 13 10 12 
1669927854 10 13 11 10 
1669927856 11 11 10 11 
1669927858 12 12 11 12 
1669927860 10 7 10 9 
1669927862 12 11 8 9 
1669927864 8 8 9 10 
1669927866 10 12 11 11 
1669927868 10 12 11 11 
1669927870 8 14 7 10 
1669927872 8 12 12 9 
1669927874 7 13 9 8 
1669927876 9 10 9 10 
1669927878 10 11 6 10 
1669927880 8 11 9 8 
1669927882 9 15 9 9 
1669927884 8 8 11 10 
1669927886 10 11 9 10 
1669927888 9 11 9 8 
1669927890 8 12 10 10 
1669927892 9 10 8 10 
1669927894 7 9 10 9 
1669927896 9 8 6 9 
1669927898 8 14 9 10 
1669927900 9 11 11 11 
1669927902 9 11 7 9 
1669927904 9 10 9 8 
1669927906 10 10 8 10 
1669927908 10 11 8 8 
1669927910 8 11 8 10 
1669927912 10 9 9 11 
1669927914 7 10 7 11 
1669927916 6 11 9 9 
1669927918 11 9 9 9 
1669927920 11 8 8 10 
1669927922 9 9 9 8 
1669927924 8 10 10 10 
1669927926 8 12 12 15 
1669927928 9 11 12 14 
1669927930 8 11 8 10 
1669927932 10 10 7 11 
1669927934 10 12 9 9 
1669927936 11 10 9 11 
1669927938 8 10 8 9 
1669927940 9 11 9 11 
1669927942 7 9 8 11 
1669927944 8 8 8 11 
1669927946 11 11 10 11 
1669927948 7 8 11 10 
1669927950 8 11 8 10 
1669927952 10 8 8 10 
1669927954 8 7 8 9 
1669927956 10 9 9 9 
1669927958 11 9 9 10 
1669927960 10 9 8 8 
1669927962 8 13 8 10 
1669927964 11 12 8 10 
1669927966 8 7 8 12 
1669927968 10 11 6 10 
1669927970 9 12 10 10 
1669927972 11 10 12 9 
1669927974 9 11 9 8 
1669927976 9 8 8 12 
1669927978 10 12 8 9 
1669927980 10 11 10 9 
1669927982 7 10 10 9 
1669927984 10 10 8 12 
1669927986 9 8 11 10 
1669927988 8 10 10 11 
1669927990 10 7 8 10 
1669927992 12 9 8 9 
1669927994 8 10 10 9 
1669927996 10 12 10 6 
1669927998 10 8 11 10 
1669928000 11 10 10 9 
1669928002 8 9 8 9 
1669928004 9 9 8 8 
1669928006 10 10 10 8 
1669928008 9 11 8 9 
1669928010 10 7 10 10 
1669928012 9 8 10 9 
1669928014 8 8 8 10 
1669928016 11 7 10 10 
1669928018 8 10 9 10 
1669928020 9 10 8 8 
1669928022 8 9 10 10 
1669928024 8 11 9 9 
1669928026 8 10 10 9 
1669928028 10 10 8 10 
1669928030 10 8 8 11 
1669928032 8 8 9 9 
1669928034 10 10 8 7 
1669928036 10 11 6 9 
1669928038 7 10 6 11 
1669928040 9 10 9 11 
1669928042 7 9 9 11 
1669928044 10 10 9 9 
1669928046 10 12 9 9 
1669928048 9 10 9 8 
1669928050 8 12 9 7 
1669928052 9 12 9 9 
1669928054 8 14 7 10 
1669928056 12 9 10 11 
1669928058 10 9 9 9 
1669928060 9 10 10 10 
1669928062 10 11 10 9 
1669928064 9 9 9 10 
1669928066 8 10 8 11 
1669928068 9 12 9 10 
1669928070 9 9 10 9 
1669928072 10 9 10 12 
1669928074 10 9 9 7 
1669928076 9 9 11 11 
1669928078 10 10 11 11 
1669928080 9 11 8 9 
1669928082 9 12 9 11 
1669928084 11 11 9 9 
1669928086 10 11 7 9 
1669928088 9 10 9 10 
1669928090 10 9 11 11 
1669928092 8 11 9 11 
1669928094 10 10 8 10 
1669928096 11 12 11 11 
1669928098 9 12 10 11 
1669928100 9 11 10 10 
1669928102 10 11 10 8 
1669928104 9 10 9 8 
1669928106 8 10 11 9 
1669928108 11 11 7 12 
1669928110 9 11 8 10 
1669928112 9 42 10 9 
1669928114 10 10 9 12 
1669928116 10 10 9 8 
1669928118 8 11 8 9 
1669928120 7 10 8 10 
1669928122 9 7 11 9 
1669928124 11 12 11 9 
1669928126 11 11 9 11 
1669928128 9 10 10 8 
1669928130 11 10 12 7 
1669928132 9 10 9 9 
1669928134 9 8 11 9 
1669928136 11 13 9 11 
1669928138 8 11 8 8 
1669928140 9 13 11 11 
1669928142 9 10 10 11 
1669928144 10 10 12 11 
1669928146 8 10 9 8 
1669928148 10 11 7 10 
1669928150 7 10 9 11 
1669928152 10 11 10 9 
1669928154 12 11 10 12 
1669928156 9 10 5 11 
1669928158 9 13 12 9 
1669928160 9 9 11 9 
1669928162 10 10 9 9 
1669928164 12 10 13 9 
1669928166 8 11 8 10 
1669928168 10 10 9 8 
1669928170 7 11 11 8 
1669928172 11 11 11 9 
1669928174 10 12 8 12 
1669928176 11 11 12 10 
1669928178 8 10 8 8 
1669928180 8 9 9 12 
1669928182 6 12 9 7 
1669928184 9 11 13 9 
1669928186 9 10 9 8 
1669928188 8 14 6 9 
1669928190 11 10 9 10 
1669928192 11 12 11 9 
1669928194 10 11 8 9 
1669928196 12 13 10 10 
1669928198 9 12 11 11 
1669928200 10 10 12 9 
1669928202 8 11 8 8 
1669928204 9 11 9 9 
1669928206 9 10 10 10 
1669928208 8 12 11 11 
1669928210 8 13 8 9 
1669928212 9 11 11 8 
1669928214 9 10 8 9 
1669928216 8 8 13 9 
1669928218 10 16 10 11 
1669928220 9 9 9 7 
1669928222 11 11 8 11 
1669928224 8 9 10 11 
1669928226 10 9 9 10 
1669928228 11 10 8 10 
1669928230 9 12 8 10 
1669928232 9 14 9 11 
1669928234 9 12 5 11 
1669928236 12 9 9 8 
1669928238 10 10 9 9 
1669928240 9 11 10 8 
1669928242 10 13 11 9 
1669928244 9 11 10 10 
1669928246 7 10 9 8 
1669928248 9 10 8 10 
1669928250 7 12 10 10 
1669928252 9 10 11 10 
1669928254 7 10 8 10 
1669928256 7 12 8 10 
1669928258 10 9 9 8 
1669928260 8 11 6 9 
1669928262 9 10 10 8 
1669928264 8 9 8 9 
1669928266 9 9 10 7 
1669928268 10 12 8 9 
1669928270 8 11 9 11 
1669928272 9 10 10 10 
1669928274 9 11 9 8 
1669928276 7 11 10 10 
1669928278 10 9 9 8 
1669928280 11 11 8 8 
1669928282 11 10 9 10 
1669928284 11 9 8 10 
1669928286 12 13 9 9 
1669928288 8 11 10 6 
1669928290 7 8 7 10 
1669928292 7 11 9 12 
1669928294 10 12 7 10 
1669928296 7 7 9 9 
1669928298 7 11 9 9 
1669928300 11 12 9 10 
1669928302 11 9 8 9 
1669928304 8 11 9 12 
1669928306 9 10 8 7 
1669928308 7 11 12 9 
1669928310 9 12 7 10 
1669928312 7 11 9 9 
1669928314 9 10 8 11 
1669928316 10 12 8 9 
1669928318 9 10 9 9 
1669928320 9 6 9 9 
1669928322 10 10 7 12 
1669928324 8 13 8 11 
1669928326 13 10 12 10 
1669928328 10 10 10 10 
1669928330 10 9 11 10 
1669928332 9 12 13 9 
1669928334 8 11 9 9 
1669928336 9 8 12 6 
1669928338 11 10 10 10 
1669928340 8 10 10 9 
1669928342 9 10 7 8 
1669928344 9 11 9 10 
1669928346 11 11 9 8 
1669928348 9 11 9 12 
1669928350 9 10 9 10 
1669928352 8 12 10 8 
1669928354 9 10 12 8 
1669928356 11 12 12 7 
1669928358 10 11 9 9 
1669928360 9 13 8 11 
1669928362 8 11 8 12 
1669928364 8 16 9 12 
1669928366 10 11 10 10 
1669928368 9 11 7 8 
1669928370 9 10 10 10 
1669928372 9 10 11 8 
1669928374 12 10 9 11 
1669928376 9 9 9 11 
1669928378 9 11 11 8 
1669928380 9 8 9 11 
1669928382 7 9 10 9 
1669928384 10 9 11 6 
1669928386 10 8 8 9 
1669928388 11 12 9 10 
1669928390 9 12 12 8 
1669928392 8 11 8 8 
1669928394 10 11 7 10 
1669928396 10 9 11 8 
1669928398 9 12 10 11 
