1669928402 9 9 9 11 
1669928405 9 12 8 8 
1669928407 9 9 9 10 
1669928409 7 10 8 10 
1669928411 11 11 9 9 
1669928413 10 9 8 9 
1669928415 10 11 7 9 
1669928417 9 9 11 10 
1669928419 8 10 12 10 
1669928421 13 12 8 10 
1669928423 8 13 10 7 
1669928425 9 10 8 10 
1669928427 9 11 9 7 
1669928429 12 10 8 9 
1669928431 7 10 9 11 
1669928433 8 9 9 9 
1669928435 8 11 8 9 
1669928437 9 8 6 9 
1669928439 11 13 7 8 
1669928441 11 11 9 9 
1669928443 9 13 11 11 
1669928445 12 13 7 11 
1669928447 10 10 10 9 
1669928449 7 11 9 10 
1669928451 10 9 9 10 
1669928453 8 14 10 9 
1669928455 10 10 11 9 
1669928457 10 11 11 11 
1669928459 9 11 11 9 
1669928461 9 9 11 12 
1669928463 10 10 9 8 
1669928465 9 8 7 10 
1669928467 10 13 9 8 
1669928469 8 9 11 11 
1669928471 8 9 10 13 
1669928473 9 12 9 9 
1669928475 10 10 11 9 
1669928477 10 10 8 13 
1669928479 8 9 7 10 
1669928481 9 11 7 8 
1669928483 10 12 10 8 
1669928485 10 9 7 10 
1669928487 9 10 9 10 
1669928489 9 11 11 11 
1669928491 6 10 9 10 
1669928493 9 11 8 12 
1669928495 10 10 11 6 
1669928497 8 10 9 10 
1669928499 10 11 8 9 
1669928501 9 12 10 10 
1669928503 10 11 9 11 
1669928505 9 9 10 10 
1669928507 9 13 8 8 
1669928509 8 13 9 10 
1669928511 10 11 8 8 
1669928513 8 9 10 10 
1669928515 9 10 13 8 
1669928517 10 11 10 10 
1669928519 10 7 12 10 
1669928521 9 14 9 11 
1669928523 10 9 8 12 
1669928525 11 11 11 11 
1669928527 12 11 9 10 
1669928529 13 13 10 10 
1669928531 9 5 10 9 
1669928533 10 11 10 9 
1669928535 10 12 9 9 
1669928537 9 12 10 10 
1669928539 6 9 9 10 
1669928541 10 8 9 11 
1669928543 10 10 11 9 
1669928545 9 14 11 9 
1669928547 10 11 11 10 
1669928549 12 11 7 9 
1669928551 8 9 9 10 
1669928553 10 12 10 9 
1669928555 9 9 10 9 
1669928557 11 9 11 11 
1669928559 11 9 8 9 
1669928561 10 11 9 10 
1669928563 8 11 11 10 
1669928565 11 10 10 8 
1669928567 8 7 7 8 
1669928569 9 12 11 9 
1669928571 10 10 11 10 
1669928573 10 11 9 11 
1669928575 10 11 11 11 
1669928577 9 8 10 11 
1669928579 8 11 8 7 
1669928581 9 9 10 11 
1669928583 8 12 9 9 
1669928585 8 10 8 10 
1669928587 11 10 11 8 
1669928589 9 10 9 8 
1669928591 9 12 8 7 
1669928593 9 12 10 9 
1669928595 11 13 8 11 
1669928597 10 10 7 10 
1669928599 8 11 9 8 
1669928601 10 10 9 8 
1669928603 10 10 7 6 
1669928605 8 12 8 10 
1669928607 7 12 8 9 
1669928609 9 7 11 10 
1669928611 8 11 9 12 
1669928613 10 9 9 11 
1669928615 9 8 9 8 
1669928617 8 9 8 11 
1669928619 11 11 9 9 
1669928621 8 12 9 10 
1669928623 7 11 8 10 
1669928625 8 11 9 10 
1669928627 10 11 10 9 
1669928629 11 11 10 9 
1669928631 11 8 9 10 
1669928633 9 9 9 9 
1669928635 8 12 12 9 
1669928637 9 7 11 11 
1669928639 8 10 7 10 
1669928641 8 12 10 11 
1669928643 10 12 7 9 
1669928645 9 13 9 10 
1669928647 9 10 11 9 
1669928649 9 10 9 7 
1669928651 8 12 8 10 
1669928653 10 11 10 8 
1669928655 8 10 10 11 
1669928657 9 10 9 11 
1669928659 9 10 8 11 
1669928661 12 10 12 9 
1669928663 9 10 10 9 
1669928665 12 11 10 12 
1669928667 9 12 9 9 
1669928669 10 12 9 12 
1669928671 10 11 7 10 
1669928673 10 12 10 12 
1669928675 7 9 9 8 
1669928677 10 12 10 8 
1669928679 10 10 8 8 
1669928681 8 11 11 10 
1669928683 8 10 8 10 
1669928685 12 8 8 9 
1669928687 7 8 10 8 
1669928689 9 13 11 10 
1669928691 9 9 9 10 
1669928693 7 11 11 12 
1669928695 12 13 8 11 
1669928697 9 11 14 10 
1669928699 10 9 11 10 
1669928701 10 11 10 8 
1669928703 8 12 10 9 
1669928705 7 10 9 8 
1669928707 7 12 8 10 
1669928709 8 8 10 10 
1669928711 7 8 11 9 
1669928713 10 10 10 13 
1669928715 9 12 9 8 
1669928717 9 8 9 9 
1669928719 9 12 6 8 
1669928721 8 10 10 9 
1669928723 12 11 12 11 
1669928725 15 12 12 10 
1669928727 9 12 11 10 
1669928729 9 9 8 11 
1669928731 10 14 9 8 
1669928733 10 10 10 12 
1669928735 8 7 11 8 
1669928737 9 11 8 12 
1669928739 9 11 9 12 
1669928741 10 12 9 7 
1669928743 9 11 10 9 
1669928745 9 9 9 8 
1669928747 7 10 7 10 
1669928749 10 11 12 9 
1669928751 7 12 9 8 
1669928753 8 10 8 10 
1669928755 10 11 9 8 
1669928757 10 9 9 10 
1669928759 9 11 6 7 
1669928761 7 9 8 8 
1669928763 8 9 10 8 
1669928765 9 10 11 9 
1669928767 8 12 8 11 
1669928769 9 10 12 12 
1669928771 8 10 10 11 
1669928773 9 10 7 11 
1669928775 10 9 9 10 
1669928777 9 11 10 12 
1669928779 12 8 10 9 
1669928781 9 8 9 8 
1669928783 8 0 10 9 
1669928785 9 10 9 10 
1669928787 8 8 11 9 
1669928789 9 9 8 10 
1669928791 8 11 8 9 
1669928793 8 13 10 9 
1669928795 7 12 7 10 
1669928797 8 9 9 6 
1669928799 7 11 11 9 
1669928801 8 10 9 8 
1669928803 11 12 9 9 
1669928805 8 10 10 12 
1669928807 8 10 14 10 
1669928809 7 9 8 9 
1669928811 8 13 10 9 
1669928813 10 10 10 9 
1669928815 10 8 10 10 
1669928817 10 11 10 11 
1669928819 8 11 10 10 
1669928821 7 10 10 8 
1669928823 8 10 10 10 
1669928825 9 10 9 10 
1669928827 8 9 9 8 
1669928829 9 11 11 9 
1669928831 11 10 7 10 
1669928833 9 9 10 9 
1669928835 10 12 10 10 
1669928837 9 12 7 10 
1669928839 9 7 8 9 
1669928841 10 10 8 8 
1669928843 9 5 9 10 
1669928845 10 13 10 12 
1669928847 11 8 10 10 
1669928849 8 9 9 10 
1669928851 8 10 8 7 
1669928853 11 11 12 9 
1669928855 8 11 9 10 
1669928857 11 10 8 12 
1669928859 10 11 10 12 
1669928861 9 10 8 10 
1669928863 8 10 9 12 
1669928865 9 11 9 8 
1669928867 9 10 6 9 
1669928869 11 12 11 9 
1669928871 10 0 8 12 
1669928873 8 8 11 8 
1669928875 11 12 9 10 
1669928877 10 10 10 10 
1669928879 10 8 9 9 
1669928881 6 10 9 8 
1669928883 9 11 11 11 
1669928885 10 10 8 10 
1669928887 7 9 8 9 
1669928889 9 10 10 10 
1669928891 8 11 8 9 
1669928893 7 11 6 10 
1669928895 9 10 11 9 
1669928897 7 10 9 7 
1669928899 12 11 10 9 
1669928901 9 12 6 11 
1669928903 8 10 10 10 
1669928905 9 10 9 8 
1669928907 8 10 9 11 
1669928909 8 10 10 8 
1669928911 10 8 9 12 
1669928913 9 10 10 9 
1669928915 9 9 10 11 
1669928917 9 10 9 10 
1669928919 8 11 9 9 
1669928921 10 8 12 9 
1669928923 6 9 12 13 
1669928925 9 8 9 13 
1669928927 12 10 13 13 
1669928929 10 12 11 8 
1669928931 10 11 9 11 
1669928933 13 13 11 11 
1669928935 11 14 8 8 
1669928937 9 12 10 10 
1669928939 6 10 10 12 
1669928941 8 12 8 9 
1669928943 8 8 7 11 
1669928945 8 9 10 10 
1669928947 9 10 10 9 
1669928949 10 10 10 11 
1669928951 8 10 10 8 
1669928953 8 9 8 10 
1669928955 8 11 9 8 
1669928957 9 10 10 8 
1669928959 9 10 7 10 
1669928961 10 9 10 8 
1669928963 10 11 8 11 
1669928965 9 11 7 9 
1669928967 8 12 9 9 
1669928969 8 10 7 8 
1669928971 9 12 10 11 
1669928973 9 9 8 9 
1669928975 10 12 8 12 
1669928977 11 10 11 9 
1669928979 8 8 9 11 
1669928981 9 11 10 9 
1669928983 6 7 11 9 
1669928985 6 11 9 11 
1669928987 7 11 9 9 
1669928989 8 11 12 11 
1669928991 11 9 10 10 
1669928993 10 13 8 9 
1669928995 10 11 9 11 
1669928997 11 10 10 10 
1669928999 11 11 11 8 
1669929001 10 9 10 9 
1669929003 6 9 11 7 
1669929005 7 10 10 9 
1669929007 8 7 7 8 
1669929009 10 9 7 8 
1669929011 9 12 9 9 
1669929013 8 9 8 9 
1669929015 9 9 11 10 
1669929017 8 10 9 12 
1669929019 8 10 10 8 
1669929021 10 12 8 11 
1669929023 8 12 11 11 
1669929025 10 12 9 7 
1669929027 9 9 7 8 
1669929029 9 12 8 7 
1669929031 6 11 10 10 
1669929033 8 11 10 11 
1669929035 10 11 10 11 
1669929037 12 10 12 11 
1669929039 10 11 10 10 
1669929041 10 12 8 10 
1669929043 7 10 13 8 
1669929045 9 12 8 9 
1669929047 10 8 10 7 
1669929049 9 13 5 8 
1669929051 9 9 11 8 
1669929053 9 8 8 9 
1669929055 6 11 11 9 
1669929057 10 11 9 8 
1669929059 11 9 8 10 
1669929061 11 10 7 12 
1669929063 10 11 8 9 
1669929065 10 9 9 9 
1669929067 8 10 9 10 
1669929069 9 11 7 9 
1669929071 9 10 9 9 
1669929073 9 10 8 8 
1669929075 9 8 10 11 
1669929077 11 10 10 7 
1669929079 9 10 9 9 
1669929081 8 10 10 8 
1669929083 10 11 10 8 
1669929085 7 10 9 9 
1669929087 8 10 10 8 
1669929089 8 11 8 10 
1669929091 9 10 7 8 
1669929093 8 11 8 10 
1669929095 9 9 9 7 
1669929097 10 9 8 9 
1669929099 7 9 10 11 
1669929101 7 11 8 10 
1669929103 11 9 10 10 
1669929105 8 9 11 8 
1669929107 10 9 12 9 
1669929109 8 11 9 8 
1669929111 9 9 9 7 
1669929113 12 81 7 10 
1669929115 2473 1511 1179 2616 
1669929117 1593 1868 1028 1268 
1669929119 2138 2770 1537 2264 
1669929121 1282 633 525 591 
1669929123 1590 2379 1618 1907 
1669929125 1569 3260 1695 2928 
1669929127 2760 3448 3483 3371 
1669929129 511 493 1246 2667 
1669929131 2136 1026 880 1440 
1669929133 529 3109 2306 3469 
1669929135 1672 3446 1940 2663 
1669929137 1370 794 793 1289 
1669929139 2214 2316 1089 1265 
1669929141 1631 1330 690 1620 
1669929143 1003 608 1279 1548 
1669929145 493 1443 494 1704 
1669929147 1985 3243 1703 3161 
1669929149 1954 3013 1857 2160 
1669929151 1264 2296 948 3230 
1669929153 1845 1869 998 1928 
1669929155 637 3417 1613 3358 
1669929157 1068 3013 1445 2090 
1669929159 1611 1862 1251 1824 
1669929161 1914 3500 2464 3402 
1669929163 583 2271 2227 3169 
1669929165 567 596 515 500 
1669929167 2863 2066 1372 1326 
1669929169 2793 3017 1721 2003 
1669929171 621 615 554 1062 
1669929173 1640 1133 822 1301 
1669929175 1722 1597 1030 1640 
1669929177 2200 2107 1084 1726 
1669929179 3235 3236 3015 3373 
1669929181 3130 1157 814 1638 
1669929183 1475 666 1528 532 
1669929185 1727 3374 3475 3385 
1669929187 594 586 388 771 
1669929189 2206 1305 1321 533 
1669929191 586 581 979 587 
1669929193 783 1974 2549 777 
1669929195 1925 502 424 729 
1669929197 1574 2176 2355 3380 
1669929199 2715 2533 2858 1140 
1669929201 2981 1817 1264 2645 
1669929203 2177 3063 1681 2129 
1669929205 840 1066 753 1667 
1669929207 1017 2609 1414 2145 
1669929209 1384 1691 1671 1501 
1669929211 1529 1347 726 818 
1669929213 2390 566 622 895 
1669929215 1067 1724 1173 2855 
1669929217 1125 1375 864 1234 
1669929219 610 694 451 1337 
1669929221 3195 2589 1758 1697 
1669929223 2497 3185 2426 2243 
1669929225 1053 1156 894 1842 
1669929227 1266 1359 772 1364 
1669929229 2847 2630 1572 1428 
1669929231 1882 2304 1066 1459 
1669929233 1591 1719 859 1251 
1669929235 2271 1783 908 1548 
1669929237 2016 2194 1420 1565 
1669929239 817 587 558 1051 
1669929241 1964 2227 1482 2144 
1669929243 1238 1248 882 1417 
1669929245 3210 2134 1302 1585 
1669929247 2190 2842 1291 1559 
1669929249 1722 2380 1057 1853 
1669929251 1830 935 605 898 
1669929253 1833 1335 982 1419 
1669929255 1227 1175 762 1341 
1669929257 1532 1422 846 1377 
1669929259 1893 1940 1033 1768 
1669929261 1197 1035 710 1138 
1669929263 1753 1825 1183 1605 
1669929265 1298 2455 1367 2257 
1669929267 1583 1902 1131 1531 
1669929269 1623 1508 919 1261 
1669929271 1662 1885 1157 1938 
1669929273 2578 2122 1035 1064 
1669929275 1053 773 2252 2235 
1669929277 546 347 394 463 
1669929279 3168 1691 1512 1297 
1669929281 610 3083 2091 3288 
1669929283 2107 2299 1205 2185 
1669929285 2337 2823 1562 1848 
1669929287 1545 1861 900 1514 
1669929289 1383 1546 874 1375 
1669929291 2331 3114 1832 1679 
1669929293 1858 2432 1258 1914 
1669929295 1586 2001 966 1634 
1669929297 1462 1879 1011 1310 
1669929299 1419 1744 975 1340 
1669929301 1431 1710 905 1355 
1669929303 1186 1693 878 1488 
1669929305 1387 1488 848 1497 
1669929307 1322 1512 906 1623 
1669929309 1414 1590 825 1461 
1669929311 1567 1410 757 1296 
1669929313 1407 1640 793 1543 
1669929315 1394 1366 828 1310 
1669929317 1396 1587 915 1565 
1669929319 1482 1740 932 1588 
1669929321 1588 1698 877 1512 
1669929323 1587 1731 944 1458 
1669929325 1476 1461 864 1522 
1669929327 1588 1595 935 1478 
1669929329 1565 1650 946 1424 
1669929331 1555 1646 950 1468 
1669929333 1542 1577 894 1405 
1669929335 1503 1568 906 1466 
1669929337 1643 1672 987 1454 
1669929339 1689 1990 1103 1834 
1669929341 1492 1706 896 1550 
1669929343 1413 1578 920 1559 
1669929345 1675 1854 1036 1561 
1669929347 1739 1427 900 1203 
1669929349 1606 1679 869 1502 
1669929351 982 1570 869 2075 
1669929353 1679 1900 1093 1467 
1669929355 1551 1666 907 1641 
1669929357 1512 1557 903 1442 
1669929359 1455 1556 879 1627 
1669929361 1692 1716 987 1474 
1669929363 1619 1891 1046 1651 
1669929365 1650 1697 938 1499 
1669929367 1549 1924 1001 1650 
1669929369 1651 1885 972 1425 
1669929371 1566 1683 903 1446 
1669929373 1568 1681 1034 1494 
1669929375 1315 1532 876 1605 
1669929377 1471 1728 1007 1531 
1669929379 1737 1807 965 1446 
1669929381 1498 1465 792 1434 
1669929383 1620 1729 958 1434 
1669929385 1493 1632 774 1514 
1669929387 1732 1778 923 1501 
1669929389 1255 1666 935 1673 
1669929391 1496 1475 860 1358 
1669929393 1672 1622 971 1463 
1669929395 2088 2267 1333 1577 
1669929397 1590 1789 972 1554 
1669929399 1071 1202 570 1355 
1669929401 1426 1348 830 1382 
1669929403 1533 1586 934 1551 
1669929405 1583 1751 945 1573 
1669929407 1595 1724 918 1485 
1669929409 1721 1845 1004 1498 
1669929411 1674 1813 1015 1489 
1669929413 1542 1531 918 1545 
1669929415 1593 1742 956 1557 
1669929417 1577 1706 962 1572 
1669929419 1466 1719 902 1549 
1669929421 1549 1709 920 1531 
1669929423 1587 1645 938 1497 
1669929425 1555 1611 880 1494 
1669929427 1546 1732 951 1529 
1669929429 1686 1837 1001 1503 
1669929431 1576 1705 900 1403 
1669929433 1349 1596 907 1564 
1669929435 1540 1820 975 1534 
1669929437 1523 1684 846 1376 
1669929439 1545 1620 923 1462 
1669929441 1519 1688 954 1501 
1669929443 1548 1702 866 1406 
1669929445 1832 1970 1085 1439 
1669929447 1844 1694 981 1239 
1669929449 1218 3492 3545 3431 
1669929451 1016 2804 2555 2367 
1669929453 1065 1423 997 1344 
1669929455 1311 1811 1078 1619 
1669929457 2041 2397 1406 1751 
1669929459 1453 1636 896 1472 
1669929461 1352 1581 802 1548 
1669929463 1516 1675 1002 1519 
1669929465 1472 1537 882 1442 
1669929467 1964 2336 1275 1520 
1669929469 1726 2008 1019 1426 
1669929471 1497 1750 850 1582 
1669929473 1450 1689 904 1334 
1669929475 1579 1649 933 1454 
1669929477 1548 1647 938 1388 
1669929479 1444 1693 917 1482 
1669929481 1568 1673 898 1401 
1669929483 1574 1712 835 1472 
1669929485 1587 1698 940 1533 
1669929487 1614 1645 942 1527 
1669929489 1562 1716 934 1421 
1669929491 1585 1715 941 1513 
1669929493 1604 1715 924 1481 
1669929495 1600 1614 950 1565 
1669929497 1708 1695 934 1356 
1669929499 1490 1545 906 1388 
1669929501 1609 1701 855 1432 
1669929503 1634 1681 934 1419 
1669929505 1503 1621 927 1504 
1669929507 1411 1758 936 1706 
1669929509 1568 1700 936 1514 
1669929511 1520 1741 928 1595 
1669929513 1572 1662 927 1560 
1669929515 1351 1697 930 1663 
1669929517 1618 1720 878 1446 
1669929519 1777 1712 949 1390 
1669929521 1658 1687 918 1518 
1669929523 1609 1706 905 1539 
1669929525 1535 1724 917 1468 
1669929527 1571 1652 918 1532 
1669929529 1479 1654 914 1426 
1669929531 1439 1708 930 1531 
1669929533 1552 1742 968 1434 
1669929535 1603 1677 915 1516 
1669929537 1606 1680 920 1533 
1669929539 1580 1636 923 1538 
1669929541 1577 1712 929 1549 
1669929543 1549 1733 939 1539 
1669929545 1578 1715 847 1570 
1669929547 1498 1759 910 1455 
1669929549 1578 1728 949 1497 
1669929551 1612 1721 945 1512 
1669929553 1586 1720 863 1513 
1669929555 1538 1734 925 1532 
1669929557 1591 1710 959 1526 
1669929559 1476 1670 865 1528 
1669929561 1574 1760 946 1516 
1669929563 1543 1744 918 1560 
1669929565 1575 1723 907 1530 
1669929567 1590 1763 850 1537 
1669929569 1547 1648 918 1627 
1669929571 1535 1705 921 1591 
1669929573 1579 1746 916 1577 
1669929575 1596 1747 938 1545 
1669929577 1593 1746 951 1561 
1669929579 1630 1704 780 1437 
1669929581 1599 1630 906 1501 
1669929583 1561 1693 912 1557 
1669929585 1396 1669 900 1705 
1669929587 1556 1771 912 1569 
1669929589 1614 1709 960 1502 
1669929591 1604 1765 952 1535 
1669929593 1566 1717 923 1569 
1669929595 1512 1793 935 1586 
1669929597 1602 1738 923 1522 
1669929599 1527 1742 949 1523 
1669929601 1526 1736 832 1516 
1669929603 1576 1744 824 1558 
1669929605 1638 1661 809 1328 
1669929607 1406 1789 899 1766 
1669929609 1740 1785 989 1497 
1669929611 1848 1974 986 1453 
1669929613 1949 2520 1402 1788 
1669929615 1389 1609 1064 1789 
1669929617 1497 556 490 609 
1669929619 2956 2655 1824 1952 
1669929621 1262 1401 869 1683 
1669929623 1459 1778 989 1770 
1669929625 1529 1831 971 1718 
1669929627 1520 1810 857 1516 
1669929629 1486 1802 966 1626 
1669929631 1532 1860 963 1535 
1669929633 1579 1845 932 1599 
1669929635 1517 1793 853 1555 
1669929637 1566 1833 933 1575 
1669929639 1518 1774 946 1563 
1669929641 1564 1781 930 1465 
1669929643 1568 1807 925 1547 
1669929645 1577 1781 916 1465 
1669929647 1585 1713 940 1438 
1669929649 1551 1768 910 1448 
1669929651 1599 1627 910 1544 
1669929653 1494 1710 920 1567 
1669929655 1530 1622 906 1472 
1669929657 1710 1692 902 1163 
1669929659 1559 1654 920 1451 
1669929661 1325 1770 934 1670 
1669929663 1526 1787 913 1511 
1669929665 1571 1700 935 1526 
1669929667 1598 1708 956 1538 
1669929669 1452 1617 903 1552 
1669929671 1598 1747 927 1511 
1669929673 1549 1728 919 1519 
1669929675 1534 1726 910 1549 
1669929677 1579 1716 912 1535 
1669929679 1550 1688 906 1536 
1669929681 1582 1664 895 1554 
1669929683 1553 1693 902 1571 
1669929685 1565 1651 894 1550 
1669929687 1602 1755 923 1576 
1669929689 1607 1750 937 1580 
1669929691 1572 1765 935 1556 
1669929693 1633 1755 910 1512 
1669929695 1603 1704 896 1498 
1669929697 1452 1755 915 1526 
1669929699 1707 1752 939 1378 
1669929701 1409 1677 899 1503 
1669929703 1557 1744 891 1533 
1669929705 1614 1760 901 1521 
1669929707 1563 1724 922 1573 
1669929709 1511 1655 909 1563 
1669929711 1544 1673 904 1390 
1669929713 1497 1716 937 1506 
1669929715 1637 1692 917 1482 
1669929717 1525 1721 834 1624 
1669929719 1521 1753 837 1549 
1669929721 1538 1762 918 1561 
1669929723 1571 1705 836 1546 
1669929725 1677 1691 904 1439 
1669929727 1704 1533 885 1368 
1669929729 1404 1573 882 1483 
1669929731 1584 1715 891 1535 
1669929733 1621 1732 910 1536 
1669929735 1613 1735 916 1462 
1669929737 1607 1706 940 1492 
1669929739 1617 1705 887 1499 
1669929741 1574 1684 804 1524 
1669929743 1465 1697 881 1528 
1669929745 1537 1700 924 1439 
1669929747 1567 1697 925 1404 
1669929749 1577 1702 907 1513 
1669929751 1474 1690 826 1485 
1669929753 1498 1702 879 1517 
1669929755 1496 1717 916 1634 
1669929757 1456 1610 922 1560 
1669929759 1539 1702 939 1499 
1669929761 1560 1765 938 1531 
1669929763 1587 1751 901 1490 
1669929765 1624 1725 917 1404 
1669929767 1413 1740 880 1580 
1669929769 1655 1687 910 1319 
1669929771 1648 1511 894 1328 
1669929773 1649 1604 932 1421 
1669929775 1516 1700 921 1578 
1669929777 1560 1697 918 1581 
1669929779 1583 1728 922 1523 
1669929781 1563 1721 919 1547 
1669929783 1545 1746 901 1565 
1669929785 1548 1715 924 1597 
1669929787 1525 1722 941 1547 
1669929789 1544 1744 912 1558 
1669929791 1609 1760 912 1527 
1669929793 1561 1712 924 1407 
1669929795 1593 1689 889 1464 
1669929797 1588 1663 875 1462 
1669929799 1597 1686 912 1528 
1669929801 1509 1711 876 1548 
1669929803 1576 1600 885 1526 
1669929805 1596 1661 898 1561 
1669929807 1547 1654 897 1517 
1669929809 1614 1740 924 1398 
1669929811 1577 1705 896 1482 
1669929813 1597 1707 920 1548 
1669929815 1569 1726 905 1523 
1669929817 1555 1647 905 1541 
1669929819 1581 1726 898 1556 
1669929821 1503 1725 914 1443 
1669929823 1529 1733 916 1545 
1669929825 1575 1742 913 1546 
1669929827 1596 1593 877 1496 
1669929829 1598 1703 883 1492 
1669929831 1580 1713 874 1508 
1669929833 1592 1649 910 1438 
1669929835 1533 1746 933 1531 
1669929837 1594 1662 923 1476 
1669929839 1479 1690 919 1513 
1669929841 1555 1725 915 1533 
1669929843 1572 1730 948 1449 
1669929845 1555 1711 917 1534 
1669929847 1583 1715 923 1494 
1669929849 1600 1677 927 1507 
1669929851 1580 1757 913 1501 
1669929853 1463 1744 834 1414 
1669929855 1468 1637 879 1519 
1669929857 1573 1644 838 1549 
1669929859 1583 1654 917 1514 
1669929861 1608 1587 815 1495 
1669929863 1570 1709 916 1523 
1669929865 1593 1697 907 1526 
1669929867 1539 1729 912 1525 
1669929869 1585 1689 896 1516 
1669929871 1573 1695 912 1549 
1669929873 1591 1728 832 1505 
1669929875 1609 1727 910 1466 
1669929877 1483 1688 879 1492 
1669929879 1577 1747 923 1499 
1669929881 1577 1746 933 1501 
1669929883 1578 1675 929 1542 
1669929885 1593 1697 920 1463 
1669929887 1567 1734 903 1488 
1669929889 1453 1700 921 1519 
1669929891 1528 1747 888 1543 
1669929893 1513 1616 892 1467 
1669929895 1638 1781 944 1504 
1669929897 1544 1631 910 1433 
1669929899 1557 1676 914 1502 
1669929901 1577 1678 742 1504 
1669929903 1645 1662 820 1487 
1669929905 1573 1720 929 1555 
1669929907 1527 1736 907 1546 
1669929909 1469 1716 934 1421 
1669929911 1578 1672 923 1518 
1669929913 1543 1685 903 1536 
1669929915 1680 1681 881 1398 
1669929917 1594 1720 912 1413 
1669929919 1614 1572 907 1475 
1669929921 1484 1693 883 1529 
1669929923 1526 1707 905 1518 
1669929925 1583 1692 898 1530 
1669929927 1546 1744 907 1513 
1669929929 1548 1764 910 1508 
1669929931 1600 1726 910 1560 
1669929933 1625 1752 923 1554 
1669929935 1578 1727 893 1534 
1669929937 1587 1697 884 1317 
1669929939 1602 1540 905 1447 
1669929941 1593 1630 925 1497 
1669929943 1596 1723 920 1523 
1669929945 1590 1597 886 1460 
1669929947 1584 1538 895 1537 
1669929949 1622 1778 886 1444 
1669929951 1549 1653 895 1501 
1669929953 1571 1695 929 1525 
1669929955 1561 1729 919 1526 
1669929957 1593 1668 944 1415 
1669929959 1551 1703 889 1484 
1669929961 1572 1720 918 1563 
1669929963 1593 1678 906 1559 
1669929965 1513 1725 901 1581 
1669929967 1547 1679 921 1557 
1669929969 1662 1606 924 1375 
1669929971 1675 1737 866 1470 
1669929973 1620 1665 871 1490 
1669929975 1566 1695 867 1501 
1669929977 1575 1679 917 1512 
1669929979 1620 1642 923 1528 
1669929981 1599 1676 922 1572 
1669929983 1596 1687 827 1533 
1669929985 1551 1730 830 1456 
1669929987 1622 1738 915 1470 
1669929989 1619 1735 938 1540 
1669929991 1557 1701 921 1596 
1669929993 1535 1613 896 1564 
1669929995 1525 1565 871 1536 
1669929997 1625 1723 918 1565 
1669929999 1595 1766 907 1514 
1669930001 1495 1812 948 1548 
1669930003 1543 1718 849 1549 
1669930005 1561 1713 905 1524 
1669930007 1357 1673 899 1514 
1669930009 1557 1665 889 1535 
1669930011 1577 1732 927 1541 
1669930013 1561 1660 920 1515 
1669930015 1589 1738 926 1454 
1669930017 1596 1693 899 1511 
1669930019 1589 1695 921 1548 
1669930021 1611 1703 918 1583 
1669930023 1599 1759 921 1529 
1669930025 1603 1710 886 1518 
1669930027 1480 1756 804 1502 
1669930029 1501 1725 903 1504 
1669930031 1553 1670 898 1510 
1669930033 1448 1749 827 1527 
1669930035 1533 1734 919 1570 
1669930037 1573 1713 903 1560 
1669930039 1550 1739 908 1561 
1669930041 1540 1598 879 1498 
1669930043 1553 1712 908 1524 
1669930045 1566 1573 894 1553 
1669930047 1603 1688 932 1426 
1669930049 1463 1730 934 1528 
1669930051 1576 1715 900 1553 
1669930053 1579 1682 900 1577 
1669930055 1601 1659 920 1576 
1669930057 1605 1714 930 1418 
1669930059 1583 1664 890 1503 
1669930061 1588 1705 897 1514 
1669930063 1614 1722 935 1514 
1669930065 1610 1732 944 1537 
1669930067 1565 1698 909 1545 
1669930069 1594 1710 948 1428 
1669930071 1459 1692 903 1496 
1669930073 1458 1730 897 1536 
1669930075 1465 1711 898 1581 
1669930077 1554 1760 929 1540 
1669930079 1603 1673 883 1565 
1669930081 1589 1742 930 1468 
1669930083 1562 1759 908 1425 
1669930085 1600 1714 910 1300 
1669930087 1656 1818 798 1491 
1669930089 1572 1699 911 1513 
1669930091 1531 1641 911 1534 
1669930093 1609 1719 950 1455 
1669930095 1581 1744 915 1495 
1669930097 1575 1710 928 1540 
1669930099 1599 1764 928 1538 
1669930101 1623 1768 919 1546 
1669930103 1500 1713 876 1531 
1669930105 1456 1738 904 1512 
1669930107 1605 1745 926 1520 
1669930109 1573 1690 875 1428 
1669930111 1626 1714 822 1401 
1669930113 1613 1666 820 1530 
1669930115 1622 1763 916 1557 
1669930117 1581 1639 911 1558 
1669930119 1648 1494 935 1511 
1669930121 1540 1611 892 1558 
1669930123 1601 1634 920 1566 
1669930125 1609 1613 908 1569 
1669930127 1602 1728 910 1568 
1669930129 1457 1686 910 1567 
1669930131 1503 1698 898 1565 
1669930133 1590 1647 917 1494 
1669930135 1609 1721 941 1550 
1669930137 1601 1648 929 1558 
1669930139 1620 1708 863 1532 
1669930141 1600 1715 920 1521 
1669930143 1565 1759 935 1560 
1669930145 1572 1763 907 1543 
1669930147 1597 1743 935 1559 
1669930149 1559 1699 832 1429 
1669930151 1611 1763 915 1397 
1669930153 1675 1789 966 1492 
1669930155 1483 1623 873 1519 
1669930157 1547 1695 924 1418 
1669930159 1762 1924 1055 1512 
1669930161 1609 1649 916 1541 
1669930163 1565 1698 932 1532 
1669930165 1541 1691 934 1571 
1669930167 1640 1800 878 1413 
1669930169 1567 1717 869 1499 
1669930171 1570 1728 897 1514 
1669930173 1588 1711 900 1412 
1669930175 1570 1732 930 1498 
1669930177 1584 1739 929 1533 
1669930179 1577 1761 914 1562 
1669930181 1615 1705 923 1516 
1669930183 1613 1771 926 1570 
1669930185 1291 1525 783 1482 
1669930187 1613 1759 980 1606 
1669930189 1604 1780 962 1529 
1669930191 1579 1763 929 1520 
1669930193 1504 1764 929 1549 
1669930195 1608 1776 966 1565 
1669930197 1579 1768 951 1549 
1669930199 1587 1770 837 1431 
1669930201 1635 1718 924 1410 
1669930203 1606 1600 837 1500 
1669930205 1493 1648 916 1429 
1669930207 1520 1691 829 1520 
1669930209 1592 1725 892 1517 
1669930211 1607 1657 924 1434 
1669930213 1619 1740 939 1398 
1669930215 1581 1672 919 1518 
1669930217 1564 1573 880 1414 
1669930219 1606 1691 893 1476 
1669930221 1588 1685 886 1541 
1669930223 1611 1738 919 1504 
1669930225 1595 1697 927 1539 
1669930227 1587 1663 894 1525 
1669930229 1579 1680 817 1548 
1669930231 1616 1655 910 1573 
1669930233 1596 1690 943 1547 
1669930235 1572 1667 930 1440 
1669930237 1465 1720 833 1530 
1669930239 1450 1610 819 1514 
1669930241 1481 1732 855 1551 
1669930243 1559 1727 907 1524 
1669930245 1644 1578 930 1469 
1669930247 1640 1655 942 1535 
1669930249 1617 1682 918 1568 
1669930251 1484 1757 927 1524 
1669930253 1543 1721 939 1503 
1669930255 1471 1692 952 1538 
1669930257 1436 1654 913 1515 
1669930259 1504 1721 935 1514 
1669930261 1562 1704 934 1437 
1669930263 1508 1689 918 1336 
1669930265 1558 1601 920 1481 
1669930267 1575 1667 937 1542 
1669930269 1591 1746 952 1510 
1669930271 1572 1717 927 1500 
1669930273 1561 1736 939 1520 
1669930275 1559 1693 887 1520 
1669930277 1602 1534 811 1501 
1669930279 1630 1679 908 1503 
1669930281 1589 1680 922 1559 
1669930283 1632 1673 895 1495 
1669930285 1611 1726 946 1544 
1669930287 1423 1627 886 1539 
1669930289 1589 1681 924 1398 
1669930291 1608 1789 902 1539 
1669930293 1588 1708 751 1512 
1669930295 1577 1679 884 1536 
1669930297 1584 1743 916 1533 
1669930299 1520 1736 919 1576 
1669930301 1609 1681 909 1553 
1669930303 1584 1726 841 1561 
1669930305 1568 1648 933 1569 
1669930307 1605 1724 939 1509 
1669930309 1585 1689 929 1535 
1669930311 1598 1615 935 1438 
1669930313 1563 1713 914 1496 
1669930315 1590 1592 945 1494 
1669930317 1466 1642 844 1410 
1669930319 1451 1692 937 1520 
1669930321 1540 1714 898 1551 
1669930323 1573 1726 950 1526 
1669930325 1595 1740 838 1547 
1669930327 1472 1591 894 1548 
1669930329 1586 1680 924 1433 
1669930331 1595 1729 931 1477 
1669930333 1590 1733 944 1505 
1669930335 1567 1693 904 1533 
1669930337 1556 1730 900 1526 
1669930339 1602 1734 944 1445 
1669930341 1559 1693 932 1540 
1669930343 1605 1679 874 1445 
1669930345 1572 1694 916 1420 
1669930347 1582 1562 917 1523 
1669930349 1608 1686 950 1538 
1669930351 1634 1711 905 1555 
1669930353 1538 1774 850 1641 
1669930355 1573 1674 832 1568 
1669930357 1469 1653 923 1521 
1669930359 1543 1694 931 1537 
1669930361 1577 1695 911 1538 
1669930363 1594 1719 919 1519 
1669930365 1550 1693 899 1495 
1669930367 1545 1671 892 1549 
1669930369 1581 1579 919 1497 
1669930371 1544 1704 911 1547 
1669930373 1544 1565 915 1555 
1669930375 1587 1674 923 1515 
1669930377 1595 1640 933 1547 
1669930379 1559 1718 906 1516 
1669930381 1589 1659 842 1559 
1669930383 1609 1732 939 1539 
1669930385 1583 1747 890 1536 
1669930387 1572 1651 904 1447 
1669930389 1601 1683 937 1540 
1669930391 1613 1691 897 1528 
1669930393 1482 1706 907 1554 
1669930395 1577 1740 917 1576 
1669930397 1554 1684 857 1563 
1669930399 1592 1712 819 1545 
1669930401 1572 1716 903 1550 
1669930403 1579 1689 829 1534 
1669930405 1496 1710 910 1456 
1669930407 1453 1673 915 1500 
1669930409 1527 1711 913 1491 
1669930411 1576 1682 952 1559 
1669930413 1608 1755 905 1478 
1669930415 1578 1628 926 1501 
1669930417 1610 1703 928 1529 
1669930419 1631 1711 912 1553 
1669930421 1643 1656 951 1542 
1669930423 1645 1711 920 1521 
1669930425 1605 1723 934 1575 
1669930427 1583 1672 914 1558 
1669930429 1606 1722 932 1435 
1669930431 1460 1723 879 1497 
1669930433 1509 1716 900 1419 
1669930435 1549 1741 914 1491 
1669930437 1556 1726 918 1562 
1669930439 1532 1746 914 1567 
1669930441 1612 1753 926 1513 
1669930443 1611 1732 956 1565 
1669930445 1610 1757 934 1534 
1669930447 1527 1678 863 1555 
1669930449 1555 1679 946 1603 
1669930451 1601 1696 844 1549 
1669930453 1649 1812 973 1522 
1669930455 1705 1833 1006 1544 
1669930457 1593 1793 927 1544 
1669930459 1381 1591 894 1590 
1669930461 1637 1780 924 1506 
1669930463 1565 1701 914 1550 
1669930465 1580 1733 950 1574 
1669930467 1554 1709 939 1568 
1669930469 1553 1668 935 1537 
1669930471 1652 1745 967 1556 
1669930473 1565 1668 929 1526 
1669930475 1616 1687 917 1543 
1669930477 1432 1610 725 1500 
1669930479 1447 1684 883 1536 
1669930481 1601 1713 906 1570 
1669930483 1585 1755 915 1559 
1669930485 1521 1632 885 1502 
1669930487 1416 1669 884 1553 
1669930489 1537 1717 916 1551 
1669930491 1419 1492 771 1546 
1669930493 1363 1704 823 1505 
1669930495 1553 1731 900 1509 
1669930497 1562 1599 889 1522 
1669930499 1622 1732 950 1583 
1669930501 1567 1698 934 1569 
1669930503 1542 1610 912 1573 
1669930505 1532 1714 837 1571 
1669930507 1604 1718 913 1541 
1669930509 1596 1655 919 1526 
1669930511 1606 1705 904 1550 
1669930513 1562 1745 891 1531 
1669930515 1589 1739 942 1572 
1669930517 1570 1622 862 1568 
1669930519 1598 1745 955 1591 
1669930521 1534 1670 903 1551 
1669930523 1608 1677 829 1508 
1669930525 1600 1699 896 1556 
1669930527 1618 1633 929 1521 
1669930529 1519 1723 958 1498 
1669930531 1580 1737 964 1553 
1669930533 1641 1771 962 1568 
1669930535 1463 1678 938 1450 
1669930537 1587 1689 958 1380 
1669930539 1593 1667 896 1488 
1669930541 1438 1549 828 1569 
1669930543 1457 1480 899 1366 
1669930545 1681 1909 1054 1592 
1669930547 1621 1820 997 1567 
1669930549 1628 1744 965 1552 
1669930551 1507 1724 952 1570 
1669930553 1564 1734 841 1526 
1669930555 1511 1757 900 1516 
1669930557 1611 1799 923 1542 
1669930559 1655 1710 949 1454 
1669930561 1596 1772 946 1536 
1669930563 1433 1735 949 1605 
1669930565 1453 1712 946 1543 
1669930567 1777 1909 1125 1558 
1669930569 1671 1752 1018 1477 
1669930571 1863 2078 1237 1649 
1669930573 1635 1750 1111 1550 
1669930575 1537 1743 938 1685 
1669930577 1873 2021 1063 1529 
1669930579 1726 1613 906 1437 
1669930581 1590 1782 967 1601 
1669930583 1523 1739 929 1622 
1669930585 1744 1888 1052 1534 
1669930587 1588 1715 911 1557 
1669930589 1646 1557 960 1462 
1669930591 1600 1651 934 1498 
1669930593 1305 1665 898 1866 
1669930595 1418 1706 957 1696 
1669930597 1364 1590 867 1571 
1669930599 1504 1639 910 1596 
1669930601 1681 1690 942 1502 
1669930603 1630 1601 932 1357 
1669930605 1633 1775 983 1564 
1669930607 1601 1659 933 1491 
1669930609 1396 1552 812 1448 
1669930611 1546 1762 951 1518 
1669930613 1568 1733 928 1536 
1669930615 1593 1684 912 1534 
1669930617 1598 1651 907 1514 
1669930619 1630 1664 943 1521 
1669930621 1532 1669 922 1451 
1669930623 1549 1660 923 1530 
1669930625 1574 1725 930 1567 
1669930627 1580 1675 836 1534 
1669930629 1496 1609 898 1544 
1669930631 1490 1650 936 1494 
1669930633 1632 1693 952 1498 
1669930635 1594 1691 903 1471 
1669930637 1595 1705 941 1544 
1669930639 1542 1675 899 1576 
1669930641 1592 1732 815 1475 
1669930643 1577 1657 913 1578 
1669930645 1438 1719 889 1518 
1669930647 1575 1731 911 1531 
1669930649 1541 1716 931 1494 
1669930651 1504 1687 912 1524 
1669930653 1594 1743 954 1533 
1669930655 1588 1741 949 1524 
1669930657 1584 1704 962 1526 
1669930659 1498 1731 921 1551 
1669930661 1565 1673 932 1454 
1669930663 1586 1708 965 1556 
1669930665 1589 1674 932 1528 
1669930667 1567 1662 921 1450 
1669930669 1596 1702 970 1526 
1669930671 1603 1656 838 1524 
1669930673 1624 1764 931 1529 
1669930675 1608 1704 941 1508 
1669930677 1512 1699 924 1539 
1669930679 1588 1685 857 1515 
1669930681 1582 1723 916 1520 
1669930683 1501 1663 936 1515 
1669930685 1556 1721 951 1526 
1669930687 1579 1721 927 1535 
1669930689 1579 1652 923 1514 
1669930691 1612 1743 923 1511 
1669930693 1587 1720 943 1532 
1669930695 1572 1731 918 1556 
1669930697 1622 1691 932 1560 
1669930699 1612 1683 950 1430 
1669930701 1627 1617 840 1525 
1669930703 1589 1704 915 1502 
1669930705 1614 1679 907 1517 
1669930707 1549 1691 927 1514 
1669930709 1500 1615 844 1559 
1669930711 1545 1661 952 1575 
1669930713 1535 1703 940 1574 
1669930715 1552 1703 959 1530 
1669930717 1604 1823 986 1482 
1669930719 1618 1663 937 1491 
1669930721 1579 1693 919 1519 
1669930723 1603 1674 922 1539 
1669930725 1570 1629 856 1578 
1669930727 1449 1583 874 1305 
1669930729 1560 1747 920 1501 
1669930731 1608 1737 918 1529 
1669930733 1574 1764 959 1559 
1669930735 1538 1691 946 1564 
1669930737 1583 1707 941 1557 
1669930739 1602 1584 844 1488 
1669930741 1585 1625 931 1515 
1669930743 1587 1722 962 1565 
1669930745 1611 1657 924 1568 
1669930747 1634 1705 865 1504 
1669930749 1560 1640 840 1538 
1669930751 1580 1709 912 1598 
1669930753 1579 1698 923 1532 
1669930755 1606 1666 837 1496 
1669930757 1620 1702 836 1528 
1669930759 1597 1789 936 1462 
1669930761 1613 1698 945 1473 
1669930763 1576 1667 956 1539 
1669930765 1540 1643 923 1516 
1669930767 1355 1693 962 1607 
1669930769 1498 1637 927 1516 
1669930771 1589 1771 978 1551 
1669930773 1547 1762 922 1557 
1669930775 1628 1677 898 1445 
1669930777 1578 1639 941 1498 
1669930779 1589 1676 943 1507 
1669930781 1582 1770 947 1523 
1669930783 1629 1736 928 1503 
1669930785 1585 1657 902 1487 
1669930787 1614 1771 970 1603 
1669930789 1666 1722 966 1497 
1669930791 1436 1759 941 1558 
1669930793 1658 1851 982 1497 
1669930795 1678 1830 1000 1491 
1669930797 1388 1544 753 1474 
1669930799 1432 1534 888 1524 
1669930801 1556 1626 954 1616 
1669930803 1690 1712 986 1487 
1669930805 1621 1739 976 1397 
1669930807 1497 1598 900 1443 
1669930809 1580 1714 941 1494 
1669930811 1532 1730 942 1417 
1669930813 1463 1628 902 1581 
1669930815 1540 1761 971 1645 
1669930817 1459 1646 911 1503 
1669930819 1578 1779 891 1546 
1669930821 1631 1736 973 1464 
1669930823 1684 1917 1046 1429 
1669930825 1454 1700 829 1538 
1669930827 1441 1661 883 1593 
1669930829 1463 1569 880 1546 
1669930831 1571 1597 761 1502 
1669930833 1654 1952 978 1558 
1669930835 1502 1702 908 1567 
1669930837 1618 2004 1062 1540 
1669930839 1551 1535 899 1519 
1669930841 3386 3374 2605 1878 
1669930843 1610 536 460 3325 
1669930845 597 493 1182 544 
1669930847 913 607 496 645 
1669930849 1347 429 940 669 
1669930851 1939 960 788 1175 
1669930853 2801 2730 1863 2232 
1669930855 620 659 523 687 
1669930857 2769 3336 3425 3353 
1669930859 1920 1663 1135 1055 
1669930861 1972 1893 1102 1548 
1669930863 1747 2984 2172 3324 
1669930865 2510 2138 1577 1899 
1669930867 2294 2866 2477 2391 
1669930869 919 1219 1105 1254 
1669930871 3103 2382 2472 2092 
1669930873 1208 681 746 859 
1669930875 3095 3367 3082 3019 
1669930877 1190 1934 1627 1663 
1669930879 2579 2888 2741 2766 
1669930881 1141 1212 1253 1649 
1669930883 2176 2501 1310 1123 
1669930885 1341 2167 1480 1606 
1669930887 2168 1966 1953 2233 
1669930889 1673 1758 1197 1614 
1669930891 1461 1621 989 1552 
1669930893 1283 1189 744 1198 
1669930895 1484 1279 845 1259 
1669930897 1502 1429 881 1271 
1669930899 1611 1683 963 1398 
1669930901 1611 1552 925 1380 
1669930903 1495 1401 859 1390 
1669930905 2730 1512 1521 1299 
1669930907 1766 595 609 611 
1669930909 1327 1295 1038 1426 
1669930911 1802 759 696 962 
1669930913 2035 1682 1022 1412 
1669930915 684 741 615 1192 
1669930917 1769 851 708 1149 
1669930919 2688 3291 2660 3068 
1669930921 1809 823 720 938 
1669930923 695 1301 1117 2147 
1669930925 1847 2015 1031 1666 
1669930927 1170 1435 1020 1712 
1669930929 1459 2502 1315 2232 
1669930931 1387 918 699 1269 
1669930933 1513 1655 1110 1753 
1669930935 1734 1594 874 1457 
1669930937 1780 1049 582 616 
1669930939 1658 1610 1054 1478 
1669930941 982 720 551 572 
1669930943 2254 1811 1123 1150 
1669930945 2380 1975 1395 1518 
1669930947 1407 1343 945 1444 
1669930949 1903 1679 1021 1279 
1669930951 1477 2271 1131 1721 
1669930953 797 1089 822 1759 
1669930955 2832 2925 2650 3220 
1669930957 2335 1428 928 1229 
1669930959 2149 3292 2483 3399 
1669930961 967 1449 1005 1709 
1669930963 2903 3382 3485 3410 
1669930965 928 401 434 587 
1669930967 3094 2423 2566 2800 
1669930969 2249 856 827 1562 
1669930971 1784 799 712 1266 
1669930973 1411 525 559 689 
1669930975 1430 1679 1194 1205 
1669930977 2038 2302 1424 1505 
1669930979 1724 2702 1578 2052 
1669930981 1362 1582 935 1482 
1669930983 1582 1257 705 1485 
1669930985 1336 1894 901 1683 
1669930987 1578 1782 974 1615 
1669930989 1460 1491 733 997 
1669930991 1374 807 521 1044 
1669930993 1570 1004 734 1096 
1669930995 1654 1917 1367 1958 
1669930997 3365 3280 3413 3305 
1669930999 1080 837 731 1825 
1669931001 3023 2956 2524 2281 
1669931003 1417 789 793 1033 
1669931005 1630 1375 955 1571 
1669931007 1705 1731 1050 1659 
1669931009 1632 1786 1021 1595 
1669931011 2765 3263 2526 2637 
1669931013 1628 1586 1085 1603 
1669931015 1849 1852 1065 1655 
1669931017 1675 1340 1007 1540 
1669931019 1528 1292 973 1494 
1669931021 1623 1348 863 1420 
1669931023 1399 1376 997 1388 
1669931025 1523 1815 1178 1599 
1669931027 1440 683 714 741 
1669931029 1203 961 769 1084 
1669931031 1315 1776 1230 1361 
1669931033 1349 1346 851 868 
1669931035 1494 1623 943 1591 
1669931037 1827 1993 1166 2000 
1669931039 1702 2174 1167 1937 
1669931041 1234 1457 800 1279 
1669931043 1736 2274 1199 1771 
1669931045 1628 1731 1065 1576 
1669931047 1446 1328 866 1326 
1669931049 1581 1436 832 1224 
1669931051 1580 1608 974 1612 
1669931053 1248 1595 838 1283 
1669931055 2470 3114 2372 3420 
1669931057 1992 1492 1067 1283 
1669931059 1744 1779 899 1306 
1669931061 1128 1927 1094 1659 
1669931063 1473 1047 809 1130 
1669931065 1496 2229 1337 2345 
1669931067 2162 1784 975 1037 
1669931069 1535 555 552 576 
1669931071 2129 1644 1775 1234 
1669931073 2084 1935 1440 2048 
1669931075 1760 1638 960 1501 
1669931077 1303 763 666 823 
1669931079 2305 3430 3389 3189 
1669931081 1585 1336 887 1101 
1669931083 2800 1890 1224 1011 
1669931085 2660 3022 2860 2676 
1669931087 1429 2154 2145 2425 
1669931089 2629 2911 2298 2089 
1669931091 1374 2515 1568 1974 
1669931093 2501 3251 3176 2691 
1669931095 855 460 569 565 
1669931097 1460 1755 1434 1828 
1669931099 835 531 450 512 
1669931101 1074 460 460 515 
1669931103 2192 2191 1765 1887 
1669931105 2635 2679 2924 2913 
1669931107 1089 561 535 566 
1669931109 1027 500 438 821 
1669931111 1482 1125 775 1501 
1669931113 2252 1496 2016 2442 
1669931115 1957 1124 880 2191 
1669931117 2190 2508 1347 3173 
1669931119 1169 1277 978 1417 
1669931121 1957 2288 1307 1540 
1669931123 1330 806 403 640 
1669931125 1939 1264 1232 1885 
1669931127 2636 2796 2288 2653 
1669931129 2204 1601 1206 1578 
1669931131 1769 1488 1006 1478 
1669931133 1848 1576 1105 1635 
1669931135 1739 1576 955 1519 
1669931137 1806 1746 1067 1565 
1669931139 1543 1926 1060 1742 
1669931141 1588 1545 858 1553 
1669931143 1682 1633 959 1563 
1669931145 1684 2223 1198 1732 
1669931147 1269 820 628 1013 
1669931149 1541 1033 901 1294 
1669931151 1804 1942 1239 1752 
1669931153 1557 1586 853 1482 
1669931155 1607 1785 995 1581 
1669931157 1399 1651 1158 1432 
1669931159 1808 2490 1535 2083 
1669931161 1731 1968 1105 1902 
1669931163 1284 993 683 1410 
1669931165 1887 2165 1205 1564 
1669931167 1982 3354 2005 2040 
1669931169 1737 2851 1508 1923 
1669931171 1340 1082 632 959 
1669931173 555 533 436 821 
1669931175 2687 2043 1580 1123 
1669931177 2569 2577 1646 2102 
1669931179 2507 3160 1927 2703 
1669931181 1445 2001 1219 1765 
1669931183 2823 2803 2197 1566 
1669931185 778 772 635 820 
1669931187 1658 1134 829 1090 
1669931189 1451 1389 897 1114 
1669931191 1156 724 424 620 
1669931193 1660 1430 821 1255 
1669931195 1566 1222 936 890 
1669931197 576 610 539 857 
1669931199 1576 636 671 1335 
1669931201 2166 1612 976 2002 
1669931203 1560 1366 981 1303 
1669931205 1713 3368 2118 2556 
1669931207 1572 2605 2544 2663 
1669931209 1782 3010 2019 2172 
1669931211 703 1339 791 1411 
1669931213 2714 1134 952 1340 
1669931215 1706 951 699 633 
1669931217 620 1572 1021 1419 
1669931219 2038 3368 2555 2799 
1669931221 3261 1672 2013 2049 
1669931223 1721 3422 3454 3359 
1669931225 1193 2272 1835 2252 
1669931227 1020 1954 1140 1834 
1669931229 1200 1591 921 1530 
1669931231 1323 1538 883 1421 
1669931233 1343 1490 877 1383 
1669931235 1402 1468 818 1450 
1669931237 1408 1503 903 1499 
1669931239 1447 1428 870 1419 
1669931241 1518 1282 748 1338 
1669931243 1554 1403 865 1400 
1669931245 1560 1499 922 1482 
1669931247 1504 1592 921 1512 
1669931249 1330 1513 841 1463 
1669931251 1468 1250 695 1217 
1669931253 1520 1530 960 1474 
1669931255 1551 1605 945 1492 
1669931257 1511 1589 937 1467 
1669931259 1545 1581 839 1371 
1669931261 1525 1532 934 1483 
1669931263 1565 1598 915 1506 
1669931265 1521 1591 906 1531 
1669931267 1537 1603 914 1500 
1669931269 1561 1636 953 1551 
1669931271 1554 1637 848 1531 
1669931273 1551 1612 909 1481 
1669931275 1518 1661 913 1521 
1669931277 1571 1634 928 1418 
1669931279 1552 1641 918 1495 
1669931281 1587 1613 912 1506 
1669931283 1548 1669 942 1462 
1669931285 1564 1693 847 1495 
1669931287 1581 1681 898 1501 
1669931289 1600 1701 932 1522 
1669931291 1568 1628 884 1527 
1669931293 1527 1624 938 1428 
1669931295 1590 1663 921 1497 
1669931297 1594 1697 921 1523 
1669931299 1542 1716 912 1501 
1669931301 1572 1713 920 1523 
1669931303 1547 1696 948 1501 
1669931305 1528 1714 948 1549 
1669931307 1553 1668 928 1556 
1669931309 1557 1661 945 1514 
1669931311 1560 1671 946 1531 
1669931313 1592 1574 919 1488 
1669931315 1622 1666 834 1502 
1669931317 1579 1687 921 1508 
1669931319 1589 1636 854 1429 
1669931321 1557 1667 888 1487 
1669931323 1561 1608 913 1471 
1669931325 1462 1525 895 1453 
1669931327 1573 1664 933 1516 
1669931329 1603 1647 924 1436 
1669931331 1644 1318 669 1234 
1669931333 1636 1887 967 1646 
1669931336 1419 1755 899 1558 
1669931338 1530 1548 899 1486 
1669931340 1604 1654 930 1530 
1669931342 1496 1492 929 1466 
1669931344 1535 1608 946 1495 
1669931346 1555 1660 921 1486 
1669931348 1598 1704 952 1526 
1669931350 1519 1682 943 1503 
1669931352 1536 1696 921 1542 
1669931354 1576 1622 922 1528 
1669931356 1602 1625 904 1401 
1669931358 1614 1697 908 1466 
1669931360 1476 1715 917 1395 
1669931362 1569 1702 955 1486 
1669931364 1467 1661 926 1495 
1669931366 1513 1672 923 1515 
1669931368 1583 1639 918 1429 
1669931370 1469 1632 914 1292 
1669931372 1523 1919 986 1595 
1669931374 1489 1720 899 1567 
1669931376 1562 1492 817 1458 
1669931378 1573 1597 918 1517 
1669931380 1576 1709 942 1550 
1669931382 1468 1687 927 1426 
1669931384 1580 1736 950 1486 
1669931386 1358 1533 925 1487 
1669931388 1524 1545 924 1517 
1669931390 1589 1660 853 1530 
1669931392 1474 1708 918 1556 
1669931394 1465 1718 920 1545 
1669931396 1555 1640 913 1516 
1669931398 1599 1683 942 1555 
1669931400 1624 1657 926 1575 
1669931402 1622 1648 942 1550 
1669931404 1505 1679 900 1521 
1669931406 1582 1645 902 1530 
1669931408 1631 1639 917 1539 
1669931410 1593 1667 900 1523 
1669931412 1603 1681 907 1566 
1669931414 1501 1639 927 1550 
1669931416 1562 1738 833 1558 
1669931418 1501 1689 917 1518 
1669931420 1590 1695 931 1514 
1669931422 1616 1717 910 1517 
1669931424 1573 1637 895 1500 
1669931426 1622 1703 932 1500 
1669931428 1575 1668 836 1545 
1669931430 1588 1718 912 1558 
1669931432 1572 1745 937 1558 
1669931434 1586 1734 943 1535 
1669931436 1553 1665 935 1548 
1669931438 1609 1669 834 1528 
1669931440 1615 1695 926 1570 
1669931442 1612 1707 920 1537 
1669931444 1597 1679 928 1537 
1669931446 1481 1683 887 1533 
1669931448 1549 1681 828 1538 
1669931450 1604 1729 896 1412 
1669931452 1460 1659 890 1506 
1669931454 1542 1711 926 1555 
1669931456 1606 1653 881 1519 
1669931458 1608 1680 918 1521 
1669931460 1632 1674 924 1401 
1669931462 1626 1520 815 1434 
1669931464 1571 1764 947 1593 
1669931466 1565 1666 867 1507 
1669931468 1544 1882 938 1551 
1669931470 1538 1719 889 1528 
1669931472 1451 1739 920 1574 
1669931474 1541 1703 894 1532 
1669931476 1586 1711 913 1539 
1669931478 1573 1685 922 1553 
1669931480 1575 1686 920 1552 
1669931482 1603 1702 946 1464 
1669931484 1601 1667 893 1477 
1669931486 1583 1702 935 1493 
1669931488 1574 1695 895 1512 
1669931490 1569 1672 929 1498 
1669931492 1613 1618 838 1522 
1669931494 1596 1577 886 1502 
1669931496 1608 1676 866 1425 
1669931498 1575 1724 904 1427 
1669931500 1535 1695 926 1540 
1669931502 1560 1722 911 1493 
1669931504 1504 1920 982 1692 
1669931506 1550 1557 849 1477 
1669931508 1615 1551 869 1474 
1669931510 1479 1617 914 1502 
1669931512 1593 1609 887 1529 
1669931514 1596 1748 907 1523 
1669931516 1584 1763 930 1448 
1669931518 1609 1721 911 1493 
1669931520 1620 1708 944 1510 
1669931522 1615 1698 859 1513 
1669931524 1619 1723 905 1520 
1669931526 1621 1690 939 1485 
1669931528 1566 1703 925 1513 
1669931530 1438 1785 850 1557 
1669931532 1534 1760 916 1429 
1669931534 1502 1871 966 1634 
1669931536 1502 1678 738 1535 
1669931538 1573 1696 801 1465 
1669931540 1550 1580 882 1545 
1669931542 1585 1719 926 1566 
1669931544 1586 1611 875 1462 
1669931546 1635 1682 934 1524 
1669931548 1616 1732 944 1558 
1669931550 1594 1680 929 1556 
1669931552 1551 1689 930 1467 
1669931554 1559 1559 884 1420 
1669931556 1607 1622 883 1496 
1669931558 1585 1677 910 1531 
1669931560 1576 1676 937 1561 
1669931562 1584 1730 900 1559 
1669931564 1557 1733 897 1575 
1669931566 1561 1675 894 1551 
1669931568 1570 1709 892 1563 
1669931570 1591 1738 874 1567 
1669931572 1566 1704 905 1562 
1669931574 1619 1686 837 1515 
1669931576 1576 1704 892 1549 
1669931578 1589 1692 878 1545 
1669931580 1609 1692 887 1532 
1669931582 1470 1725 899 1513 
1669931584 1572 1714 916 1512 
1669931586 1498 1758 890 1513 
1669931588 1526 1756 905 1525 
1669931590 1513 1790 916 1554 
1669931592 1610 1670 885 1495 
1669931594 1618 1696 892 1425 
1669931596 1588 1718 930 1548 
1669931598 1628 1658 906 1454 
1669931600 1609 1717 911 1530 
1669931602 1619 1649 912 1524 
1669931604 1589 1670 900 1491 
1669931606 1577 1666 902 1543 
1669931608 1559 1718 940 1525 
1669931610 1599 1704 900 1513 
1669931612 1576 1713 904 1551 
1669931614 1615 1723 889 1522 
1669931616 1617 1731 872 1518 
1669931618 1579 1726 828 1502 
1669931620 1631 1618 887 1499 
1669931622 1668 1227 693 1183 
1669931624 3125 3426 3038 2803 
1669931626 1646 1601 857 717 
1669931628 584 644 1017 953 
1669931630 642 665 645 841 
1669931632 672 680 684 917 
1669931634 699 725 729 1060 
1669931636 800 889 761 1183 
1669931638 885 1003 688 1208 
1669931640 997 1093 782 1289 
1669931642 1051 1108 790 1222 
1669931644 1133 1210 831 1319 
1669931646 1219 1237 839 1345 
1669931648 1130 1362 751 1379 
1669931650 1234 1374 745 1425 
1669931652 1312 1427 835 1409 
1669931654 1318 1517 864 1412 
1669931656 1334 1438 780 1441 
1669931658 1348 1516 850 1436 
1669931660 1368 1465 877 1474 
1669931662 1318 1564 893 1475 
1669931664 1406 1602 858 1461 
1669931666 1447 1614 794 1463 
1669931668 1487 1525 867 1457 
1669931670 1443 1562 878 1478 
1669931672 1460 1636 882 1478 
1669931674 1479 1630 857 1467 
1669931676 1497 1638 893 1463 
1669931678 1472 1601 792 1459 
1669931680 1500 1531 877 1468 
1669931682 1543 1617 895 1454 
1669931684 1543 1586 811 1383 
1669931686 1549 1689 883 1499 
1669931688 1399 1708 887 1512 
1669931690 1458 1588 874 1356 
1669931692 1299 1651 863 1443 
1669931694 1487 1622 892 1497 
1669931696 1535 1650 909 1478 
1669931698 1503 1636 813 1521 
1669931700 1509 1644 883 1530 
1669931702 1496 1753 911 1556 
1669931704 1572 1654 868 1522 
1669931706 1590 1701 887 1512 
1669931708 1429 1707 915 1566 
1669931710 1487 1813 936 1474 
1669931712 1522 1700 833 1527 
1669931714 1549 1773 863 1481 
1669931716 2364 562 613 743 
1669931718 1637 1630 985 1661 
1669931720 1507 1741 919 1611 
1669931722 1559 1622 776 1490 
1669931724 1564 1697 879 1544 
1669931726 1582 1648 924 1554 
1669931728 2054 1228 805 1060 
1669931730 1760 1502 936 1367 
1669931732 1570 1628 893 1535 
1669931734 1798 1425 835 1286 
1669931736 1592 1555 879 1462 
1669931738 1527 1688 924 1543 
1669931740 1539 1713 904 1522 
1669931742 1557 1685 896 1579 
1669931744 1532 1709 915 1532 
1669931746 1535 1672 899 1585 
1669931748 1557 1742 883 1571 
1669931750 1581 1707 885 1511 
1669931752 1565 1719 909 1561 
1669931754 1570 1746 899 1526 
1669931756 1542 1640 901 1549 
1669931758 1530 1709 912 1562 
1669931760 1491 1793 886 1582 
1669931762 1569 1677 875 1543 
1669931764 1568 1700 903 1521 
1669931766 1452 1666 885 1536 
1669931768 1481 1738 886 1553 
1669931770 1486 1780 903 1530 
1669931772 1440 1737 886 1514 
1669931774 1598 1598 804 1471 
1669931776 1321 2008 996 1870 
1669931778 1476 1694 907 1557 
1669931780 1531 1765 810 1538 
1669931782 1499 1725 875 1483 
1669931784 1519 1879 926 1633 
1669931786 1551 1852 879 1551 
1669931788 1594 1703 904 1381 
1669931790 1540 1735 906 1581 
1669931792 1522 1782 826 1571 
1669931794 1582 1786 911 1544 
1669931796 1561 1695 868 1537 
1669931798 1562 1715 796 1394 
1669931800 1555 1668 865 1365 
1669931802 1560 1701 896 1478 
1669931804 1494 1711 867 1515 
1669931806 1570 1695 812 1490 
1669931808 1594 1588 900 1530 
1669931810 1598 1673 884 1406 
1669931812 1512 1681 866 1487 
1669931814 1538 1717 898 1496 
1669931816 1542 1590 845 1500 
1669931818 1584 1639 872 1529 
1669931820 1588 1744 879 1410 
1669931822 1608 1707 908 1507 
1669931824 1605 1707 902 1511 
1669931826 1470 1680 877 1510 
1669931828 1559 1697 873 1490 
1669931830 1543 1692 875 1530 
1669931832 1489 1698 871 1521 
1669931834 1548 1710 827 1534 
1669931836 1551 1697 872 1418 
1669931838 1579 1649 870 1412 
1669931840 1594 1711 891 1501 
1669931842 1597 1719 883 1510 
1669931844 1514 1702 898 1530 
1669931846 1586 1712 887 1516 
1669931848 1557 1738 885 1488 
1669931850 1590 1723 890 1520 
1669931852 1556 1665 869 1497 
1669931854 1580 1698 862 1541 
1669931856 1608 1725 871 1499 
1669931858 1579 1656 876 1424 
1669931860 1542 1564 886 1524 
1669931862 1571 1659 903 1501 
1669931864 1604 1692 901 1534 
1669931866 1447 1670 812 1516 
1669931868 1561 1714 893 1548 
1669931870 1610 1749 913 1535 
1669931872 1565 1707 862 1543 
1669931874 1541 1725 872 1545 
1669931876 1557 1698 884 1523 
1669931878 1587 1737 892 1545 
1669931880 1582 1732 881 1537 
1669931882 1572 1734 903 1478 
1669931884 1593 1714 882 1361 
1669931886 1578 1682 884 1514 
1669931888 1579 1707 883 1523 
1669931890 1462 1700 850 1514 
1669931892 1449 1667 881 1490 
1669931894 1543 1727 868 1531 
1669931896 1582 1717 859 1532 
1669931898 1462 1683 889 1497 
1669931900 1542 1721 796 1535 
1669931902 1546 1674 799 1501 
1669931904 1597 1715 871 1515 
1669931906 1547 1678 884 1554 
1669931908 1596 1743 893 1528 
1669931910 1611 1704 821 1493 
1669931912 1610 1757 856 1555 
1669931914 1576 1679 880 1523 
1669931916 1595 1744 792 1417 
1669931918 1616 1732 877 1518 
1669931920 1563 1696 902 1514 
1669931922 1584 1748 789 1516 
1669931924 1460 1745 784 1526 
1669931926 1539 1729 892 1534 
1669931928 1557 1747 906 1539 
1669931930 1526 1721 872 1487 
1669931932 1478 1757 872 1544 
1669931934 1573 1667 889 1562 
1669931936 1612 1758 915 1513 
1669931938 1557 1740 908 1504 
1669931940 1560 1739 893 1494 
1669931942 1560 1607 794 1540 
1669931944 1608 1716 892 1437 
1669931946 1611 1713 854 1513 
1669931948 1596 1695 880 1543 
1669931950 1611 1736 780 1393 
1669931952 1562 1746 851 1514 
1669931954 1589 1660 901 1482 
1669931956 1473 1639 864 1495 
1669931958 1532 1704 859 1526 
1669931960 1560 1715 868 1503 
1669931962 1546 1733 863 1530 
1669931964 1557 1718 869 1532 
1669931966 1584 1686 803 1461 
1669931968 1447 1767 887 1539 
1669931970 1551 1782 826 1592 
1669931972 1590 1597 758 1317 
1669931974 1557 1725 854 1482 
1669931976 1620 1753 886 1539 
1669931978 1610 1704 903 1509 
1669931980 1603 1711 894 1521 
1669931982 1612 1717 885 1529 
1669931984 1574 1706 891 1548 
1669931986 1414 2015 953 1803 
1669931988 1514 1625 796 1369 
1669931990 1618 1651 877 1409 
1669931992 1623 1660 875 1510 
1669931994 1629 1635 872 1497 
1669931996 1629 1734 912 1528 
1669931998 1637 1713 858 1548 
