1669932002 1586 1735 911 1480 
1669932005 1604 1616 877 1505 
1669932007 1596 1737 884 1520 
1669932009 1626 1761 897 1532 
1669932011 1595 1730 892 1511 
1669932013 1616 1745 842 1477 
1669932015 1604 1776 819 1480 
1669932017 1540 1735 880 1542 
1669932019 1588 1749 869 1504 
1669932021 1517 1665 878 1546 
1669932023 1557 1743 888 1517 
1669932025 1578 1757 859 1406 
1669932027 1599 1673 863 1384 
1669932029 1592 1562 869 1503 
1669932031 1573 1716 869 1532 
1669932033 1572 1584 891 1522 
1669932035 1595 1608 863 1527 
1669932037 1605 1682 882 1527 
1669932039 1555 1647 856 1543 
1669932041 1595 1695 852 1425 
1669932043 1556 1655 879 1461 
1669932045 1559 1639 857 1513 
1669932047 1602 1661 875 1503 
1669932049 1555 1683 855 1535 
1669932051 1606 1724 809 1526 
1669932053 1611 1719 879 1524 
1669932055 1619 1678 800 1526 
1669932057 1592 1616 850 1525 
1669932059 1619 1694 870 1433 
1669932061 1629 1747 846 1517 
1669932063 1477 1690 898 1546 
1669932065 1591 1761 859 1517 
1669932067 1551 1664 855 1503 
1669932069 1549 1733 857 1524 
1669932071 1516 1693 885 1525 
1669932073 1565 1708 899 1422 
1669932075 1587 1741 878 1520 
1669932077 1513 1673 881 1524 
1669932079 1610 1676 897 1546 
1669932081 1585 1700 864 1563 
1669932083 1559 1719 886 1569 
1669932085 1598 1679 876 1558 
1669932087 1591 1713 877 1492 
1669932089 1615 1691 838 1496 
1669932091 1614 1671 778 1423 
1669932093 1578 1692 874 1297 
1669932095 1576 1683 870 1454 
1669932097 1577 1706 888 1510 
1669932099 1565 1717 868 1548 
1669932101 1586 1756 886 1562 
1669932103 1590 1709 785 1516 
1669932105 1517 1709 776 1545 
1669932107 1558 1710 794 1506 
1669932109 1617 1723 877 1522 
1669932111 1627 1778 900 1445 
1669932113 1616 1723 864 1511 
1669932115 1608 1654 860 1553 
1669932117 1596 1689 851 1555 
1669932119 1610 1589 844 1507 
1669932121 1622 1726 881 1423 
1669932123 1582 1726 885 1477 
1669932125 1568 1763 878 1538 
1669932127 1554 1739 852 1513 
1669932129 1591 1751 869 1542 
1669932131 1617 1731 892 1527 
1669932133 1621 1704 891 1484 
1669932135 1567 1681 854 1495 
1669932137 1588 1730 873 1493 
1669932139 1568 1696 771 1498 
1669932141 1583 1740 863 1481 
1669932143 1560 1722 893 1527 
1669932145 1594 1622 883 1553 
1669932147 1584 1624 858 1503 
1669932149 1590 1721 854 1500 
1669932151 1595 1747 858 1523 
1669932153 1579 1768 856 1499 
1669932155 1469 1695 776 1488 
1669932157 1445 1741 775 1483 
1669932159 1587 1725 851 1502 
1669932161 1610 1612 764 1520 
1669932163 1578 1730 852 1548 
1669932165 1622 1769 875 1506 
1669932167 1600 1726 874 1535 
1669932169 1615 1764 871 1535 
1669932171 1477 1643 768 1536 
1669932173 1580 1731 842 1525 
1669932175 1474 1645 860 1533 
1669932177 1579 1712 767 1490 
1669932179 1447 1668 779 1541 
1669932181 1572 1767 843 1557 
1669932183 1547 1738 880 1522 
1669932185 1605 1744 866 1561 
1669932187 1577 1665 860 1544 
1669932189 1496 1755 869 1502 
1669932191 1556 1656 851 1537 
1669932193 1591 1731 848 1425 
1669932195 1479 1733 777 1503 
1669932197 1548 1655 876 1514 
1669932199 1588 1715 862 1494 
1669932201 1591 1722 876 1508 
1669932203 1456 1642 867 1520 
1669932205 1578 1637 777 1528 
1669932207 1555 1645 773 1417 
1669932209 1597 1739 870 1384 
1669932211 1613 1714 780 1507 
1669932213 1605 1725 854 1512 
1669932215 1577 1735 847 1543 
1669932217 1572 1709 837 1488 
1669932219 1558 1592 846 1419 
1669932221 1584 1656 883 1516 
1669932223 1575 1742 900 1517 
1669932225 1607 1736 895 1497 
1669932227 1605 1676 888 1506 
1669932229 1560 1558 847 1528 
1669932231 1602 1667 873 1506 
1669932233 1578 1686 896 1396 
1669932235 1590 1735 864 1498 
1669932237 1510 1610 845 1500 
1669932239 1583 1722 803 1481 
1669932241 1600 1722 889 1500 
1669932243 1615 1746 778 1514 
1669932245 1491 1708 860 1395 
1669932247 1555 1730 883 1494 
1669932249 1514 1753 839 1505 
1669932251 1563 1739 779 1518 
1669932253 1512 1754 881 1522 
1669932255 1360 1519 831 1500 
1669932257 1523 1672 886 1559 
1669932259 1598 1713 884 1556 
1669932261 1622 1691 840 1528 
1669932263 1474 1570 878 1514 
1669932265 1606 1707 796 1540 
1669932267 1514 1752 885 1548 
1669932269 1602 1726 889 1516 
1669932271 1453 1667 843 1535 
1669932273 1440 1759 850 1518 
1669932275 1553 1768 880 1519 
1669932277 1592 1758 891 1526 
1669932279 1562 1701 777 1534 
1669932281 1559 1683 879 1551 
1669932283 1592 1729 886 1526 
1669932285 1619 1707 872 1520 
1669932287 1625 1724 850 1554 
1669932289 1475 1726 847 1528 
1669932291 1549 1729 849 1414 
1669932293 1605 1726 795 1505 
1669932295 1614 1723 844 1548 
1669932297 1576 1653 850 1546 
1669932299 1567 1676 877 1536 
1669932301 1470 1680 775 1532 
1669932303 1563 1760 827 1542 
1669932305 1574 1701 872 1543 
1669932307 1603 1672 881 1534 
1669932309 1622 1691 881 1529 
1669932311 1473 1647 832 1445 
1669932313 1563 1701 860 1505 
1669932315 1555 1738 856 1516 
1669932317 1368 1706 875 1530 
1669932319 1550 1754 811 1494 
1669932321 1589 1759 861 1536 
1669932323 1556 1735 840 1544 
1669932325 1554 1761 865 1534 
1669932327 1481 1743 846 1525 
1669932329 1585 1683 884 1528 
1669932331 1585 1701 845 1513 
1669932333 1580 1594 861 1552 
1669932335 1490 1696 889 1536 
1669932337 1600 1760 881 1543 
1669932339 1552 1696 866 1548 
1669932341 1566 1581 844 1509 
1669932343 1592 1695 862 1511 
1669932345 1610 1747 842 1542 
1669932347 1575 1721 870 1538 
1669932349 1607 1756 881 1517 
1669932351 1586 1615 847 1493 
1669932353 1594 1685 849 1532 
1669932355 1467 1720 864 1429 
1669932357 1568 1633 852 1495 
1669932359 1594 1729 877 1539 
1669932361 1594 1674 893 1499 
1669932363 1608 1668 873 1495 
1669932365 1598 1733 878 1541 
1669932367 1572 1753 873 1524 
1669932369 1615 1766 862 1426 
1669932371 1623 1751 837 1489 
1669932373 1610 1740 873 1500 
1669932375 1580 1685 878 1539 
1669932377 1613 1721 876 1438 
1669932379 1576 1595 876 1407 
1669932381 1574 1627 846 1496 
1669932383 1556 1740 874 1534 
1669932385 1622 1659 839 1502 
1669932387 1628 1694 886 1557 
1669932389 1570 1750 766 1528 
1669932391 1617 1690 854 1565 
1669932393 1570 1717 859 1516 
1669932395 1589 1739 875 1499 
1669932397 1608 1743 879 1494 
1669932399 1563 1706 861 1526 
1669932401 1467 1706 767 1475 
1669932403 1570 1660 860 1503 
1669932405 1471 1675 842 1541 
1669932407 1584 1749 842 1516 
1669932409 1563 1725 861 1495 
1669932411 1582 1738 759 1482 
1669932413 1563 1699 881 1505 
1669932415 1612 1646 791 1506 
1669932417 1628 1576 855 1512 
1669932419 1598 1693 865 1478 
1669932421 1504 1741 872 1544 
1669932423 1597 1746 887 1512 
1669932425 1615 1691 860 1556 
1669932427 1630 1724 885 1543 
1669932429 1586 1742 785 1405 
1669932431 1556 1610 850 1488 
1669932433 1618 1706 875 1500 
1669932435 1487 1691 854 1514 
1669932437 1581 1687 878 1504 
1669932439 1610 1754 794 1504 
1669932441 1619 1738 877 1542 
1669932443 1628 1657 863 1536 
1669932445 1478 1753 837 1530 
1669932447 1608 1685 861 1419 
1669932449 1562 1739 862 1491 
1669932451 1567 1667 828 1500 
1669932453 1578 1713 859 1509 
1669932455 1569 1694 781 1491 
1669932457 1598 1696 783 1532 
1669932459 1611 1720 877 1512 
1669932461 1614 1721 859 1555 
1669932463 1594 1738 849 1549 
1669932465 1600 1728 874 1559 
1669932467 1605 1692 848 1536 
1669932469 1614 1720 863 1547 
1669932471 1612 1732 888 1566 
1669932473 1602 1763 871 1545 
1669932475 1480 1725 851 1511 
1669932477 1594 1718 885 1482 
1669932479 1584 1726 788 1543 
1669932481 1559 1662 873 1499 
1669932483 1601 1723 883 1502 
1669932485 1615 1707 887 1499 
1669932487 1583 1720 861 1404 
1669932489 1607 1757 857 1462 
1669932491 1581 1699 838 1426 
1669932493 1512 1683 859 1518 
1669932495 1574 1766 880 1527 
1669932497 1609 1740 879 1504 
1669932499 1570 1741 880 1491 
1669932501 1558 1745 867 1523 
1669932503 1602 1737 865 1540 
1669932505 1569 1703 850 1549 
1669932507 1605 1732 764 1437 
1669932509 1570 1747 846 1429 
1669932511 1603 1748 852 1496 
1669932513 1599 1735 868 1448 
1669932515 1566 1687 842 1489 
1669932517 1559 1754 789 1391 
1669932519 1555 1741 852 1538 
1669932521 1568 1757 831 1530 
1669932523 1594 1780 855 1503 
1669932525 1562 1774 849 1523 
1669932527 1576 1581 830 1541 
1669932529 1601 1684 873 1555 
1669932531 1559 1744 865 1497 
1669932533 1597 1730 878 1435 
1669932535 1476 1525 814 1523 
1669932537 1453 1658 760 1530 
1669932539 1550 1729 763 1510 
1669932541 1604 1696 785 1485 
1669932543 1609 1725 877 1537 
1669932545 1583 1699 834 1403 
1669932547 1548 1737 864 1464 
1669932549 1605 1767 774 1401 
1669932551 1609 1723 830 1402 
1669932553 1631 1689 843 1494 
1669932555 1621 1658 859 1486 
1669932557 1588 1720 855 1496 
1669932559 1592 1714 852 1536 
1669932561 1453 1691 850 1421 
1669932563 1568 1765 865 1501 
1669932565 1592 1732 789 1534 
1669932567 1604 1761 840 1420 
1669932569 1603 1747 827 1470 
1669932571 1614 1774 836 1534 
1669932573 1498 1710 863 1538 
1669932575 1545 1699 841 1490 
1669932577 1611 1713 857 1506 
1669932579 1617 1685 834 1388 
1669932581 1619 1671 775 1491 
1669932583 1603 1656 837 1478 
1669932585 1484 1720 869 1537 
1669932587 1565 1688 877 1506 
1669932589 1554 1770 869 1494 
1669932591 1557 1686 859 1483 
1669932593 1569 1725 880 1553 
1669932595 1593 1723 871 1554 
1669932597 1584 1726 874 1525 
1669932599 1596 1775 835 1537 
1669932601 1590 1734 856 1542 
1669932603 1612 1758 791 1522 
1669932605 1646 1746 861 1549 
1669932607 1593 1701 851 1504 
1669932609 1520 1688 873 1506 
1669932611 1607 1649 835 1498 
1669932613 1598 1711 780 1438 
1669932615 1564 1754 856 1487 
1669932617 1555 1706 757 1530 
1669932619 1605 1684 848 1447 
1669932621 1591 1719 859 1533 
1669932623 1570 1735 864 1553 
1669932625 1568 1764 884 1542 
1669932627 1604 1747 852 1538 
1669932629 1619 1709 842 1547 
1669932631 1607 1767 841 1501 
1669932633 1617 1724 867 1512 
1669932635 1585 1738 888 1544 
1669932637 1576 1726 885 1497 
1669932639 1552 1682 856 1545 
1669932641 1594 1729 838 1560 
1669932643 1616 1644 842 1550 
1669932645 1479 1689 822 1536 
1669932647 1592 1777 850 1410 
1669932649 1610 1749 865 1474 
1669932651 1472 1752 878 1442 
1669932653 1558 1771 845 1513 
1669932655 1566 1793 852 1420 
1669932657 1607 1725 856 1386 
1669932659 1625 1767 844 1481 
1669932661 1603 1676 849 1521 
1669932663 1564 1749 869 1492 
1669932665 1621 1720 875 1504 
1669932667 1615 1756 871 1547 
1669932669 1610 1738 853 1500 
1669932671 1579 1680 859 1540 
1669932673 1610 1773 852 1392 
1669932675 1616 1739 768 1401 
1669932677 1610 1651 833 1512 
1669932679 1497 1635 857 1407 
1669932681 1564 1696 875 1509 
1669932683 1569 1719 827 1403 
1669932685 1564 1730 886 1487 
1669932687 1595 1711 872 1523 
1669932689 1624 1704 839 1502 
1669932691 1634 1778 890 1519 
1669932693 1623 1706 853 1533 
1669932695 1629 1733 841 1532 
1669932697 1603 1752 786 1505 
1669932699 1604 1724 867 1494 
1669932701 1578 1727 870 1426 
1669932703 1599 1700 876 1526 
1669932705 1589 1680 846 1554 
1669932707 1559 1699 859 1535 
1669932709 1600 1720 757 1500 
1669932711 1509 1709 828 1554 
1669932713 1557 1679 840 1541 
1669932715 1566 1717 830 1521 
1669932717 1555 1791 873 1566 
1669932719 1465 1752 850 1422 
1669932721 1609 1623 835 1459 
1669932723 1638 1652 869 1487 
1669932725 1602 1648 879 1401 
1669932727 1606 1715 868 1493 
1669932729 1564 1726 856 1549 
1669932731 1558 1719 865 1522 
1669932733 1589 1751 868 1526 
1669932735 1621 1735 767 1496 
1669932737 1594 1541 837 1521 
1669932739 1593 1649 865 1533 
1669932741 1627 1739 856 1561 
1669932743 1565 1713 839 1536 
1669932745 1581 1718 866 1422 
1669932747 1608 1767 836 1527 
1669932749 1555 1757 862 1567 
1669932751 1562 1709 831 1542 
1669932753 1604 1741 866 1534 
1669932755 1592 1785 846 1546 
1669932757 1606 1777 763 1499 
1669932759 1645 1687 877 1505 
1669932761 1615 1467 805 1416 
1669932763 1562 1774 877 1595 
1669932765 1548 1650 832 1565 
1669932767 1582 1692 794 1442 
1669932769 1614 1700 862 1502 
1669932771 1599 1708 868 1518 
1669932773 1594 1699 851 1505 
1669932775 1559 1726 860 1536 
1669932777 1621 1710 761 1482 
1669932779 1598 1757 864 1556 
1669932781 1598 1719 847 1515 
1669932783 1593 1725 866 1544 
1669932785 1607 1717 864 1398 
1669932787 1446 1722 767 1503 
1669932789 1458 1725 851 1517 
1669932791 1574 1715 767 1450 
1669932793 1499 1733 813 1513 
1669932795 1539 1722 841 1544 
1669932797 1496 1725 867 1482 
1669932799 1543 1699 774 1404 
1669932801 1567 1674 848 1533 
1669932803 1548 1680 782 1557 
1669932805 1543 1754 854 1430 
1669932807 1577 1733 778 1485 
1669932809 1568 1766 753 1403 
1669932811 1620 1633 863 1486 
1669932813 1584 1765 881 1505 
1669932815 1608 1770 866 1553 
1669932817 1597 1751 828 1543 
1669932819 1570 1729 856 1513 
1669932821 1551 1748 783 1543 
1669932823 1541 1770 845 1486 
1669932825 1610 1750 847 1491 
1669932827 1614 1747 835 1498 
1669932829 1595 1717 856 1544 
1669932831 1576 1760 871 1494 
1669932833 1617 1759 854 1540 
1669932835 1581 1728 865 1535 
1669932837 1474 1751 823 1500 
1669932839 1572 1763 789 1572 
1669932841 1623 1699 847 1519 
1669932843 1587 1672 834 1531 
1669932845 1592 1714 790 1323 
1669932847 1455 1733 844 1562 
1669932849 1587 1649 818 1537 
1669932851 1617 1722 870 1420 
1669932853 1588 1699 827 1497 
1669932855 1577 1743 862 1494 
1669932857 1460 1633 846 1528 
1669932859 1468 1731 772 1541 
1669932861 1571 1766 846 1402 
1669932863 1605 1736 775 1467 
1669932865 1607 1704 773 1492 
1669932867 1488 1764 785 1396 
1669932869 1611 1715 830 1404 
1669932871 1582 1665 824 1419 
1669932873 1599 1704 876 1512 
1669932875 1629 1717 857 1512 
1669932877 1622 1762 775 1469 
1669932879 1586 1707 842 1511 
1669932881 1603 1711 842 1502 
1669932883 1609 1734 841 1516 
1669932885 1615 1769 861 1514 
1669932887 1603 1672 843 1501 
1669932889 1610 1711 842 1502 
1669932891 1495 1675 752 1520 
1669932893 1538 1718 754 1551 
1669932895 1590 1782 871 1559 
1669932897 1587 1731 774 1539 
1669932899 1581 1719 844 1510 
1669932901 1581 1742 866 1517 
1669932903 1568 1698 873 1533 
1669932905 1588 1672 749 1495 
1669932907 1543 1756 840 1555 
1669932909 1595 1758 867 1422 
1669932911 1567 1681 863 1526 
1669932913 1589 1701 875 1517 
1669932915 1471 1693 767 1538 
1669932917 1452 1725 816 1561 
1669932919 1583 1744 846 1531 
1669932921 1576 1579 747 1479 
1669932923 1474 1736 857 1408 
1669932925 1578 1709 846 1490 
1669932927 1573 1757 870 1512 
1669932929 1593 1776 790 1536 
1669932931 1480 1732 853 1537 
1669932933 1538 1760 777 1496 
1669932935 1591 1689 869 1541 
1669932937 1591 1718 853 1532 
1669932939 1506 1737 768 1498 
1669932941 1591 1731 823 1549 
1669932943 1549 1753 858 1565 
1669932945 1603 1712 864 1495 
1669932947 1581 1675 822 1401 
1669932949 1572 1683 768 1474 
1669932951 1619 1713 853 1491 
1669932953 1594 1740 872 1489 
1669932955 1551 1664 837 1509 
1669932957 1565 1700 872 1427 
1669932959 1585 1732 839 1472 
1669932961 1613 1698 867 1534 
1669932963 1637 1761 860 1514 
1669932965 1628 1730 878 1547 
1669932967 1625 1732 778 1558 
1669932969 1631 1699 850 1568 
1669932971 1598 1772 781 1516 
1669932973 1587 1727 852 1449 
1669932975 1568 1587 845 1392 
1669932977 1494 1734 782 1394 
1669932979 1461 1759 835 1510 
1669932981 1596 1776 785 1486 
1669932983 1564 1647 828 1550 
1669932985 1556 1753 831 1417 
1669932987 1599 1727 829 1474 
1669932989 1584 1728 846 1525 
1669932991 1567 1701 820 1559 
1669932993 1580 1836 882 1637 
1669932995 1541 1793 867 1569 
1669932997 1595 1721 851 1453 
1669932999 1604 1678 836 1492 
1669933001 1639 1667 853 1501 
1669933003 1614 1733 841 1513 
1669933005 1595 1718 833 1535 
1669933007 1611 1753 844 1552 
1669933009 1621 1747 841 1561 
1669933011 1567 1722 877 1518 
1669933013 1567 1691 857 1548 
1669933015 1595 1688 838 1429 
1669933017 1583 1715 841 1489 
1669933019 1619 1676 824 1395 
1669933021 1626 1704 845 1514 
1669933023 1481 1757 828 1515 
1669933025 1542 1711 866 1551 
1669933027 1600 1770 853 1545 
1669933029 1559 1726 877 1555 
1669933031 1594 1756 779 1523 
1669933033 1624 1745 849 1544 
1669933035 1503 1700 860 1513 
1669933037 1600 1720 848 1425 
1669933039 1613 1756 859 1511 
1669933041 1576 1698 774 1536 
1669933043 1628 1728 751 1527 
1669933045 1607 1734 832 1558 
1669933047 1629 1763 852 1569 
1669933049 1559 1678 824 1522 
1669933051 1569 1688 760 1426 
1669933053 1469 1724 819 1486 
1669933055 1577 1713 849 1502 
1669933057 1612 1771 848 1504 
1669933059 1610 1676 748 1505 
1669933061 1593 1683 855 1532 
1669933063 1622 1657 859 1421 
1669933065 1603 1694 770 1496 
1669933067 1581 1747 765 1517 
1669933069 1588 1710 774 1547 
1669933071 1606 1740 855 1502 
1669933073 1613 1709 822 1375 
1669933075 1557 1713 865 1397 
1669933077 1559 1710 866 1537 
1669933079 1556 1723 863 1527 
1669933081 1569 1712 838 1399 
1669933083 1558 1664 841 1525 
1669933085 1610 1734 834 1527 
1669933087 1560 1721 847 1544 
1669933089 1576 1733 827 1533 
1669933091 1555 1675 829 1412 
1669933093 1498 1653 814 1496 
1669933095 1583 1641 844 1550 
1669933097 1614 1605 831 1540 
1669933099 1624 1737 867 1528 
1669933101 1621 1733 850 1494 
1669933103 1589 1728 872 1312 
1669933105 1560 1692 866 1410 
1669933107 1602 1773 863 1491 
1669933109 1565 1772 859 1490 
1669933111 1478 1762 861 1522 
1669933113 1573 1769 831 1539 
1669933115 1546 1695 847 1510 
1669933117 1569 1718 839 1545 
1669933119 1601 1749 826 1395 
1669933121 1575 1771 836 1403 
1669933123 1599 1660 866 1534 
1669933125 1601 1697 838 1405 
1669933127 1560 1742 876 1394 
1669933129 1573 1742 863 1518 
1669933131 1587 1761 845 1535 
1669933133 1573 1769 831 1520 
1669933135 1461 1714 854 1565 
1669933137 1590 1751 759 1458 
1669933139 1598 1656 829 1510 
1669933141 1614 1720 846 1560 
1669933143 1525 1685 859 1555 
1669933145 1552 1721 856 1522 
1669933147 1592 1719 828 1541 
1669933149 1582 1755 860 1515 
1669933151 1591 1766 862 1556 
1669933153 1621 1771 848 1500 
1669933155 1596 1756 841 1539 
1669933157 1576 1742 863 1540 
1669933159 1559 1737 827 1527 
1669933161 1567 1736 877 1526 
1669933163 1580 1755 828 1523 
1669933165 1559 1723 859 1523 
1669933167 1593 1779 866 1415 
1669933169 1622 1769 861 1511 
1669933171 1609 1746 858 1513 
1669933173 1567 1698 774 1525 
1669933175 1599 1700 843 1495 
1669933177 1610 1550 829 1500 
1669933179 1550 1493 834 1526 
1669933181 1626 1563 840 1441 
1669933183 1606 1654 841 1517 
1669933185 1577 1744 790 1556 
1669933187 1572 1731 756 1429 
1669933189 1605 1737 840 1533 
1669933191 1624 1699 861 1542 
1669933193 1580 1729 832 1425 
1669933195 1556 1712 769 1494 
1669933197 1611 1776 825 1544 
1669933199 1614 1740 840 1438 
1669933201 1569 1725 856 1489 
1669933203 1595 1694 843 1495 
1669933205 1560 1653 826 1555 
1669933207 1563 1696 834 1560 
1669933209 1601 1759 830 1529 
1669933211 1556 1690 838 1516 
1669933213 1565 1751 855 1524 
1669933215 1613 1737 827 1518 
1669933217 1621 1694 844 1421 
1669933219 1566 1650 841 1523 
1669933221 1555 1698 854 1541 
1669933223 1609 1714 873 1518 
1669933225 1580 1699 846 1510 
1669933227 1574 1629 847 1503 
1669933229 1595 1729 847 1500 
1669933231 1582 1688 688 1372 
1669933233 1613 1720 815 1527 
1669933235 1591 1698 871 1532 
1669933237 1380 1725 832 1511 
1669933239 1569 1672 867 1516 
1669933241 1570 1732 845 1526 
1669933243 1621 1713 821 1501 
1669933245 1589 1767 829 1536 
1669933247 1609 1737 823 1521 
1669933249 1606 1758 849 1502 
1669933251 1562 1669 826 1544 
1669933253 1485 1688 849 1513 
1669933255 1564 1750 842 1542 
1669933257 1462 1747 813 1503 
1669933259 1594 1722 864 1510 
1669933261 1564 1730 833 1512 
1669933263 1590 1699 858 1432 
1669933265 1572 1751 860 1539 
1669933267 1542 1688 850 1494 
1669933269 1606 1745 838 1423 
1669933271 1585 1700 862 1515 
1669933273 1608 1657 840 1499 
1669933275 1565 1650 746 1496 
1669933277 1567 1703 851 1534 
1669933279 1601 1686 857 1520 
1669933281 1607 1721 769 1550 
1669933283 1610 1760 772 1571 
1669933285 1597 1719 827 1515 
1669933287 1625 1712 770 1523 
1669933289 1582 1642 761 1517 
1669933291 1619 1693 856 1526 
1669933293 1633 1726 872 1402 
1669933295 1598 1759 865 1522 
1669933297 1578 1744 863 1488 
1669933299 1601 1731 817 1503 
1669933301 1603 1770 861 1523 
1669933303 1570 1628 813 1495 
1669933305 1612 1710 855 1527 
1669933307 1609 1715 764 1431 
1669933309 1621 1736 843 1482 
1669933311 1479 1686 873 1493 
1669933313 1558 1735 841 1517 
1669933315 1551 1753 832 1556 
1669933317 1495 1596 735 1500 
1669933319 1566 1635 838 1409 
1669933321 1579 1728 780 1524 
1669933323 1506 1648 846 1558 
1669933325 1587 1701 848 1499 
1669933327 1586 1709 853 1498 
1669933329 1618 1746 857 1515 
1669933331 1556 1757 841 1520 
1669933333 1574 1603 829 1536 
1669933335 1596 1665 828 1405 
1669933337 1591 1690 836 1425 
1669933339 1612 1697 864 1522 
1669933341 1624 1740 831 1502 
1669933343 1639 1744 847 1496 
1669933345 1499 1664 849 1537 
1669933347 1579 1743 824 1554 
1669933349 1617 1745 766 1538 
1669933351 1617 1751 853 1525 
1669933353 1563 1705 854 1509 
1669933355 1568 1752 831 1490 
1669933357 1605 1765 865 1532 
1669933359 1503 1672 838 1441 
1669933361 1578 1759 856 1501 
1669933363 1579 1706 859 1534 
1669933365 1616 1718 748 1429 
1669933367 1583 1770 764 1420 
1669933369 1568 1617 830 1507 
1669933371 1590 1734 842 1508 
1669933373 1575 1726 842 1501 
1669933375 1580 1713 823 1537 
1669933377 1606 1583 852 1536 
1669933379 1577 1712 846 1541 
1669933381 1611 1747 828 1394 
1669933383 1589 1674 825 1456 
1669933385 1514 1710 859 1498 
1669933387 1565 1704 837 1503 
1669933389 1574 1737 753 1528 
1669933391 1577 1723 850 1554 
1669933393 1485 1733 851 1548 
1669933395 1496 1769 857 1508 
1669933397 1577 1780 774 1539 
1669933399 1553 1741 846 1532 
1669933401 1559 1764 819 1509 
1669933403 1607 1613 854 1553 
1669933405 1594 1712 774 1509 
1669933407 1605 1727 821 1532 
1669933409 1574 1763 826 1522 
1669933411 1519 1761 826 1555 
1669933413 1588 1765 863 1498 
1669933415 1561 1673 861 1522 
1669933417 1487 1714 824 1433 
1669933419 1581 1697 834 1483 
1669933421 1567 1739 818 1495 
1669933423 1605 1723 844 1549 
1669933425 1555 1752 858 1547 
1669933427 1585 1779 832 1493 
1669933429 1583 1736 782 1417 
1669933431 1614 1727 851 1474 
1669933433 1516 1737 842 1545 
1669933435 1535 1676 770 1509 
1669933437 1463 1701 844 1537 
1669933439 1593 1753 865 1503 
1669933441 1556 1722 852 1404 
1669933443 1583 1735 837 1477 
1669933445 1580 1726 874 1530 
1669933447 1560 1722 862 1439 
1669933449 1575 1685 822 1500 
1669933451 1573 1713 765 1525 
1669933453 1586 1797 849 1560 
1669933455 1494 1751 812 1411 
1669933457 1592 1639 817 1512 
1669933459 1601 1682 761 1515 
1669933461 1571 1677 840 1504 
1669933463 1515 1733 854 1493 
1669933465 1539 1747 820 1389 
1669933467 1551 1754 871 1463 
1669933469 1587 1767 847 1521 
1669933471 1571 1681 812 1540 
1669933473 1606 1657 802 1518 
1669933475 1577 1701 854 1434 
1669933477 1479 1750 847 1527 
1669933479 1601 1747 828 1423 
1669933481 1598 1757 829 1475 
1669933483 1596 1765 823 1484 
1669933485 1621 1726 764 1503 
1669933487 1571 1733 846 1507 
1669933489 1557 1744 865 1540 
1669933491 1552 1739 819 1519 
1669933493 1590 1743 758 1420 
1669933495 1614 1784 845 1526 
1669933497 1618 1724 866 1498 
1669933499 1623 1764 811 1516 
1669933501 1609 1769 821 1489 
1669933503 1589 1768 848 1544 
1669933505 1586 1730 770 1515 
1669933507 1604 1752 865 1540 
1669933509 1631 1713 852 1397 
1669933511 1575 1691 843 1486 
1669933513 1608 1746 837 1510 
1669933515 1603 1718 834 1499 
1669933517 1582 1741 853 1522 
1669933519 1578 1679 850 1447 
1669933521 1602 1761 822 1537 
1669933523 1470 1773 821 1500 
1669933525 1546 1776 853 1498 
1669933527 1499 1739 826 1491 
1669933529 1605 1688 765 1480 
1669933531 1483 1660 830 1422 
1669933533 1605 1684 814 1501 
1669933535 1607 1710 841 1528 
1669933537 1578 1759 860 1541 
1669933539 1582 1734 846 1531 
1669933541 1568 1734 760 1508 
1669933543 1606 1748 747 1483 
1669933545 1615 1739 811 1412 
1669933547 1473 1753 813 1518 
1669933549 1467 1734 739 1486 
1669933551 1554 1788 854 1385 
1669933553 1562 1712 861 1504 
1669933555 1565 1738 869 1529 
1669933557 1607 1721 838 1551 
1669933559 1598 1749 817 1505 
1669933561 1558 1704 853 1497 
1669933563 1557 1645 814 1541 
1669933565 1587 1720 849 1513 
1669933567 1556 1764 864 1433 
1669933569 1575 1714 851 1518 
1669933571 1496 1718 836 1516 
1669933573 1593 1754 845 1493 
1669933575 1587 1724 864 1442 
1669933577 1462 1715 844 1490 
1669933579 1497 1738 676 1410 
1669933581 1611 1765 830 1542 
1669933583 1486 1741 818 1542 
1669933585 1487 1715 828 1501 
1669933587 1454 1655 800 1493 
1669933589 1555 1736 866 1534 
1669933591 1603 1759 826 1542 
1669933593 1478 1687 830 1436 
1669933595 1535 1711 814 1521 
1669933597 1565 1748 773 1493 
1669933599 1598 1763 823 1504 
1669933601 1583 1741 815 1489 
1669933603 1586 1706 870 1448 
1669933605 1598 1701 839 1494 
1669933607 1626 1758 859 1502 
1669933609 1607 1605 803 1502 
1669933611 1572 1719 749 1537 
1669933613 1553 1691 840 1526 
1669933615 1582 1764 854 1527 
1669933617 1560 1767 845 1532 
1669933619 1584 1734 831 1519 
1669933621 1591 1744 766 1503 
1669933623 1472 1765 854 1515 
1669933625 1588 1617 824 1507 
1669933627 1559 1715 813 1532 
1669933629 1503 1684 850 1552 
1669933631 1591 1759 834 1530 
1669933633 1625 1754 864 1562 
1669933635 1617 1722 851 1502 
1669933637 1621 1758 865 1520 
1669933639 1626 1574 836 1491 
1669933641 1603 1667 818 1521 
1669933643 1594 1736 866 1521 
1669933645 1559 1738 767 1503 
1669933647 1594 1691 828 1546 
1669933649 1580 1734 744 1499 
1669933651 1602 1784 826 1520 
1669933653 1609 1732 864 1511 
1669933655 1587 1758 860 1449 
1669933657 1618 1632 868 1548 
1669933659 1477 1716 834 1449 
1669933661 1577 1733 813 1533 
1669933663 1545 1733 810 1506 
1669933665 1586 1747 756 1508 
1669933667 1617 1717 748 1498 
1669933669 1600 1769 748 1496 
1669933671 1600 1794 851 1507 
1669933673 1595 1779 835 1525 
1669933675 1554 1659 844 1548 
1669933677 1486 1696 828 1542 
1669933679 1587 1707 841 1490 
1669933681 1569 1675 830 1502 
1669933683 1573 1744 745 1486 
1669933685 1606 1772 839 1517 
1669933687 1597 1704 829 1509 
1669933689 1580 1766 768 1543 
1669933691 1581 1676 851 1479 
1669933693 1612 1694 846 1411 
1669933695 1574 1713 811 1531 
1669933697 1549 1681 820 1520 
1669933699 1576 1778 861 1515 
1669933701 1600 1741 851 1498 
1669933703 1574 1768 848 1514 
1669933705 1500 1744 801 1529 
1669933707 1584 1749 838 1556 
1669933709 1489 1681 818 1542 
1669933711 1578 1692 834 1507 
1669933713 1587 1767 853 1532 
1669933715 1589 1752 847 1495 
1669933717 1567 1726 829 1510 
1669933719 1575 1703 847 1513 
1669933721 1563 1724 754 1438 
1669933723 1577 1719 837 1470 
1669933725 1585 1724 776 1426 
1669933727 1630 1680 739 1492 
1669933729 1619 1725 747 1486 
1669933731 1509 1624 808 1498 
1669933733 1563 1697 827 1522 
1669933735 1565 1701 817 1530 
1669933737 1601 1769 850 1546 
1669933739 1607 1677 848 1487 
1669933741 1576 1726 860 1547 
1669933743 1546 1753 854 1442 
1669933745 1571 1736 864 1382 
1669933747 1571 1761 751 1458 
1669933749 1481 1718 837 1499 
1669933751 1577 1720 863 1486 
1669933753 1574 1770 830 1529 
1669933755 1563 1692 858 1394 
1669933757 1572 1748 859 1506 
1669933759 1583 1772 834 1540 
1669933761 1585 1726 826 1445 
1669933763 1607 1733 825 1516 
1669933765 1608 1766 836 1537 
1669933767 1587 1760 768 1543 
1669933769 1570 1765 841 1501 
1669933771 1558 1782 759 1522 
1669933773 1592 1751 751 1516 
1669933775 1580 1724 839 1544 
1669933777 1600 1785 822 1407 
1669933779 1616 1782 840 1521 
1669933781 1620 1735 752 1545 
1669933783 1606 1659 800 1444 
1669933785 1613 1687 835 1478 
1669933787 1605 1676 737 1482 
1669933789 1602 1711 821 1482 
1669933791 1611 1745 811 1533 
1669933793 1566 1733 852 1510 
1669933795 1584 1648 828 1508 
1669933797 1575 1672 824 1426 
1669933799 1561 1695 836 1409 
1669933801 1607 1751 823 1518 
1669933803 1474 1714 847 1488 
1669933805 1536 1781 819 1509 
1669933807 1547 1774 857 1538 
1669933809 1570 1712 758 1551 
1669933811 1601 1723 750 1548 
1669933813 1612 1721 851 1546 
1669933815 1577 1710 817 1542 
1669933817 1593 1736 864 1508 
1669933819 1632 1780 822 1496 
1669933821 1489 1702 857 1548 
1669933823 1562 1666 757 1510 
1669933825 1585 1686 843 1492 
1669933827 1570 1770 821 1488 
1669933829 1623 1742 865 1499 
1669933831 1565 1770 830 1530 
1669933833 1593 1725 817 1517 
1669933835 1548 1681 832 1490 
1669933837 1619 1681 840 1531 
1669933839 1474 1685 832 1521 
1669933841 1590 1691 853 1501 
1669933843 1587 1682 828 1537 
1669933845 1597 1766 767 1484 
1669933847 1382 1728 824 1394 
1669933849 1564 1781 749 1454 
1669933851 1562 1739 846 1392 
1669933853 1612 1760 857 1473 
1669933855 1611 1782 742 1502 
1669933857 1610 1781 824 1544 
1669933859 1607 1712 837 1416 
1669933861 1633 1744 853 1479 
1669933863 1608 1637 843 1498 
1669933865 1560 1606 814 1409 
1669933867 1571 1701 809 1522 
1669933869 1617 1705 857 1506 
1669933871 1606 1748 830 1538 
1669933873 1624 1759 859 1485 
1669933875 1573 1701 838 1532 
1669933877 1588 1663 813 1529 
1669933879 1586 1673 849 1525 
1669933881 1582 1714 833 1540 
1669933883 1627 1676 839 1540 
1669933885 1566 1737 855 1535 
1669933887 1553 1740 826 1534 
1669933889 1570 1715 812 1516 
1669933891 1460 1739 821 1511 
1669933893 1598 1631 840 1511 
1669933895 1554 1712 756 1312 
1669933897 1609 1749 838 1470 
1669933899 1583 1758 826 1386 
1669933901 1561 1715 804 1508 
1669933903 1618 1752 841 1480 
1669933905 1502 1727 824 1413 
1669933907 1575 1719 837 1501 
1669933909 1623 1732 843 1532 
1669933911 1615 1755 843 1548 
1669933913 1522 1703 840 1438 
1669933915 1594 1745 821 1480 
1669933917 1558 1762 838 1542 
1669933919 1566 1688 739 1539 
1669933921 1614 1705 807 1527 
1669933923 1582 1731 826 1431 
1669933925 1612 1736 856 1522 
1669933927 1562 1726 826 1444 
1669933929 1458 1754 844 1436 
1669933931 1597 1731 824 1479 
1669933933 1608 1741 839 1514 
1669933935 1616 1742 843 1517 
1669933937 1609 1709 838 1497 
1669933939 1561 1738 838 1515 
1669933941 1581 1780 827 1525 
1669933943 1566 1669 823 1514 
1669933945 1607 1675 819 1506 
1669933947 1610 1616 810 1537 
1669933949 1621 1572 857 1540 
1669933951 1628 1746 755 1528 
1669933953 1630 1774 829 1511 
1669933955 1617 1731 829 1495 
1669933957 1608 1624 751 1483 
1669933959 1559 1704 840 1545 
1669933961 1557 1749 843 1546 
1669933963 1618 1676 732 1511 
1669933965 1585 1746 740 1507 
1669933967 1612 1669 821 1527 
1669933969 1484 1715 805 1532 
1669933971 1470 1687 837 1541 
1669933973 1575 1732 761 1530 
1669933975 1624 1753 836 1535 
1669933977 1600 1758 850 1529 
1669933979 1554 1747 825 1510 
1669933981 1559 1754 831 1504 
1669933983 1569 1766 849 1515 
1669933985 1598 1718 736 1417 
1669933987 1557 1741 737 1499 
1669933989 1598 1694 803 1506 
1669933991 1558 1739 849 1525 
1669933993 1592 1753 755 1518 
1669933995 1599 1707 823 1513 
1669933997 1605 1726 857 1524 
1669933999 1491 1722 848 1510 
1669934001 1598 1754 834 1506 
1669934003 1578 1723 838 1551 
1669934005 1610 1771 853 1490 
1669934007 1618 1766 850 1545 
1669934009 1612 1630 844 1545 
1669934011 1617 1748 849 1542 
1669934013 1610 1732 835 1537 
1669934015 1602 1757 839 1529 
1669934017 1600 1716 841 1529 
1669934019 1558 1765 749 1528 
1669934021 1602 1698 854 1545 
1669934023 1608 1743 847 1520 
1669934025 1621 1727 823 1484 
1669934027 1632 1735 824 1497 
1669934029 1612 1697 838 1537 
1669934031 1553 1699 842 1437 
1669934033 1599 1764 836 1524 
1669934035 1625 1731 839 1483 
1669934037 1601 1714 817 1477 
1669934039 1617 1682 855 1490 
1669934041 1526 1743 847 1489 
1669934043 1594 1620 841 1493 
1669934045 1575 1691 838 1394 
1669934047 1373 1640 818 1479 
1669934049 1528 1736 763 1494 
1669934051 1585 1769 813 1486 
1669934053 1466 1718 855 1484 
1669934055 1540 1770 731 1518 
1669934057 1575 1761 824 1502 
1669934059 1609 1724 759 1491 
1669934061 1592 1771 840 1541 
1669934063 1598 1730 748 1508 
1669934065 1467 1701 819 1519 
1669934067 1577 1730 819 1517 
1669934069 1559 1661 831 1528 
1669934071 1613 1722 862 1541 
1669934073 1604 1725 846 1431 
1669934075 1599 1759 854 1410 
1669934077 1598 1697 811 1511 
1669934079 1476 1623 800 1406 
1669934081 1488 1679 808 1482 
1669934083 1579 1684 852 1517 
1669934085 1561 1722 861 1488 
1669934087 1591 1723 824 1435 
1669934089 1585 1712 829 1521 
1669934091 1617 1689 840 1502 
1669934093 1623 1742 852 1427 
1669934095 1611 1672 820 1520 
1669934097 1488 1738 841 1481 
1669934099 1583 1722 804 1534 
1669934101 1622 1548 830 1539 
1669934103 1568 1616 853 1528 
1669934105 1580 1727 844 1426 
1669934107 1603 1766 802 1533 
1669934109 1620 1639 839 1527 
1669934111 1555 1695 817 1471 
1669934113 1616 1733 840 1520 
1669934115 1580 1717 826 1522 
1669934117 1609 1654 836 1421 
1669934119 1471 1658 753 1491 
1669934121 1555 1705 841 1494 
1669934123 1591 1725 853 1530 
1669934125 1560 1686 846 1543 
1669934127 1553 1700 852 1538 
1669934129 1480 1609 794 1498 
1669934131 1578 1633 821 1413 
1669934133 1570 1731 833 1487 
1669934135 1596 1718 848 1514 
1669934137 1604 1642 847 1496 
1669934139 1598 1555 821 1536 
1669934141 1615 1739 822 1519 
1669934143 1553 1721 828 1514 
1669934145 1584 1619 799 1536 
1669934147 1619 1728 834 1510 
1669934149 1608 1675 802 1432 
1669934151 1561 1668 849 1517 
1669934153 1555 1679 847 1478 
1669934155 1476 1680 751 1510 
1669934157 1605 1687 798 1497 
1669934159 1620 1765 850 1509 
1669934161 1564 1705 840 1504 
1669934163 1609 1751 815 1478 
1669934165 1636 1739 811 1480 
1669934167 1498 1684 841 1498 
1669934169 1498 1757 824 1411 
1669934171 1581 1745 808 1491 
1669934173 1472 1708 843 1487 
1669934175 1537 1715 817 1533 
1669934177 1576 1734 863 1506 
1669934179 1599 1736 850 1507 
1669934181 1591 1690 846 1423 
1669934183 1598 1738 730 1487 
1669934185 1613 1754 797 1515 
1669934187 1591 1712 763 1512 
1669934189 1575 1698 839 1496 
1669934191 1626 1691 810 1531 
1669934193 1594 1749 832 1315 
1669934195 1630 1742 827 1449 
1669934197 1593 1738 848 1397 
1669934199 1603 1732 761 1487 
1669934201 1601 1695 816 1543 
1669934203 1624 1755 818 1524 
1669934205 1626 1713 826 1536 
1669934207 1460 1763 843 1496 
1669934209 1608 1779 809 1499 
1669934211 1605 1758 819 1532 
1669934213 1472 1735 810 1421 
1669934215 1601 1737 849 1489 
1669934217 1592 1733 818 1312 
1669934219 1481 1716 841 1502 
1669934221 1551 1716 822 1411 
1669934223 1542 1761 826 1534 
1669934225 1571 1750 823 1514 
1669934227 1622 1758 735 1481 
1669934229 1608 1789 826 1496 
1669934231 1486 1742 821 1518 
1669934233 1592 1746 824 1537 
1669934235 1572 1764 833 1539 
1669934237 1579 1756 860 1525 
1669934239 1560 1594 805 1492 
1669934241 1567 1697 843 1483 
1669934243 1576 1711 808 1413 
1669934245 1549 1728 846 1500 
1669934247 1609 1686 855 1495 
1669934249 1562 1750 858 1550 
1669934251 1463 1722 819 1546 
1669934253 1477 1740 828 1528 
1669934255 1464 1727 842 1419 
1669934257 1593 1731 851 1522 
1669934259 1574 1747 832 1403 
1669934261 1564 1763 844 1528 
1669934263 1493 1729 824 1406 
1669934265 1482 1731 801 1479 
1669934267 1587 1756 823 1479 
1669934269 1576 1687 796 1497 
1669934271 1556 1746 828 1532 
1669934273 1449 1762 817 1540 
1669934275 1468 1684 805 1525 
1669934277 1580 1797 815 1498 
1669934279 1505 1719 830 1542 
1669934281 1597 1734 836 1543 
1669934283 1591 1668 820 1528 
1669934285 1570 1784 840 1522 
1669934287 1560 1778 826 1458 
1669934289 1563 1684 820 1427 
1669934291 1606 1732 844 1521 
1669934293 1613 1722 838 1529 
1669934295 1599 1740 836 1459 
1669934297 1635 1577 801 1456 
1669934299 1585 1764 839 1499 
1669934301 1600 1601 805 1491 
1669934303 1643 1685 807 1403 
1669934305 1598 1624 802 1476 
1669934307 1483 1686 811 1502 
1669934309 1493 1756 751 1535 
1669934311 1581 1777 816 1533 
1669934313 1609 1715 829 1492 
1669934315 1476 1761 825 1489 
1669934317 1573 1764 758 1493 
1669934319 1476 1769 806 1431 
1669934321 1586 1788 853 1521 
1669934323 1560 1627 820 1413 
1669934325 1604 1733 826 1523 
1669934327 1565 1724 854 1431 
1669934329 1617 1769 851 1501 
1669934331 1594 1685 825 1490 
1669934333 1373 1634 825 1507 
1669934335 1546 1788 833 1532 
1669934337 1618 1735 837 1490 
1669934339 1486 1735 823 1523 
1669934341 1585 1698 808 1420 
1669934343 1591 1781 752 1567 
1669934345 1571 1769 830 1443 
1669934347 1602 1691 852 1517 
1669934349 1580 1769 751 1510 
1669934351 1612 1749 836 1535 
1669934353 1586 1739 735 1399 
1669934355 1611 1716 815 1387 
1669934357 1619 1765 818 1523 
1669934359 1617 1747 818 1491 
1669934361 1572 1703 732 1524 
1669934363 1576 1712 844 1513 
1669934365 1553 1727 838 1531 
1669934367 1570 1731 823 1536 
1669934369 1586 1779 843 1520 
1669934371 1606 1787 847 1554 
1669934373 1615 1698 813 1511 
1669934375 1608 1757 822 1502 
1669934377 1429 1775 838 1568 
1669934379 1458 1652 831 1396 
1669934381 1540 1679 835 1489 
1669934383 1620 1703 809 1474 
1669934385 1563 1751 825 1482 
1669934387 1620 1797 844 1505 
1669934389 1545 1757 826 1516 
1669934391 1455 1682 821 1545 
1669934393 1588 1723 824 1544 
1669934395 1570 1660 821 1483 
1669934397 1606 1620 812 1528 
1669934399 1607 1732 861 1524 
1669934401 1618 1720 804 1516 
1669934403 1608 1760 821 1525 
1669934405 1484 1675 738 1487 
1669934407 1556 1760 754 1507 
1669934409 1562 1776 816 1418 
1669934411 1578 1633 812 1501 
1669934413 1556 1720 828 1502 
1669934415 1570 1750 818 1500 
1669934417 1585 1708 816 1546 
1669934419 1630 1673 797 1516 
1669934421 1387 1686 827 1532 
1669934423 1587 1747 831 1529 
1669934425 1572 1695 808 1541 
1669934427 1465 1709 805 1511 
1669934429 1592 1670 841 1534 
1669934431 1567 1651 734 1515 
1669934433 1566 1735 823 1530 
1669934435 1488 1724 820 1541 
1669934437 1562 1723 802 1420 
1669934439 1606 1755 817 1521 
1669934441 1555 1735 812 1510 
1669934443 1503 1660 850 1502 
1669934445 1560 1715 813 1540 
1669934447 1587 1748 810 1409 
1669934449 1575 1730 849 1518 
1669934451 1566 1712 830 1495 
1669934453 1571 1720 841 1517 
1669934455 1612 1725 820 1408 
1669934457 1622 1778 824 1506 
1669934459 1579 1772 842 1501 
1669934461 1597 1765 812 1397 
1669934463 1594 1724 820 1532 
1669934465 1519 1757 817 1542 
1669934467 1566 1701 806 1397 
1669934469 1552 1722 831 1493 
1669934471 1565 1712 851 1476 
1669934473 593 3425 2438 3404 
1669934475 1042 2078 924 1859 
1669934477 1349 1662 820 1526 
1669934479 1448 1700 758 1496 
1669934481 1959 1243 588 935 
1669934483 1724 1556 834 1465 
1669934485 1588 1641 807 1496 
1669934487 1615 1709 840 1521 
1669934489 1587 1729 806 1503 
1669934491 1621 1778 822 1512 
1669934493 2323 629 602 538 
1669934495 1086 2067 851 1985 
1669934497 1393 1608 725 1505 
1669934499 1386 1829 876 1543 
1669934501 1900 1619 756 1218 
1669934503 1710 1440 808 1381 
1669934505 1633 1694 846 1420 
1669934507 1580 1724 832 1499 
1669934509 1594 1778 766 1527 
1669934511 1592 1783 826 1423 
1669934513 1551 1776 823 1481 
1669934515 1577 1748 843 1548 
1669934517 1560 1760 857 1478 
1669934519 1588 1749 801 1501 
1669934521 1605 1736 765 1390 
1669934523 1491 1751 733 1520 
1669934525 1543 1751 827 1509 
1669934527 1599 1740 831 1481 
1669934529 1618 1663 744 1373 
1669934531 1614 1700 756 1293 
1669934533 1586 1771 811 1483 
1669934535 1574 1494 837 1505 
1669934537 1610 1576 750 1430 
1669934539 1495 1682 828 1507 
1669934541 1549 1732 842 1425 
1669934543 1580 1733 829 1522 
1669934545 1519 1741 845 1483 
1669934547 1545 1726 856 1428 
1669934549 1501 1709 829 1484 
1669934551 1457 1711 793 1502 
1669934553 1475 1698 744 1501 
1669934555 1584 1742 806 1538 
1669934557 1614 1785 813 1505 
1669934559 1558 1726 748 1521 
1669934561 1576 1688 849 1548 
1669934563 1581 1709 805 1487 
1669934565 1597 1733 801 1391 
1669934567 1551 1736 852 1490 
1669934569 1603 1719 808 1417 
1669934571 1622 1731 818 1504 
1669934573 1582 1732 814 1534 
1669934575 1469 1687 820 1494 
1669934577 1557 1774 820 1498 
1669934579 1454 1729 839 1493 
1669934581 1537 1793 841 1476 
1669934583 1455 1714 823 1485 
1669934585 1585 1764 819 1520 
1669934587 1612 1673 837 1498 
1669934589 1501 1713 810 1490 
1669934591 1595 1708 827 1493 
1669934593 1613 1766 750 1411 
1669934595 1592 1776 850 1533 
1669934597 1569 1678 810 1428 
1669934599 1480 1727 821 1524 
1669934601 1597 1790 757 1516 
1669934603 1572 1734 804 1544 
1669934605 1583 1764 810 1536 
1669934607 1585 1760 818 1523 
1669934609 1587 1759 734 1532 
1669934611 1610 1768 806 1529 
1669934613 1602 1666 829 1487 
1669934615 1468 1711 821 1520 
1669934617 1546 1729 839 1480 
1669934619 1580 1736 816 1497 
1669934621 1603 1715 811 1487 
1669934623 1568 1768 820 1504 
1669934625 1581 1737 823 1535 
1669934627 1572 1665 800 1399 
1669934629 1603 1676 752 1500 
1669934631 1502 1716 845 1532 
1669934633 1549 1728 826 1543 
1669934635 1598 1703 741 1473 
1669934637 1478 1617 788 1542 
1669934639 1606 1653 844 1524 
1669934641 1494 1518 796 1499 
1669934643 1559 1683 739 1485 
1669934645 1602 1738 846 1537 
1669934647 1562 1738 835 1515 
1669934649 1561 1706 815 1526 
1669934651 1589 1688 752 1529 
1669934653 1564 1648 797 1495 
1669934655 1599 1673 809 1506 
1669934657 1603 1758 849 1529 
1669934659 1600 1739 815 1519 
1669934661 1596 1734 840 1529 
1669934663 1566 1574 815 1520 
1669934665 1490 1703 822 1517 
1669934667 1581 1699 742 1405 
1669934669 1596 1626 849 1509 
1669934671 1572 1606 836 1498 
1669934673 1612 1665 808 1492 
1669934675 1617 1707 821 1485 
1669934677 1578 1695 813 1514 
1669934679 1610 1760 810 1557 
1669934681 1597 1748 805 1509 
1669934683 1558 1748 845 1514 
1669934685 1602 1727 808 1507 
1669934687 1614 1627 812 1407 
1669934689 1579 1687 819 1469 
1669934691 1592 1734 816 1511 
1669934693 1601 1770 826 1506 
1669934695 1618 1694 817 1515 
1669934697 1588 1766 853 1514 
1669934699 1623 1732 824 1522 
1669934701 1611 1759 827 1509 
1669934703 1602 1723 819 1493 
1669934705 1606 1700 848 1502 
1669934707 1610 1752 837 1534 
1669934709 1578 1702 746 1499 
1669934711 1609 1760 742 1483 
1669934713 1608 1779 805 1545 
1669934715 1607 1726 818 1537 
1669934717 1587 1746 821 1530 
1669934719 1620 1769 834 1519 
1669934721 1613 1653 818 1515 
1669934723 1617 1747 813 1506 
1669934725 1555 1732 829 1531 
1669934727 1610 1747 821 1483 
1669934729 1621 1763 836 1407 
1669934731 1607 1742 811 1518 
1669934733 1628 1778 724 1535 
1669934735 1484 1773 832 1539 
1669934737 1594 1733 812 1499 
1669934739 1588 1769 802 1524 
1669934741 1500 1693 805 1529 
1669934743 1540 1764 842 1536 
1669934745 1558 1731 828 1555 
1669934747 1547 1733 822 1542 
1669934749 1497 1686 828 1521 
1669934751 1554 1588 808 1521 
1669934753 1564 1685 738 1421 
1669934755 1607 1688 750 1473 
1669934757 1556 1723 829 1490 
1669934759 1609 1675 800 1502 
1669934761 1591 1721 806 1512 
1669934763 1624 1739 804 1503 
1669934765 1597 1724 852 1560 
1669934767 1615 1650 816 1316 
1669934769 1460 1599 806 1471 
1669934771 1584 1719 821 1533 
1669934773 1595 1741 833 1515 
1669934775 1581 1743 741 1511 
1669934777 1584 1735 825 1508 
1669934779 1510 1708 838 1526 
1669934781 1594 1757 818 1490 
1669934783 1577 1730 828 1429 
1669934785 1620 1703 803 1481 
1669934787 1473 1684 817 1514 
1669934789 1574 1626 825 1510 
1669934791 1624 1769 814 1541 
1669934793 1565 1719 734 1497 
1669934795 1583 1698 813 1505 
1669934797 1568 1677 834 1490 
1669934799 1376 1727 831 1536 
1669934801 1581 1758 858 1520 
1669934803 1477 1715 740 1493 
1669934805 1536 1760 819 1510 
1669934807 1600 1694 809 1513 
1669934809 1594 1727 833 1517 
1669934811 1562 1778 848 1539 
1669934813 1592 1759 834 1509 
1669934815 1594 1755 810 1417 
1669934817 1473 1693 805 1487 
1669934819 1560 1770 845 1477 
1669934821 1543 1768 838 1526 
1669934823 1609 1734 815 1533 
1669934825 1604 1772 849 1498 
1669934827 1488 1730 838 1424 
1669934829 1603 1715 819 1516 
1669934831 1612 1748 831 1530 
1669934833 1605 1712 847 1545 
1669934835 1607 1719 825 1509 
1669934837 1580 1758 728 1527 
1669934839 1569 1687 828 1561 
1669934841 1466 1649 802 1316 
1669934843 1548 1698 753 1503 
1669934845 1611 1705 739 1485 
1669934847 1475 1698 801 1469 
1669934849 1545 1700 810 1483 
1669934851 1586 1717 826 1509 
1669934853 1564 1663 812 1421 
1669934855 1600 1643 798 1495 
1669934857 1609 1684 837 1402 
1669934859 1624 1634 833 1491 
1669934861 1611 1741 824 1415 
1669934863 1610 1730 756 1486 
1669934865 1619 1731 808 1505 
1669934867 1599 1721 839 1402 
1669934869 1591 1725 798 1513 
1669934871 1559 1751 819 1496 
1669934873 1541 1711 826 1385 
1669934875 1602 1749 802 1504 
1669934877 1617 1765 823 1530 
1669934879 1612 1733 811 1508 
1669934881 1478 1754 835 1487 
1669934883 1581 1782 834 1501 
1669934885 1590 1719 837 1498 
1669934887 1605 1752 828 1495 
1669934889 1576 1710 825 1506 
1669934891 1611 1720 837 1537 
1669934893 1605 1761 815 1495 
1669934895 1475 1682 730 1530 
1669934897 1598 1731 824 1538 
1669934899 1567 1740 845 1485 
1669934901 1546 1738 754 1408 
1669934903 1617 1803 812 1502 
1669934905 1605 1751 808 1505 
1669934907 1592 1691 831 1495 
1669934909 1593 1604 814 1517 
1669934911 1605 1714 838 1540 
1669934913 1563 1715 802 1430 
1669934915 1578 1760 804 1513 
1669934917 1606 1713 804 1432 
1669934919 1581 1678 805 1503 
1669934921 1604 1718 844 1509 
1669934923 2265 928 1146 761 
1669934925 1643 1440 872 1514 
1669934927 2420 1218 820 1693 
1669934929 1870 1930 1053 1826 
1669934931 1828 1841 968 1314 
1669934933 1613 1311 862 1293 
1669934935 1588 1191 615 1447 
1669934937 1711 1720 958 1717 
1669934939 1462 1666 871 1663 
1669934941 829 907 672 1105 
1669934943 1593 2027 944 1675 
1669934945 1413 1532 778 1558 
1669934947 1583 1845 901 1686 
1669934949 1717 1102 587 1142 
1669934951 1364 1805 760 1490 
1669934953 1263 1448 723 1529 
1669934955 1134 834 521 1082 
1669934957 1451 1372 604 1249 
1669934959 2098 2693 1369 1946 
1669934961 1208 2096 903 1668 
1669934963 1482 1677 911 1261 
1669934965 1428 1684 847 1545 
1669934967 1551 1788 851 1552 
1669934969 1608 1808 799 1519 
1669934971 1615 1622 739 1490 
1669934973 1609 1447 699 1442 
1669934975 1609 1579 657 1487 
1669934977 1610 1833 970 1501 
1669934979 1622 1941 883 1516 
1669934981 1559 1686 826 1528 
1669934983 1518 1214 516 1383 
1669934985 1504 1831 781 1493 
1669934987 1550 2230 1038 1742 
1669934989 1580 1876 924 1531 
1669934991 1560 1966 991 1668 
1669934993 1871 1483 594 1110 
1669934995 1481 1746 859 1462 
1669934997 1893 2259 1109 1660 
1669934999 1495 1619 811 1455 
1669935001 1580 2001 948 1579 
1669935003 1580 1548 861 1509 
1669935005 1673 1595 834 1487 
1669935007 1648 1667 782 1465 
1669935009 1493 1684 858 1557 
1669935011 1380 1455 719 1398 
1669935013 1470 1547 694 1336 
1669935015 1698 1941 1085 1730 
1669935017 1458 1258 624 1195 
1669935019 1484 1526 734 1408 
1669935021 1602 1735 844 1567 
1669935023 1492 1658 813 1533 
1669935025 1589 1748 827 1445 
1669935027 1647 2026 832 1582 
1669935029 1628 1785 847 1572 
1669935031 1565 1916 918 1576 
1669935033 1751 1880 896 1506 
1669935035 1367 1435 769 1468 
1669935037 1508 1748 810 1279 
1669935039 1594 1972 923 1546 
1669935041 1730 2039 841 1587 
1669935043 1690 2123 945 1714 
1669935045 1588 2277 1060 1721 
1669935047 1452 951 644 1170 
1669935049 1749 2071 1016 1728 
1669935051 1314 2255 1004 1909 
1669935053 1240 1350 790 1119 
1669935055 1417 1597 896 1626 
1669935057 1717 1906 893 1669 
1669935059 1540 2339 1020 1777 
1669935061 1554 1282 708 1446 
1669935063 1203 1519 537 1546 
1669935065 2201 3371 2120 3223 
1669935067 518 492 410 581 
1669935069 2004 1311 963 659 
1669935071 2808 1259 1793 585 
1669935073 851 2300 910 1852 
1669935075 1008 633 429 535 
1669935077 1686 2250 1398 1511 
1669935079 1574 1186 539 967 
1669935081 1742 1378 892 1330 
1669935083 2069 2088 1653 844 
1669935085 2357 3352 2899 3382 
1669935087 1435 3370 2722 2254 
1669935089 841 922 704 832 
1669935091 1568 1919 1264 1367 
1669935093 3338 3425 3490 3251 
1669935095 1033 957 873 1211 
1669935097 1551 2413 1708 1696 
1669935099 1737 1193 695 1474 
1669935101 1812 1478 776 1334 
1669935103 1700 1448 811 1345 
1669935105 1471 1191 721 1204 
1669935107 2042 1403 825 1462 
1669935109 1601 1471 855 1339 
1669935111 1705 1766 900 1407 
1669935113 1625 1503 694 1373 
1669935115 1262 1257 660 1110 
1669935117 1513 1582 855 1383 
1669935119 1700 2813 2064 2115 
1669935121 2577 1616 1148 1860 
1669935123 1146 715 597 1552 
1669935125 2115 2499 1305 2032 
1669935127 2626 2971 1411 1597 
1669935129 1722 1818 772 1350 
1669935131 1580 1700 810 1525 
1669935133 1542 1666 781 1388 
1669935135 1531 1513 761 1391 
1669935137 1735 1739 854 1405 
1669935139 1643 1738 826 1298 
1669935141 1685 1784 854 1375 
1669935143 1535 1702 745 1417 
1669935145 1633 1732 826 1482 
1669935147 1665 1813 867 1509 
1669935149 1356 1235 641 1424 
1669935151 811 549 435 1958 
1669935153 938 1595 674 2009 
1669935155 1110 2833 2448 2086 
1669935157 481 522 374 800 
1669935159 1739 1864 1562 1903 
1669935161 764 1486 1010 1149 
1669935163 1268 1583 900 1402 
1669935165 2115 2191 1298 2100 
1669935167 1547 1296 418 1388 
1669935169 1749 1739 826 1513 
1669935171 1779 1735 812 1521 
1669935173 1677 1556 731 1481 
1669935175 1698 1589 782 1510 
1669935177 1742 1666 798 1492 
1669935179 1615 1656 726 1506 
1669935181 1581 1609 762 1435 
1669935183 1597 741 477 871 
1669935185 1436 1390 745 1366 
1669935187 1897 2191 1075 1895 
1669935189 1707 1875 832 1718 
1669935191 1905 2011 777 1545 
1669935193 1627 1963 873 1760 
1669935195 1634 1915 844 1646 
1669935197 1447 1737 840 1564 
1669935199 1366 1514 1126 1301 
1669935201 1281 1223 832 1466 
1669935203 1648 1772 864 1453 
1669935205 2772 2993 1513 2387 
1669935207 1483 1708 773 1730 
1669935209 468 442 376 521 
1669935211 565 3498 3551 3328 
1669935213 1780 3538 3532 3048 
1669935215 1560 2010 1320 1681 
1669935217 621 529 561 3481 
1669935219 1494 1584 452 1082 
1669935221 1688 1502 813 1412 
1669935223 2007 2778 1312 2773 
1669935225 1808 1726 683 1451 
1669935227 1739 1355 626 1275 
1669935229 1457 1206 695 1314 
1669935231 1541 1168 660 1261 
1669935233 1387 981 691 1118 
1669935235 1252 1090 796 1273 
1669935237 1113 901 726 1002 
1669935239 1173 895 744 999 
1669935241 1960 1831 871 1716 
1669935243 1596 1422 744 1530 
1669935245 1379 1503 739 1397 
1669935247 1568 1538 822 1414 
1669935249 1468 1408 812 1236 
1669935251 1313 1174 631 1311 
1669935253 2074 1897 953 1781 
1669935255 1814 1799 744 1719 
1669935257 1475 1509 646 1465 
1669935259 951 1131 602 1151 
1669935261 1967 1868 907 1714 
1669935263 1705 1768 806 1322 
1669935265 1384 1765 881 1440 
1669935267 1874 1946 845 1582 
1669935269 1391 1452 752 1539 
1669935271 1937 2021 946 1671 
1669935273 1719 1785 876 1594 
1669935275 1378 1306 539 1397 
1669935277 1136 1202 655 1239 
1669935279 1901 1842 843 1661 
1669935281 909 968 566 1035 
1669935283 1588 1441 751 1508 
1669935285 1507 1624 859 1365 
1669935287 1802 1142 709 1500 
1669935289 2422 1821 847 2209 
1669935291 1150 2294 1131 2885 
1669935293 3348 3330 3467 659 
1669935295 488 1093 397 2288 
1669935297 1788 2221 1222 2263 
1669935299 2542 3215 2183 3052 
1669935301 1535 1248 872 1325 
1669935303 1638 1815 1281 1787 
1669935305 1991 2421 1403 2015 
1669935307 1667 1977 1030 1820 
1669935309 1264 1535 876 2020 
1669935311 1751 2715 1156 2522 
1669935313 1869 2355 1070 1955 
1669935315 1404 1922 811 1428 
1669935317 1873 2318 1217 1732 
1669935319 1805 2363 1266 1801 
1669935321 836 496 485 617 
1669935323 1686 1799 821 1533 
1669935325 1651 1752 1079 1661 
1669935327 2314 2918 1845 2621 
1669935329 1972 2196 1331 1921 
1669935331 969 537 467 634 
1669935333 1731 943 660 917 
1669935335 2223 1670 952 1262 
1669935337 2969 384 430 603 
1669935339 826 744 619 521 
1669935341 2812 3327 2265 3217 
1669935343 2479 2489 2091 2473 
1669935345 1924 2221 2327 2355 
1669935347 1520 604 1262 831 
1669935349 1673 1183 2099 1340 
1669935351 3328 2518 1927 3047 
1669935353 2582 3136 3273 3042 
1669935355 1776 3492 2524 3473 
1669935357 1722 2330 2894 2233 
1669935359 837 757 613 726 
1669935361 1936 2997 1798 2914 
1669935363 1527 1920 1385 2182 
1669935365 1783 3334 2995 3262 
1669935367 1856 3383 2042 2926 
1669935369 689 1176 784 817 
1669935371 1201 710 350 1018 
1669935373 1812 1373 766 1550 
1669935375 2025 3127 1312 2662 
1669935377 1648 2656 1192 2453 
1669935379 1540 2185 953 1787 
1669935381 1561 2122 759 1702 
1669935383 1894 3002 1458 2471 
1669935385 1402 2063 856 1682 
1669935387 1545 1994 886 1592 
1669935389 1549 1809 812 1530 
1669935391 1495 1743 766 1382 
1669935393 1535 2083 943 1751 
1669935395 1412 2659 1066 2097 
1669935397 1008 1324 602 1004 
1669935399 1793 1091 828 1094 
1669935401 1752 2156 904 1894 
1669935403 1520 2523 1057 2013 
1669935405 1509 2194 892 1851 
1669935407 1553 2316 1024 1957 
1669935409 1674 2170 1029 1813 
1669935411 1433 1645 750 1434 
1669935413 1531 1600 822 1485 
1669935415 1640 2244 1098 1679 
1669935417 1391 1876 679 1514 
1669935419 1535 1944 933 1611 
1669935421 1622 2160 931 1662 
1669935423 1345 1809 827 1425 
1669935425 1516 1692 791 1440 
1669935427 1521 1524 708 1265 
1669935429 1434 1830 804 1399 
1669935431 1510 1838 748 1636 
1669935433 836 1721 986 1370 
1669935435 1690 1060 795 900 
1669935437 2561 2061 1126 2099 
1669935439 1869 2051 838 2011 
1669935441 1447 1869 760 1477 
1669935443 1535 1903 824 1581 
1669935445 1453 1119 639 1006 
1669935447 1886 2518 950 2216 
1669935449 1888 2259 999 1770 
1669935451 1773 2184 927 2151 
1669935453 1516 1874 820 1640 
1669935455 1036 1486 669 1144 
1669935457 1888 2691 2639 2770 
1669935459 2098 3400 2304 3391 
1669935461 1498 1545 838 1360 
1669935463 1461 2111 1005 1782 
1669935465 1298 1367 455 1171 
1669935467 1534 2443 1019 1999 
1669935469 1337 634 601 727 
1669935471 1569 2085 931 1718 
1669935473 1262 1153 752 1057 
1669935475 1051 888 788 924 
1669935477 1416 1398 958 1397 
1669935479 1680 2140 826 1787 
1669935481 1599 1411 876 1257 
1669935483 2291 3397 2923 3400 
1669935485 1070 421 411 513 
1669935487 1511 2095 969 2021 
1669935489 2461 865 516 1076 
1669935491 3294 3369 1829 3358 
1669935493 2014 1048 1536 1359 
1669935495 1130 536 460 485 
1669935497 1688 1729 1221 1959 
1669935499 1690 1788 1005 1548 
1669935501 1797 2279 1224 1923 
1669935503 1730 2433 1204 2090 
1669935505 3324 3766 3734 3714 
1669935507 2125 1509 799 2408 
1669935509 3325 359 456 560 
1669935511 1120 541 545 621 
1669935513 577 746 482 1399 
1669935515 2694 3392 1879 1833 
1669935517 806 1393 820 2745 
1669935519 1443 1822 926 1363 
1669935521 683 1058 579 676 
1669935523 1146 1660 893 1504 
1669935525 979 2650 1827 2866 
1669935527 2695 2874 1568 1777 
1669935529 3170 3064 1684 1453 
1669935531 886 2729 1940 2458 
1669935533 1493 1486 886 1094 
1669935535 885 1451 723 1179 
1669935537 1099 1444 659 1136 
1669935539 1429 1909 818 1311 
1669935541 850 1522 696 1790 
1669935543 1632 1736 841 1340 
1669935545 1698 2210 1064 1922 
1669935547 1704 1673 765 1383 
1669935549 1599 1783 829 1487 
1669935551 1243 1754 725 1482 
1669935553 1211 1473 868 1263 
1669935555 1576 1275 667 1153 
1669935557 1235 1391 714 1063 
1669935559 1306 1383 700 1397 
1669935561 1548 1576 714 1464 
1669935563 1381 1413 701 1276 
1669935565 1379 1580 716 1183 
1669935567 2813 808 535 578 
1669935569 2127 1194 864 1164 
1669935571 1149 1874 835 1805 
1669935573 1486 1523 748 1278 
1669935575 1496 904 580 830 
1669935577 1349 1843 844 1330 
1669935579 1405 1727 853 1536 
1669935581 1716 1724 727 1402 
1669935583 1165 1536 704 1394 
1669935585 1480 1582 685 1251 
1669935587 1442 1463 863 1550 
1669935589 1520 1631 850 1567 
1669935591 1575 1730 789 1369 
1669935593 1689 1615 842 1599 
1669935595 1649 1906 915 1755 
1669935597 1535 1506 715 1342 
1669935599 1058 1220 536 1226 
