1669935603 1694 1514 748 1300 
1669935606 1890 1924 941 1710 
1669935608 1576 1342 719 1203 
1669935610 1571 1503 679 1186 
1669935612 1731 1528 829 1372 
1669935614 1382 1325 786 1483 
1669935616 1446 1898 916 1733 
1669935618 1881 514 582 1318 
1669935620 1259 1474 720 1446 
1669935622 2775 1483 865 1480 
1669935624 823 454 486 887 
1669935626 943 692 461 723 
1669935628 2422 2240 1464 1108 
1669935630 1288 2191 1066 1845 
1669935632 1357 1413 792 1343 
1669935634 1402 1438 750 1312 
1669935636 1440 1459 747 1234 
1669935638 1402 1381 807 1293 
1669935640 1459 541 385 1028 
1669935642 531 1571 956 1264 
1669935644 2817 3162 3284 3155 
1669935646 479 2373 2583 2518 
1669935648 3257 2932 1767 2691 
1669935650 598 1273 1316 1303 
1669935652 3655 3325 1906 1182 
1669935654 2586 771 564 671 
1669935656 3470 2705 767 817 
1669935658 1528 891 1016 3552 
1669935660 1944 3346 1984 2067 
1669935662 1230 1957 1135 2160 
1669935664 1019 2266 807 2025 
1669935666 3215 3324 2999 1802 
1669935668 1561 990 796 1608 
1669935670 1169 1043 846 2098 
1669935672 2591 892 866 1265 
1669935674 1005 569 484 692 
1669935676 466 493 437 2050 
1669935678 817 1455 701 1643 
1669935680 706 835 689 3013 
1669935682 1374 1940 1121 1559 
1669935684 1623 2058 1338 1826 
1669935686 1185 1842 958 1898 
1669935688 1520 2182 1023 1717 
1669935690 1597 2485 1378 2035 
1669935692 2224 3230 1626 1414 
1669935694 1850 2154 992 1623 
1669935696 2186 3155 1870 1207 
1669935698 1316 1401 1671 1639 
1669935700 1134 522 449 1680 
1669935702 2476 2120 1407 1580 
1669935704 2336 2233 1146 1118 
1669935706 1425 514 307 581 
1669935708 1914 1837 945 1351 
1669935710 1581 2110 913 1638 
1669935712 1997 3192 1602 2535 
1669935714 1062 1109 598 1490 
1669935716 3323 2032 1818 599 
1669935718 787 1177 767 2305 
1669935720 1748 1397 610 1200 
1669935722 1728 2518 1077 1987 
1669935724 1900 2553 1072 1702 
1669935726 3335 2445 1903 1813 
1669935728 584 929 735 1198 
1669935730 2983 3219 2614 3189 
1669935732 1193 1280 822 1279 
1669935734 1450 1694 1895 1906 
1669935736 1333 2092 1341 2134 
1669935738 1702 2048 951 1771 
1669935740 1571 2068 963 1773 
1669935742 1631 1991 872 1635 
1669935744 1724 1998 914 1595 
1669935746 1570 1940 815 1679 
1669935748 1578 1889 867 1653 
1669935750 1638 1925 893 1575 
1669935752 1585 1922 896 1508 
1669935754 1619 1882 870 1570 
1669935756 2066 1651 811 1232 
1669935758 1266 2076 847 1913 
1669935760 1507 1975 874 1658 
1669935762 1570 1968 858 1572 
1669935764 1603 1918 833 1579 
1669935766 1581 1873 813 1536 
1669935768 1571 1831 792 1543 
1669935770 1536 1846 810 1576 
1669935772 1569 1794 805 1578 
1669935774 1540 1801 779 1570 
1669935776 1411 1806 822 1543 
1669935778 1487 1729 820 1532 
1669935780 1545 1814 658 1527 
1669935782 1550 1686 804 1537 
1669935784 1562 1810 756 1516 
1669935786 1568 1783 848 1543 
1669935788 1452 1873 828 1520 
1669935790 1571 1840 823 1563 
1669935792 1554 1825 827 1541 
1669935794 1542 1753 812 1540 
1669935796 1555 1849 830 1543 
1669935798 1551 1823 810 1447 
1669935800 1548 1703 811 1530 
1669935802 1955 1491 742 1171 
1669935804 1796 1705 753 1323 
1669935806 1603 1692 826 1356 
1669935808 1620 486 439 470 
1669935810 1471 3081 1576 2938 
1669935812 1294 1830 892 1689 
1669935814 1502 1888 780 1598 
1669935816 1568 1891 800 1583 
1669935818 1622 1843 831 1548 
1669935820 1646 1812 791 1477 
1669935822 1856 1837 806 1464 
1669935824 1778 1635 770 1399 
1669935826 1468 1875 830 1737 
1669935828 2214 781 689 763 
1669935830 652 873 686 1042 
1669935832 1501 1781 778 1632 
1669935834 1796 1419 713 1323 
1669935836 1716 1744 938 1547 
1669935838 1179 1764 780 1833 
1669935840 3207 1801 1208 1829 
1669935842 1131 2723 979 2730 
1669935844 1296 1958 800 1721 
1669935846 1470 1805 772 1486 
1669935848 1797 2731 1326 2057 
1669935850 1811 958 839 1585 
1669935852 1680 1220 718 1361 
1669935854 1575 1585 809 1521 
1669935856 1558 1611 791 1498 
1669935858 1583 1752 804 1512 
1669935860 1549 1753 805 1492 
1669935862 1448 1780 794 1540 
1669935864 1527 1781 813 1508 
1669935866 1561 1811 798 1516 
1669935868 1436 1783 778 1505 
1669935870 1561 1758 808 1523 
1669935872 1576 1834 797 1407 
1669935874 1571 1841 798 1397 
1669935876 1553 1767 801 1494 
1669935878 1440 1788 834 1437 
1669935880 1580 1698 706 1516 
1669935882 1610 1806 801 1489 
1669935884 1612 1808 779 1531 
1669935886 1589 1782 811 1506 
1669935888 1456 1681 704 1298 
1669935890 1593 1774 721 1457 
1669935892 1612 1788 818 1537 
1669935894 1557 1788 794 1548 
1669935896 1611 1772 809 1502 
1669935898 1581 1811 783 1402 
1669935900 1557 1715 767 1341 
1669935902 1572 1711 813 1502 
1669935904 1608 1669 791 1478 
1669935906 1477 1792 797 1516 
1669935908 1545 1776 798 1537 
1669935910 1554 1843 786 1502 
1669935912 1602 1710 706 1536 
1669935914 1496 1694 795 1500 
1669935916 1593 1782 810 1529 
1669935918 1608 1782 814 1492 
1669935920 1593 1754 836 1537 
1669935922 1564 1691 815 1539 
1669935924 1602 1709 774 1514 
1669935926 1579 1769 798 1512 
1669935928 1608 1798 824 1526 
1669935930 1623 1735 806 1430 
1669935932 1569 1756 821 1532 
1669935934 1611 1788 737 1503 
1669935936 1596 1828 708 1517 
1669935938 1597 1814 823 1525 
1669935940 1573 1770 694 1521 
1669935942 1614 1821 790 1429 
1669935944 1595 1723 809 1465 
1669935946 1554 1694 817 1519 
1669935948 1612 1819 735 1395 
1669935950 1607 1768 795 1533 
1669935952 1567 1801 808 1496 
1669935954 1458 1713 805 1526 
1669935956 1592 1770 690 1494 
1669935958 1587 1748 786 1413 
1669935960 1590 1798 830 1503 
1669935962 1462 1830 809 1409 
1669935964 1545 1784 807 1476 
1669935966 1539 1783 818 1534 
1669935968 1599 1838 787 1541 
1669935970 1573 1766 632 1507 
1669935972 1553 1750 819 1411 
1669935974 1593 1695 821 1509 
1669935976 1602 1650 731 1480 
1669935978 1576 1748 778 1520 
1669935980 1516 1719 783 1477 
1669935982 1549 1816 716 1512 
1669935984 1590 1740 784 1418 
1669935986 1594 1808 818 1512 
1669935988 1514 1773 707 1488 
1669935990 1604 1795 720 1499 
1669935992 1550 1775 811 1530 
1669935994 1567 1751 783 1506 
1669935996 1599 1769 787 1482 
1669935998 1599 1779 817 1525 
1669936000 1546 1740 788 1504 
1669936002 1571 1778 809 1491 
1669936004 1598 1815 722 1491 
1669936006 1568 1741 781 1520 
1669936008 1575 1748 823 1486 
1669936010 1598 1648 801 1466 
1669936012 1464 1754 808 1493 
1669936014 1553 1752 800 1527 
1669936016 1542 1808 730 1397 
1669936018 1584 1806 812 1520 
1669936020 1569 1795 811 1471 
1669936022 1596 1763 788 1402 
1669936024 1614 1762 806 1521 
1669936026 1604 1769 721 1477 
1669936028 1552 1665 779 1495 
1669936030 1584 1785 776 1403 
1669936032 1561 1758 797 1461 
1669936034 1545 1760 720 1509 
1669936036 1580 1764 730 1507 
1669936038 1570 1788 805 1484 
1669936040 1474 1642 758 1472 
1669936042 1455 1725 778 1527 
1669936044 1577 1775 709 1514 
1669936046 1612 1761 793 1518 
1669936048 1621 1735 801 1474 
1669936050 1594 1818 820 1522 
1669936052 1505 1745 757 1496 
1669936054 1602 1704 807 1497 
1669936056 1560 1803 779 1504 
1669936058 1581 1780 764 1488 
1669936060 1602 1838 820 1422 
1669936062 1605 1774 720 1517 
1669936064 1599 1772 808 1424 
1669936066 1557 1798 781 1528 
1669936068 1500 1782 792 1501 
1669936070 1548 1775 773 1509 
1669936072 1596 1777 788 1504 
1669936074 1605 1741 785 1505 
1669936076 1468 1794 799 1529 
1669936078 1552 1755 798 1303 
1669936080 1557 1762 783 1497 
1669936082 1597 1786 803 1516 
1669936084 1479 1720 778 1296 
1669936086 1474 1795 782 1502 
1669936088 1602 1724 755 1522 
1669936090 1586 1734 764 1411 
1669936092 1577 1725 778 1489 
1669936094 1585 1781 774 1521 
1669936096 1561 1777 788 1393 
1669936098 1560 1767 799 1499 
1669936100 1554 1786 820 1532 
1669936102 1600 1723 801 1530 
1669936104 1594 1772 808 1415 
1669936106 1609 1740 787 1465 
1669936108 1567 1784 803 1389 
1669936110 1594 1779 796 1283 
1669936112 1610 1760 805 1462 
1669936114 1480 1775 699 1441 
1669936116 1599 1763 763 1488 
1669936118 1595 1735 767 1517 
1669936120 1576 1662 781 1503 
1669936122 1608 1748 801 1511 
1669936124 1580 1757 797 1468 
1669936126 1582 1809 765 1522 
1669936128 1483 1758 807 1528 
1669936130 1593 1721 798 1425 
1669936132 1567 1788 807 1497 
1669936134 1595 1771 797 1535 
1669936136 1603 1730 751 1495 
1669936138 1580 1734 778 1535 
1669936140 1581 1733 779 1522 
1669936142 1577 1761 692 1483 
1669936144 1593 1790 790 1505 
1669936146 1607 1711 765 1496 
1669936148 1682 1015 478 631 
1669936150 2943 3129 1892 2385 
1669936152 1176 760 570 553 
1669936154 2103 2037 720 1312 
1669936156 1510 1854 841 1530 
1669936158 744 1102 607 1070 
1669936160 1795 1750 649 1600 
1669936162 1133 1648 727 1408 
1669936164 1563 1699 762 1568 
1669936166 1892 1721 705 1316 
1669936168 2043 1573 613 1420 
1669936170 1436 1450 537 1485 
1669936172 1531 1794 786 1768 
1669936174 1693 1666 726 1451 
1669936176 1645 1530 720 1433 
1669936178 1502 1634 779 1527 
1669936180 1673 1719 821 1505 
1669936182 1615 1610 761 1449 
1669936184 1751 1863 819 1540 
1669936186 1452 1593 840 1537 
1669936188 1558 1695 851 1434 
1669936190 1191 1777 744 1474 
1669936192 1408 1648 777 1365 
1669936194 1885 2017 876 1555 
1669936196 1770 1795 859 1567 
1669936198 1425 679 580 942 
1669936200 1173 1486 929 1164 
1669936202 1827 1864 897 1444 
1669936204 1761 1928 889 1357 
1669936206 1470 1195 721 1262 
1669936208 1830 983 1231 1221 
1669936210 2695 2654 1757 1866 
1669936212 1394 1069 902 1149 
1669936214 1269 1403 684 1473 
1669936216 2128 1454 1541 1871 
1669936218 1263 1412 622 1320 
1669936220 890 1465 463 1109 
1669936222 2237 756 1124 1495 
1669936224 2130 2057 1505 3140 
