1669906275 15 12 8 14 
1669906277 13 12 7 20 
1669906279 11 9 9 16 
1669906281 10 8 10 16 
1669906283 9 7 9 9 
1669906285 10 9 8 8 
1669906287 1363 1158 410 535 
1669906289 1392 1455 470 1132 
1669906291 1506 1717 689 1401 
1669906293 1322 1621 545 1345 
1669906295 1272 1447 500 1162 
1669906297 1306 1437 533 1170 
1669906299 1286 1527 506 1155 
1669906301 1307 1533 499 1170 
1669906303 1331 1424 507 1151 
1669906305 1308 1419 511 1172 
1669906307 1333 1452 517 1181 
1669906309 1350 1551 448 1150 
1669906311 1339 1546 459 1140 
1669906313 1270 1345 450 1037 
1669906315 1145 1150 408 818 
1669906317 1899 1641 1118 1931 
1669906319 1790 1393 1501 1710 
1669906321 3624 3597 3625 3599 
1669906323 1796 2391 2055 2309 
1669906325 612 1056 460 684 
1669906327 920 1408 472 821 
1669906329 1032 864 477 706 
1669906331 3096 1488 274 1222 
1669906333 647 776 538 792 
1669906335 1985 1356 1066 1440 
1669906337 855 1148 568 1034 
1669906339 1158 1576 681 1361 
1669906341 1101 1410 421 973 
1669906343 855 1421 394 923 
1669906345 1181 1554 583 1175 
1669906348 1250 1568 378 1121 
1669906350 1182 1341 432 1092 
1669906352 1083 1374 490 1052 
1669906354 1517 1501 500 1177 
1669906356 1167 1429 577 1129 
1669906358 1224 1318 428 984 
1669906360 1318 1429 576 1048 
1669906362 1432 1661 558 1315 
1669906364 482 567 413 808 
1669906366 20 20 17 13 
1669906368 12 10 6 3 
1669906370 1402 1328 376 1090 
1669906372 519 506 394 631 
1669906374 3184 2500 1830 2603 
1669906376 1723 1769 652 1609 
1669906378 1395 1536 699 1288 
1669906380 1498 1392 635 1338 
1669906383 905 1261 412 792 
1669906385 1511 1645 486 1434 
1669906387 925 810 388 567 
1669906389 1355 1572 696 1415 
1669906391 1105 1365 343 964 
1669906393 1247 1555 526 1199 
1669906395 1309 1450 535 1168 
1669906397 1284 1449 514 1081 
1669906399 1412 1592 494 1236 
1669906401 1369 1365 510 1051 
1669906403 1343 1448 395 1150 
1669906405 1468 1541 616 1286 
1669906407 1530 1517 634 1317 
1669906409 1222 1347 498 1101 
1669906411 994 1361 378 867 
1669906413 1301 1567 460 1162 
1669906415 1160 1403 481 1046 
1669906418 763 1075 517 852 
1669906420 1712 1589 595 1331 
1669906422 1353 1571 466 1225 
1669906424 1380 1452 490 1067 
1669906426 1223 1472 433 1022 
1669906428 1341 1563 497 1183 
1669906430 1342 1363 512 1078 
1669906432 1830 1676 651 1410 
1669906434 1068 1141 547 1017 
1669906436 1376 1543 523 1189 
1669906438 1632 1664 522 1127 
1669906440 1178 1346 516 1071 
1669906442 1239 1426 509 1066 
1669906444 1350 1446 531 1132 
1669906446 1366 1554 552 1195 
1669906448 1369 1552 535 1074 
1669906451 1245 1287 472 1083 
1669906453 999 1047 404 608 
1669906455 1171 1423 486 1133 
1669906457 1491 1588 465 1208 
1669906459 1510 1630 569 1225 
1669906461 1350 1528 516 1154 
1669906464 1367 1429 496 1084 
1669906466 1380 1564 447 1145 
1669906468 1362 1469 511 1166 
1669906470 1347 1432 528 1069 
1669906472 1431 1548 537 1147 
1669906474 2409 1812 603 1426 
1669906476 710 1022 551 913 
1669906478 889 1390 474 1017 
1669906480 1369 1395 521 1171 
1669906482 1088 1432 461 886 
1669906484 1413 1580 538 1191 
1669906487 1404 1553 448 1100 
1669906489 1421 1477 517 1086 
1669906491 1199 1460 508 1103 
1669906493 1662 1471 503 1183 
1669906495 1431 1474 540 1194 
1669906497 1349 1436 526 1074 
1669906499 1556 1578 500 1084 
1669906501 1350 1507 496 1046 
1669906503 1329 1442 527 1153 
1669906505 1340 1551 507 1088 
1669906507 961 1244 371 945 
1669906509 1509 1512 547 1267 
1669906511 1265 1510 414 1133 
1669906513 1352 1480 508 1077 
1669906515 1368 1495 476 980 
1669906517 1267 1392 489 1094 
1669906519 1332 1423 494 1168 
1669906521 1349 1464 523 1059 
1669906523 1466 1402 534 1134 
1669906525 1184 1421 491 1103 
1669906527 1451 1583 538 1209 
1669906529 1008 1271 437 926 
1669906531 1381 1524 516 1137 
1669906533 1370 1539 515 1165 
1669906535 1247 1427 432 1018 
1669906537 1429 1576 516 1221 
1669906539 1561 1580 439 1189 
1669906541 1400 1418 501 1119 
1669906543 1444 1528 496 1057 
1669906545 1547 1551 514 1125 
1669906547 1414 1558 533 1157 
1669906549 1408 1429 522 1178 
1669906551 1387 1432 427 1110 
1669906554 1370 1455 507 1072 
1669906556 1415 1582 507 1186 
1669906558 1427 1556 540 1004 
1669906560 1404 1377 481 1132 
1669906562 1305 1537 502 1145 
1669906564 1409 1468 527 1168 
1669906566 1394 1478 521 1147 
1669906568 1355 1548 517 1165 
1669906570 1383 1549 524 1194 
1669906572 1342 1521 488 1045 
1669906574 1407 1445 522 1191 
1669906576 837 1274 497 947 
1669906578 1354 1549 507 1144 
1669906580 1368 1554 512 1067 
1669906582 1357 1567 512 1178 
1669906584 1444 1482 454 1102 
1669906586 1250 1502 506 1100 
1669906589 1368 1386 514 1190 
1669906591 1402 1561 510 1202 
1669906594 1327 1465 478 1071 
1669906596 1254 1580 463 1189 
1669906598 1528 1602 544 1215 
1669906600 1385 1535 433 1136 
1669906602 1454 1513 600 1239 
1669906604 1378 1543 507 1158 
1669906606 1381 1427 477 1173 
1669906608 1361 1526 500 979 
1669906610 1365 1560 495 1156 
1669906612 1379 1448 412 1152 
1669906614 1396 1532 502 1180 
1669906616 1415 1539 526 1205 
1669906618 755 925 393 620 
1669906620 1597 1553 609 1528 
1669906623 1299 1460 436 1146 
1669906625 1447 1548 448 1238 
1669906627 1161 1298 431 941 
1669906629 1402 1585 692 1107 
1669906631 1833 1665 412 1371 
1669906633 1351 1476 401 1045 
1669906635 829 1079 645 941 
1669906637 2020 1975 912 1857 
1669906639 1332 1538 528 1125 
1669906641 1359 1535 517 1177 
1669906643 1258 1416 425 1154 
1669906645 1411 1550 544 1206 
1669906647 1394 1557 518 1225 
1669906649 1350 1474 510 1120 
1669906651 1382 1557 542 1201 
1669906653 1360 1575 490 1201 
1669906655 1369 1466 424 1057 
1669906658 1348 1563 499 1069 
1669906660 1360 1558 526 1105 
1669906662 1390 1571 521 1187 
1669906664 1384 1531 432 1075 
1669906666 1359 1536 434 1043 
1669906668 1356 1477 503 1127 
1669906670 1353 1534 497 1156 
1669906672 1400 1435 490 1169 
1669906674 1347 1492 382 1112 
1669906676 1061 1244 440 883 
1669906678 1571 1649 521 1310 
1669906680 1148 1445 382 991 
1669906682 1226 1448 369 1046 
1669906684 736 887 579 719 
1669906686 1564 1674 717 1276 
1669906688 1870 1821 557 1639 
1669906690 1411 1535 492 1091 
1669906693 1495 1603 520 1281 
1669906695 1096 1319 385 1062 
1669906697 1269 1507 512 1140 
1669906699 1301 1514 498 1015 
1669906701 1363 1376 449 1097 
1669906703 2351 1962 901 1638 
1669906705 1393 1503 492 1167 
1669906707 1616 1433 554 1232 
1669906709 1460 1611 557 1247 
1669906711 1550 1683 529 1311 
1669906713 1324 1480 702 1093 
1669906715 1422 1406 519 1245 
1669906717 1320 1414 518 1123 
1669906719 1663 1438 412 1060 
1669906721 1150 1433 456 1054 
1669906723 1398 1535 484 1160 
1669906726 1386 1490 530 1167 
1669906728 1391 1472 517 1164 
1669906730 1408 1479 508 1098 
1669906732 1376 1566 524 1182 
1669906734 1352 1421 494 976 
1669906736 1449 1573 545 1223 
1669906738 1377 1382 512 1164 
1669906740 1300 1532 403 1071 
1669906742 1352 1435 507 1030 
1669906744 1404 1482 533 1173 
1669906746 1361 1429 423 1133 
1669906748 1335 1428 508 1132 
1669906750 1384 1543 491 1181 
1669906752 1343 1522 435 1050 
1669906754 1373 1537 530 1158 
1669906756 1378 1447 498 1153 
1669906758 1406 1376 512 1165 
1669906761 1423 1455 500 1079 
1669906763 1351 1452 520 1172 
1669906765 1387 1352 478 1152 
1669906767 1382 1456 423 1060 
1669906769 1405 1575 432 1150 
1669906771 1368 1525 498 1180 
1669906773 1390 1566 522 1167 
1669906775 1398 1478 494 1161 
1669906777 1331 1394 363 1044 
1669906779 1419 1544 362 1077 
1669906781 1357 1400 507 1119 
1669906783 1372 1436 416 985 
1669906785 1349 1526 437 1147 
1669906788 1333 1427 515 1082 
1669906790 1394 1555 447 1165 
1669906792 729 950 573 836 
1669906795 1282 1518 513 993 
1669906797 1224 1312 419 1087 
1669906799 1373 1453 437 1171 
