1669906803 1367 1526 580 975 
1669906806 1357 1422 445 1137 
1669906808 1358 1463 510 1182 
1669906810 1382 1451 513 1188 
1669906812 1354 1572 513 1165 
1669906814 1429 1478 524 1117 
1669906816 1376 1441 499 1077 
1669906818 1388 1496 532 1153 
1669906820 1406 1537 442 1160 
1669906822 1311 1504 436 1022 
1669906824 1453 1389 494 1171 
1669906826 1431 1559 464 1183 
1669906828 1305 1569 558 1090 
1669906830 1434 1525 533 1107 
1669906832 1381 1547 486 1091 
1669906834 1352 1478 496 1145 
1669906836 1351 1412 443 1153 
1669906839 1380 1477 526 1091 
1669906841 1399 1563 499 1175 
1669906843 1369 1549 511 1175 
1669906845 1406 1567 497 1174 
1669906847 1387 1464 540 1156 
1669906849 1472 1599 537 1207 
1669906851 1390 1484 499 1157 
1669906853 1517 1606 537 1240 
1669906855 1269 1348 479 1125 
1669906857 1486 1429 463 1220 
1669906859 1297 1344 420 1150 
1669906861 1367 1519 425 1141 
1669906863 1391 1454 445 1159 
1669906865 1394 1387 485 1155 
1669906867 1329 1397 513 1165 
1669906869 1337 1429 487 1135 
1669906871 1364 1549 493 1154 
1669906874 1275 1518 500 1187 
1669906876 1267 1363 419 999 
1669906878 1479 1607 554 1235 
1669906880 1390 1527 507 1086 
1669906882 1355 1528 498 1180 
1669906884 1399 1455 524 1194 
1669906886 1286 1529 491 1065 
1669906888 1318 1568 506 1119 
1669906890 1308 1549 441 1179 
1669906892 1484 1507 550 1159 
1669906894 870 851 458 651 
1669906896 2245 2080 1548 2219 
1669906898 1775 1730 630 1499 
1669906900 720 1065 396 610 
1669906902 3424 2513 3244 2615 
1669906904 771 1120 387 683 
1669906907 1272 1331 392 1049 
1669906909 1321 1462 490 1042 
1669906911 1468 1492 499 1189 
1669906913 1339 1524 507 1178 
1669906915 1402 1540 443 1077 
1669906917 1426 1456 411 1117 
1669906920 1471 1547 648 1184 
1669906922 1334 1486 373 1047 
1669906924 1419 1549 519 1164 
1669906926 1208 1400 516 1139 
1669906928 1233 1489 401 1073 
1669906930 1506 1684 500 1140 
1669906932 1346 1363 565 1112 
1669906934 1370 1512 491 1154 
1669906936 1275 1494 483 1003 
1669906938 1380 1447 498 1164 
1669906940 2055 1732 478 1301 
1669906943 1360 1353 498 1144 
1669906945 1435 1363 521 1065 
1669906947 1366 1583 540 1163 
1669906949 1420 1597 513 1122 
1669906951 1228 1518 405 1141 
1669906953 1281 1391 464 1110 
1669906955 1362 1561 520 1185 
1669906957 1372 1461 506 1069 
1669906959 1387 1436 367 1149 
1669906961 1399 1535 494 1191 
1669906963 1417 1547 502 1190 
1669906965 1410 1554 455 1158 
1669906967 1411 1570 452 1068 
1669906969 1387 1532 430 1169 
1669906971 1409 1554 545 1186 
1669906973 1397 1560 442 1066 
1669906976 1392 1562 522 1159 
1669906978 1367 1527 508 1088 
1669906980 1390 1554 448 992 
1669906982 1405 1524 458 1175 
1669906984 1377 1537 491 1087 
1669906986 1415 1532 426 1141 
1669906988 1396 1430 439 1158 
1669906990 1402 1482 438 1156 
1669906992 1370 1553 499 1184 
1669906994 1391 1443 472 1055 
1669906996 1401 1555 517 1165 
1669906998 1366 1566 510 1178 
1669907000 1302 1422 490 1084 
1669907002 1399 1574 448 1055 
1669907004 1300 1436 409 1111 
1669907006 1364 1465 498 1184 
1669907008 1370 1455 489 1098 
1669907011 1392 1578 518 1162 
1669907013 1375 1553 498 1183 
1669907015 1380 1576 527 1182 
1669907017 1407 1557 499 1169 
1669907019 1384 1579 505 1191 
1669907021 1401 1552 437 1156 
1669907023 1363 1522 498 1158 
1669907025 1413 1559 502 1182 
1669907027 1401 1464 364 1077 
1669907029 1389 1448 491 1109 
1669907031 1158 1435 490 977 
1669907033 1365 1554 515 1192 
1669907035 1377 1545 498 1098 
1669907037 1378 1396 485 1122 
1669907039 1320 1464 432 1200 
1669907041 1281 1517 494 992 
1669907044 1370 1569 429 1076 
1669907046 1374 1460 429 1063 
1669907048 1375 1439 474 1157 
1669907050 1356 1472 490 1173 
1669907053 1380 1460 522 1091 
1669907055 1395 1464 491 1121 
1669907057 1365 1422 519 1168 
1669907059 1375 1420 419 1050 
1669907061 1375 1410 506 1191 
1669907063 1365 1530 519 1174 
1669907065 1402 1384 340 1162 
1669907067 1390 1531 512 1159 
1669907069 1364 1473 466 1147 
1669907071 1406 1555 499 1161 
1669907073 1387 1553 489 1142 
1669907075 1400 1461 496 1088 
1669907077 1384 1469 507 1065 
1669907080 1390 1446 442 1066 
1669907082 1409 1450 531 1165 
1669907084 1297 1347 500 1146 
1669907086 1375 1369 501 1182 
1669907088 1300 1439 426 1161 
1669907090 1389 1455 498 1185 
1669907092 1288 1386 445 1012 
1669907094 1491 1488 573 1268 
1669907096 1399 1365 426 1194 
1669907098 1400 1535 511 1114 
1669907100 1377 1448 512 1180 
1669907102 1303 1553 427 1203 
1669907104 1337 1551 497 1202 
1669907106 1414 1575 437 1205 
1669907108 1402 1577 502 1236 
1669907110 1408 1457 501 1170 
1669907113 1416 1386 510 1217 
1669907115 558 1147 448 793 
1669907117 1264 1564 530 1202 
1669907119 1425 1573 435 1217 
1669907121 1388 1376 502 1122 
1669907123 1389 1541 488 1190 
1669907125 1397 1461 508 1102 
1669907127 1397 1425 427 1197 
1669907129 1358 1544 514 1211 
1669907131 1402 1554 528 1210 
1669907133 1309 1409 492 1171 
1669907135 1389 1535 518 1119 
1669907137 1370 1426 422 1168 
1669907139 1356 1469 485 1155 
1669907141 1346 1453 399 1068 
1669907143 1224 1218 476 888 
1669907145 1418 1418 468 1111 
1669907148 1777 1672 748 1429 
1669907150 1391 1513 504 1114 
1669907152 1242 1367 392 1118 
1669907154 1807 1604 523 1286 
1669907156 1635 1533 495 1201 
1669907158 1491 1410 508 1175 
1669907160 567 897 357 600 
1669907162 1263 1275 593 1154 
1669907164 1289 1416 334 1134 
1669907166 1241 1373 493 1150 
1669907168 1302 1396 447 1107 
1669907170 1407 1466 505 1231 
1669907173 1381 1563 511 1176 
1669907175 1362 1559 538 1194 
1669907177 1373 1465 517 1172 
1669907179 1394 1555 489 1181 
1669907181 1389 1547 486 1179 
1669907184 1353 1512 441 1080 
1669907186 1401 1460 489 1186 
1669907188 1542 1340 608 1228 
1669907190 1513 1497 514 1228 
1669907192 1245 1273 428 886 
1669907194 1146 1356 521 1130 
1669907196 1395 1457 497 1222 
1669907198 1374 1463 489 1212 
1669907200 1390 1565 488 1231 
1669907202 1405 1457 458 1206 
1669907204 1392 1572 437 1099 
1669907206 1154 1419 419 1005 
1669907208 1672 1659 607 1367 
1669907210 914 1149 439 761 
1669907212 1496 1512 374 1279 
1669907214 1384 1481 410 1097 
1669907217 1431 1559 523 1039 
1669907219 1453 1464 514 1150 
1669907221 1414 1454 499 1213 
1669907223 1921 1771 724 1534 
1669907225 1429 1565 497 1206 
1669907227 1328 1544 516 1113 
1669907229 1393 1493 490 1106 
1669907231 1401 1433 483 1161 
1669907233 1325 1509 483 1175 
1669907235 1373 1399 497 1160 
1669907237 1413 1559 586 1195 
1669907239 1579 1547 517 1412 
1669907241 1400 1472 430 1215 
1669907243 1389 1481 533 1208 
1669907245 683 986 466 750 
1669907247 1328 1493 524 1130 
1669907249 1385 1443 451 1204 
1669907252 1376 1559 486 1214 
1669907254 1253 1431 498 1139 
1669907256 1307 1531 512 1183 
1669907258 1401 1583 512 1140 
1669907260 1326 1516 416 1136 
1669907262 1295 1384 503 1060 
1669907264 1372 1531 504 1206 
1669907266 3314 2530 1524 2471 
1669907268 781 879 446 769 
1669907270 1428 1437 497 1175 
1669907272 1347 1411 498 1136 
1669907274 1595 1538 419 1280 
1669907276 1318 1515 468 1154 
1669907278 1424 1442 442 1207 
1669907280 1396 1564 521 1139 
1669907282 1013 1210 476 834 
1669907284 796 1091 337 627 
1669907287 1419 1604 607 1298 
1669907289 1338 1414 558 1053 
1669907291 1376 1452 457 1220 
1669907293 1483 1518 495 1279 
1669907295 1381 1545 519 1150 
1669907297 1359 1452 421 1143 
1669907299 1363 1398 476 1186 
1669907301 1431 1506 501 1236 
1669907303 1328 1505 475 1061 
1669907306 1304 1355 418 1152 
1669907308 1395 1434 430 1174 
1669907310 1390 1576 457 1193 
1669907312 1386 1367 492 1183 
1669907314 1404 1437 505 1195 
1669907316 1373 1450 494 1184 
1669907318 1375 1462 453 1173 
1669907321 1403 1468 448 1120 
1669907323 1379 1443 490 1154 
1669907325 1389 1525 503 1198 
1669907327 1388 1477 483 1165 
1669907329 1378 1447 502 1198 
1669907331 3463 2884 2233 2619 
1669907333 1257 1483 535 1223 
1669907335 1279 1555 375 1071 
1669907337 1321 1467 510 1164 
1669907339 1545 1531 469 1227 
1669907341 1414 1389 504 1072 
1669907343 1116 1506 543 1115 
1669907345 1328 1474 504 1177 
1669907347 1397 1544 515 1188 
1669907349 1660 1759 678 1414 
1669907351 1430 1474 500 1200 
1669907353 1261 1370 476 1068 
1669907356 2559 2028 1206 1947 
1669907358 3535 3454 3393 3394 
1669907360 3547 3454 3426 3365 
1669907362 3599 3066 3530 3473 
1669907364 553 592 431 674 
1669907366 3546 3381 3367 3278 
1669907368 3520 3366 3412 3209 
1669907370 1410 1574 555 1285 
1669907372 1657 1569 572 1460 
1669907374 1439 1514 434 1166 
1669907376 1504 1589 521 1247 
1669907378 1471 1564 433 1174 
1669907380 1485 1452 395 1168 
1669907382 1555 1583 456 1147 
1669907384 1482 1580 520 1203 
1669907386 1468 1482 494 1210 
1669907389 1445 1428 520 1225 
1669907391 1375 1517 515 1116 
1669907393 1507 1569 534 1148 
1669907395 1460 1446 534 1186 
1669907397 1488 1462 501 1187 
1669907399 1441 1558 529 1194 
1669907401 1456 1371 514 1207 
1669907403 1421 1534 519 1108 
1669907405 1417 1569 441 1197 
1669907407 1435 1487 486 1174 
1669907409 1440 1439 493 1212 
1669907411 1447 1535 507 1107 
1669907413 1456 1472 437 1179 
1669907415 1461 1534 502 1221 
1669907417 1445 1540 448 1211 
1669907419 1346 1467 513 1161 
1669907421 1420 1437 502 1193 
1669907424 1425 1574 504 1183 
1669907426 1438 1580 525 1199 
1669907428 1410 1488 522 1190 
1669907430 1402 1452 521 1195 
1669907432 1406 1485 514 1225 
1669907434 1331 1401 496 1085 
1669907437 1442 1546 534 1204 
1669907439 1404 1573 514 1205 
1669907441 1436 1481 525 1217 
1669907443 1368 1304 457 1125 
1669907445 1393 1592 546 1262 
1669907447 1317 1546 427 1090 
1669907449 1417 1439 516 1221 
1669907451 1419 1462 523 1211 
1669907453 1395 1459 522 1217 
1669907455 1412 1441 518 1217 
1669907458 1322 1519 500 1188 
1669907460 1308 1470 506 1199 
1669907462 1398 1421 491 1101 
1669907464 1264 1462 330 1040 
1669907466 1365 1465 562 1194 
1669907468 1442 1586 533 1256 
1669907470 1412 1501 523 1223 
1669907472 1400 1452 525 1194 
1669907474 1417 1559 514 1187 
1669907476 1382 1508 465 1022 
1669907478 1434 1445 457 1226 
1669907480 1514 1628 558 1207 
1669907482 1385 1553 501 1100 
1669907484 1267 1383 472 1050 
1669907486 2015 1795 811 1718 
1669907488 3063 2572 1786 2718 
1669907490 1483 1562 535 1292 
1669907493 1393 1441 497 1177 
1669907495 1401 1440 498 1213 
1669907497 1425 1425 528 1209 
1669907499 1329 1265 493 1137 
1669907501 1420 1564 520 1096 
1669907503 1384 1552 421 1144 
1669907505 1439 1561 495 1220 
1669907507 1461 1439 495 1207 
1669907509 1424 1568 444 1203 
1669907511 1421 1571 521 1179 
1669907513 1506 1624 555 1286 
1669907515 1403 1445 478 1200 
1669907517 1405 1568 500 1242 
1669907519 1410 1479 506 1192 
1669907521 1292 1481 484 997 
1669907523 1577 1443 545 1364 
1669907526 1158 965 805 1112 
1669907528 1151 1371 498 1205 
1669907530 1458 1548 505 1147 
1669907532 1714 1673 709 1546 
1669907534 1029 1347 414 937 
1669907536 1379 1308 313 1146 
1669907538 1462 1604 452 1265 
1669907540 1617 1675 768 1430 
1669907542 487 1323 200 750 
1669907544 1075 1375 507 971 
1669907546 1437 1523 532 1196 
1669907548 1563 1529 427 1224 
1669907550 1337 1545 526 1220 
1669907552 1288 1505 525 1121 
1669907554 1356 1591 517 1194 
1669907556 1341 1428 498 1108 
1669907558 1424 1600 526 1213 
1669907561 1379 1573 506 1210 
1669907563 1277 1391 449 1122 
1669907565 1195 1526 521 966 
1669907567 1290 1407 1714 1581 
1669907570 1050 1473 454 1089 
1669907572 942 1384 380 934 
1669907574 1317 1460 396 1057 
1669907576 2543 2112 916 1758 
1669907578 2053 1668 445 1357 
1669907580 1037 1079 425 689 
1669907582 1497 1405 470 1177 
1669907584 1404 1456 362 1057 
1669907586 1785 1736 713 1347 
1669907588 3274 2615 1581 2537 
1669907590 3512 2572 1621 2556 
1669907592 2070 1405 429 994 
1669907595 2054 1356 424 1058 
1669907597 2584 1654 745 1635 
1669907599 1455 1345 401 1025 
1669907601 3494 2320 1083 2029 
1669907603 2411 1163 377 924 
1669907605 2664 1458 583 1251 
1669907607 2452 1516 500 1183 
1669907609 2383 1419 507 1282 
1669907611 2301 1444 511 1271 
1669907613 2251 1578 540 1289 
1669907615 2151 1457 527 1249 
1669907617 2110 1393 522 1250 
1669907619 2088 1396 514 1268 
1669907621 2066 1566 519 1275 
1669907623 2026 1562 519 1267 
1669907625 2003 1468 514 1245 
1669907627 1960 1463 529 1152 
1669907630 1912 1559 509 1224 
1669907632 1906 1390 508 1234 
1669907634 1892 1571 510 1271 
1669907636 1880 1372 524 1119 
1669907638 1823 1469 527 1214 
1669907640 1819 1568 369 1132 
1669907642 1781 1547 515 1224 
1669907644 1776 1545 517 1237 
1669907646 1767 1458 451 1200 
1669907648 1739 1429 513 1199 
1669907650 1720 1553 433 1220 
1669907652 1619 1552 534 1122 
1669907654 1696 1453 484 1215 
1669907656 1668 1571 499 1201 
1669907658 1683 1573 511 1203 
1669907660 1632 1581 503 1136 
1669907663 1622 1550 534 1116 
1669907665 1644 1482 447 1101 
1669907667 1598 1548 500 1108 
1669907669 1630 1555 514 1189 
1669907671 1602 1552 500 1103 
1669907673 1614 1557 521 1204 
1669907675 1567 1549 500 1178 
1669907677 1583 1558 506 1105 
1669907679 1467 1442 506 1102 
1669907681 1558 1464 449 1185 
1669907683 1518 1555 499 1172 
1669907685 1545 1549 493 1189 
1669907687 1538 1499 430 1185 
1669907690 1515 1473 518 1183 
1669907692 1521 1576 378 1094 
1669907694 1490 1578 376 1102 
1669907696 1496 1588 469 1183 
1669907699 1492 1466 536 1220 
1669907701 1486 1582 544 1134 
1669907703 1473 1538 530 1183 
1669907705 1453 1522 540 1194 
1669907707 1443 1442 522 1200 
1669907709 1368 1552 521 1006 
1669907711 1465 1467 510 1208 
1669907713 1420 1443 514 1066 
1669907715 1444 1280 508 1157 
1669907717 1349 1514 496 1068 
1669907719 1409 1524 415 1157 
1669907721 1453 1369 507 1106 
1669907723 1451 1561 442 1190 
1669907725 1432 1576 515 1183 
1669907727 1395 1538 520 1095 
1669907729 1411 1459 518 1182 
1669907732 1394 1462 454 1172 
1669907734 1322 1468 372 1081 
1669907736 1379 1574 456 1087 
1669907738 1375 1537 508 1155 
1669907740 1398 1451 513 1168 
1669907742 1381 1560 519 1089 
1669907744 1369 1485 448 1179 
1669907746 1301 1436 522 1169 
1669907748 1390 1545 526 1194 
1669907750 1373 1560 451 1075 
1669907752 1357 1554 370 1150 
1669907754 1389 1535 520 1073 
1669907756 1385 1534 518 1173 
1669907758 1383 1435 438 1088 
1669907760 1366 1473 506 1146 
1669907762 1355 1547 430 1173 
1669907764 1280 1437 430 1068 
1669907767 1370 1372 363 1063 
1669907769 1375 1538 494 1103 
1669907771 1368 1444 443 1157 
1669907773 1371 1439 512 1099 
1669907775 1365 1432 519 1076 
1669907777 1373 1530 521 1186 
1669907779 1333 1532 522 1100 
1669907781 1358 1562 509 1165 
1669907783 1339 1441 525 1149 
1669907785 1377 1547 509 1087 
1669907787 1606 1791 603 1633 
1669907789 1468 1754 691 1436 
1669907791 1232 1493 569 978 
1669907793 525 942 529 843 
1669907795 530 844 423 677 
1669907797 805 1481 538 1079 
1669907799 857 1553 506 1143 
1669907802 903 1559 448 1120 
1669907804 948 1490 370 1030 
1669907806 985 1562 428 1038 
1669907808 907 1346 411 1091 
1669907810 925 1545 483 1114 
1669907812 1028 1558 453 1107 
1669907814 1027 1440 531 1119 
1669907816 1053 1466 520 970 
1669907818 1076 1560 375 1102 
1669907821 1099 1434 527 1129 
1669907823 1087 1561 529 1120 
1669907825 1128 1578 527 1128 
1669907827 1125 1573 448 1129 
1669907829 1101 1487 366 1145 
1669907831 1146 1367 476 1121 
1669907833 1128 1444 504 1125 
1669907836 1130 1533 514 1151 
1669907838 1172 1363 517 1112 
1669907840 1180 1559 498 1158 
1669907842 1077 1418 509 1140 
1669907844 1186 1566 457 1049 
1669907846 1182 1570 505 1169 
1669907848 1180 1565 498 1149 
1669907850 1163 1457 503 1042 
1669907852 1181 1542 513 1126 
1669907854 1165 1415 497 1125 
1669907856 1204 1556 436 1174 
1669907858 1218 1452 442 1079 
1669907860 1211 1446 440 1169 
1669907862 1185 1548 525 1150 
1669907864 1187 1369 502 1134 
1669907866 1194 1364 525 1147 
1669907868 1208 1424 511 1157 
1669907871 1130 1441 493 1160 
1669907873 1220 1460 514 1164 
1669907875 1245 1544 430 1190 
1669907877 1140 1362 503 1132 
1669907879 1257 1522 450 1175 
1669907881 1151 1522 521 1152 
1669907883 1251 1457 527 1179 
1669907885 1230 1535 523 1155 
1669907887 1233 1552 452 1161 
1669907889 1242 1471 431 1056 
1669907891 1270 1552 461 1074 
1669907893 1246 1565 520 1173 
1669907895 1228 1368 418 1174 
1669907897 1256 1463 501 1162 
1669907899 1261 1531 528 1189 
1669907901 1246 1570 532 1186 
1669907904 1263 1528 363 1159 
1669907906 1270 1563 523 1176 
1669907908 1240 1430 522 1193 
1669907910 1249 1527 507 1173 
1669907912 1281 1561 522 1111 
1669907914 1279 1358 522 1164 
1669907916 1268 1549 504 1208 
1669907918 1268 1549 492 1108 
1669907920 1258 1531 516 1084 
1669907922 1275 1419 437 1095 
1669907924 1265 1552 442 1179 
1669907926 1284 1367 513 1166 
1669907928 1269 1474 532 1004 
1669907930 1294 1349 505 1184 
1669907932 1261 1534 513 1197 
1669907934 1269 1521 511 1102 
1669907936 1275 1428 513 1180 
1669907939 1291 1408 463 1169 
1669907941 1198 1554 528 1163 
1669907943 1262 1342 500 1185 
1669907945 1295 1528 528 1195 
1669907947 1285 1480 514 1169 
1669907949 1303 1550 511 1153 
1669907952 1292 1379 496 1096 
1669907954 1283 1519 493 1074 
1669907956 1198 1299 456 994 
1669907958 1279 1548 515 1144 
1669907960 1335 1497 556 1153 
1669907962 1297 1419 524 1171 
1669907964 1214 1549 472 1079 
1669907966 1291 1433 484 1203 
1669907968 837 1249 541 952 
1669907970 1094 1357 506 1060 
1669907972 1107 1515 453 1104 
1669907975 1015 1471 347 1031 
1669907977 1234 1521 441 1060 
1669907979 1247 1453 499 1151 
1669907981 1230 1543 479 1132 
1669907983 1248 1553 421 1032 
1669907985 1237 1517 505 1129 
1669907987 1246 1534 519 1112 
1669907989 1177 1457 418 1040 
1669907991 1240 1542 426 954 
1669907993 1267 1523 490 1132 
1669907995 1626 1573 955 1539 
1669907997 1290 1462 385 1216 
1669907999 1249 1513 488 1168 
1669908001 1460 1567 503 1165 
1669908003 1650 1367 326 428 
1669908005 2074 1807 1195 1824 
1669908008 1301 1384 428 980 
1669908010 1348 1523 511 1071 
1669908012 1395 1554 515 1135 
1669908014 1409 1557 506 1180 
1669908016 1379 1416 354 1138 
1669908018 1159 1254 431 837 
1669908020 1028 883 776 956 
1669908022 1309 1242 420 1239 
1669908024 1283 1345 431 1157 
1669908026 1184 1313 523 995 
1669908028 1502 1571 577 1361 
1669908030 1359 1409 524 1162 
1669908032 1353 1407 506 1172 
1669908034 1366 1555 522 1104 
1669908036 1340 1450 444 1162 
1669908038 1311 1453 515 1149 
1669908040 1308 1523 440 1138 
1669908043 1307 1410 428 1088 
1669908045 1309 1523 497 1061 
1669908047 1307 1543 504 1086 
1669908049 1331 1459 503 1167 
1669908051 1316 1434 448 1150 
1669908053 1334 1543 501 1158 
1669908055 1349 1430 456 1168 
1669908057 1349 1561 547 1151 
1669908059 1242 1349 507 1147 
1669908061 1338 1469 444 1171 
1669908063 1322 1484 533 1191 
1669908065 1322 1461 507 1151 
1669908067 1356 1541 512 1181 
1669908069 1339 1558 517 1157 
1669908071 1335 1458 464 1162 
1669908073 1343 1442 508 1165 
1669908076 1350 1474 447 1123 
1669908078 1371 1443 527 1216 
1669908080 1318 1529 500 1153 
1669908082 1876 1735 744 1571 
1669908085 1294 1524 543 1149 
1669908087 1344 1472 432 1065 
1669908089 1333 1551 530 1169 
1669908091 1343 1369 492 1149 
1669908093 1316 1557 528 1156 
1669908095 1355 1441 516 1169 
1669908097 1329 1544 434 1157 
1669908099 1320 1535 502 1087 
1669908101 1319 1562 457 1165 
1669908103 1350 1379 421 1129 
1669908105 1580 1626 632 1345 
1669908107 990 1230 396 939 
1669908109 1317 1333 480 1141 
1669908112 3295 2999 2718 2848 
1669908114 1611 1108 394 850 
1669908116 2990 2001 972 1754 
1669908118 1760 1215 475 922 
1669908120 1868 1439 465 984 
1669908122 1964 1532 521 1185 
1669908124 1866 1417 493 1182 
1669908126 1810 1536 444 1214 
1669908128 1779 1348 432 1171 
1669908130 1716 1420 420 1199 
1669908132 1616 1519 498 1128 
1669908134 1699 1529 392 1243 
1669908136 2088 1546 470 1292 
1669908138 1919 1388 517 1156 
1669908140 1867 1523 436 1186 
1669908142 1821 1438 522 1223 
1669908144 1793 1455 516 1214 
1669908146 1738 1439 475 1090 
1669908148 1723 1550 545 1107 
1669908150 1660 1437 495 1144 
1669908152 1654 1450 402 1168 
1669908154 1710 1569 526 1242 
1669908156 1622 1379 484 1160 
1669908158 1626 1449 521 1183 
1669908160 1416 1327 441 876 
1669908162 1583 1496 513 1120 
1669908164 1685 1494 589 1272 
1669908166 1690 1571 611 1316 
1669908168 3040 2053 795 1830 
1669908170 1364 998 491 769 
1669908172 2118 1478 485 1177 
1669908174 2323 1444 422 1195 
1669908176 2138 1409 464 1193 
1669908179 1997 1472 496 1174 
1669908181 1903 1493 479 1209 
1669908183 1866 1509 488 1119 
1669908185 1784 1420 418 1177 
1669908187 1759 1518 489 1214 
1669908189 1691 1411 522 1221 
1669908191 1948 1444 455 1234 
1669908193 2013 1426 542 1273 
1669908195 1731 1554 511 1219 
1669908197 1591 1387 419 1089 
1669908199 1642 1449 488 1219 
1669908201 1612 1533 503 1143 
1669908203 1589 1538 459 1187 
1669908206 1547 1522 504 1193 
1669908208 1531 1528 504 1106 
1669908210 1526 1380 414 1160 
1669908212 1478 1344 409 1071 
1669908215 1503 1440 460 1221 
1669908217 1513 1447 461 1222 
1669908219 1438 1478 510 1182 
1669908221 1458 1454 511 1129 
1669908223 1437 1431 438 1085 
1669908225 1443 1558 455 1145 
1669908227 1435 1443 524 1164 
1669908229 1431 1545 510 1193 
1669908231 1402 1459 498 1164 
1669908233 1370 1463 506 1177 
1669908235 1385 1532 532 1188 
1669908237 1364 1555 440 1167 
1669908239 1359 1450 530 1068 
1669908241 1349 1445 500 986 
1669908243 1336 1567 499 1135 
1669908245 1328 1546 523 1152 
1669908248 1320 1550 502 1168 
1669908250 1340 1531 499 1149 
1669908252 2488 1905 743 1652 
1669908254 468 581 357 746 
1669908256 500 1608 501 1211 
1669908258 691 1082 562 1033 
1669908260 549 1345 492 1002 
1669908262 601 1445 524 992 
1669908264 625 1595 457 1115 
1669908266 663 1569 443 1119 
1669908268 591 1551 519 1113 
1669908270 728 1591 537 1117 
1669908272 666 1470 508 1094 
1669908274 808 1474 514 1131 
1669908276 808 1451 509 1120 
1669908278 761 1470 438 1109 
1669908280 864 1391 510 1119 
1669908283 898 1565 521 1122 
1669908285 843 1522 439 1035 
1669908287 948 1461 511 1116 
1669908289 985 1355 494 1113 
1669908291 1014 1536 520 1142 
1669908293 1026 1434 440 1027 
1669908295 1043 1466 516 1107 
1669908297 1024 1453 508 1132 
1669908299 1034 1471 511 1113 
1669908301 1064 1467 506 1113 
1669908303 1049 1528 417 1108 
1669908305 1087 1428 504 1119 
1669908307 1072 1553 515 1143 
1669908309 1083 1564 423 1106 
1669908311 1131 1536 494 1157 
1669908313 1108 1529 502 1150 
1669908315 1144 1553 491 1133 
1669908318 1144 1388 491 1135 
1669908320 1062 1515 479 1116 
1669908322 1151 1390 343 981 
1669908324 1932 1593 462 1158 
1669908326 1739 1518 508 1125 
1669908328 1664 1355 483 1140 
1669908330 1594 1527 514 1181 
1669908332 1611 1572 539 1104 
1669908334 1357 1465 425 1068 
1669908336 1316 1338 411 1030 
1669908339 1540 1559 584 1115 
1669908341 1460 1467 501 1181 
1669908343 1378 1464 510 1103 
1669908345 1430 1516 429 1157 
1669908347 1366 1404 488 977 
1669908349 3105 2478 2697 3099 
1669908352 3407 2903 2591 2719 
1669908354 538 502 435 676 
1669908356 627 1382 431 1056 
1669908358 930 1452 519 1164 
1669908360 999 1546 535 1070 
1669908362 1049 1575 464 1148 
1669908364 1076 1542 528 1119 
1669908366 1115 1553 511 1163 
1669908368 1085 1504 384 1097 
1669908370 1135 1446 401 1092 
1669908372 1180 1472 444 1069 
1669908374 1230 1495 502 1085 
1669908376 1168 1421 407 966 
1669908378 1530 1612 497 1182 
1669908380 1200 1527 459 1200 
1669908382 957 1480 524 990 
1669908384 1329 1562 428 1173 
1669908387 1367 1482 540 1184 
1669908389 1476 1440 455 1029 
1669908391 724 1149 430 866 
1669908393 1265 1502 592 1218 
1669908395 886 1280 698 1022 
1669908397 827 1199 405 769 
1669908399 1041 1436 511 1091 
1669908401 1289 1648 609 1268 
1669908403 1665 1740 703 1556 
1669908405 1133 1473 506 1100 
1669908407 1211 1453 494 969 
1669908409 1220 1297 418 1050 
1669908411 1256 1477 435 1164 
1669908413 1206 1535 438 1137 
1669908415 951 1386 602 1132 
1669908417 1175 1576 426 1207 
1669908419 1241 1564 527 1002 
1669908422 1223 1554 536 1184 
1669908424 1245 1545 508 1159 
1669908426 3437 2442 1406 2290 
1669908428 2051 1482 443 1066 
1669908430 1847 1513 479 1176 
1669908432 1777 1505 511 1188 
1669908434 2606 1940 726 1697 
1669908436 2112 1469 439 1206 
1669908438 1967 1535 501 1089 
1669908440 2294 1588 556 1327 
1669908442 1900 1451 508 1109 
1669908444 1785 1364 369 1101 
1669908446 1464 1436 504 1121 
1669908448 1519 1412 475 1142 
1669908450 1551 1421 494 1096 
1669908452 1343 1340 484 985 
1669908455 1441 1530 513 1020 
1669908457 1451 1546 517 1086 
1669908459 1493 1574 443 1181 
1669908461 1408 1546 547 1094 
1669908463 1447 1549 513 1156 
1669908465 1456 1449 491 1182 
1669908467 1436 1343 419 1143 
1669908470 1349 1353 505 1145 
1669908472 1309 1499 516 1051 
1669908474 1385 1523 517 1143 
1669908476 1626 1500 346 1078 
1669908478 1515 1527 524 1077 
1669908480 1468 1527 507 1187 
1669908482 1444 1569 522 1105 
1669908484 1368 1324 498 1110 
1669908486 1205 1089 382 822 
1669908488 1345 1299 442 819 
1669908491 732 1054 401 695 
1669908493 1459 1519 515 1039 
1669908495 1360 1427 481 1135 
1669908497 1454 1448 507 1136 
1669908499 1455 1376 413 1159 
1669908501 1448 1456 358 1180 
1669908503 1426 1521 511 1176 
1669908505 1437 1460 508 1180 
1669908507 1414 1460 509 1091 
1669908509 1403 1448 432 1180 
1669908511 1400 1466 508 1085 
1669908513 1373 1554 497 1172 
1669908515 1395 1547 494 1161 
1669908517 1383 1538 367 1162 
1669908519 1356 1452 429 1142 
1669908521 1283 1433 494 1078 
1669908523 1373 1567 525 1165 
1669908526 1276 1552 529 1146 
1669908528 1274 1362 407 1149 
1669908530 1355 1533 504 1172 
1669908532 1268 1453 421 1116 
1669908534 1341 1547 493 1094 
1669908536 1352 1456 526 1180 
1669908538 1327 1541 430 1152 
1669908540 1343 1533 485 1163 
1669908542 1363 1537 499 1169 
1669908544 1315 1507 505 1138 
1669908546 1321 1416 475 1115 
1669908548 1450 1354 576 1168 
1669908550 1362 1431 511 1187 
1669908552 1345 1452 558 1083 
1669908554 1411 1487 563 1250 
1669908556 1350 1549 499 1189 
1669908559 1312 1555 505 1169 
1669908561 1315 1524 523 1165 
1669908563 1316 1532 522 1068 
1669908565 1325 1523 512 1164 
1669908567 1345 1462 536 1187 
1669908569 1347 1360 427 1132 
1669908571 1341 1560 457 1077 
1669908573 1327 1463 510 1171 
1669908575 1315 1532 504 1060 
1669908577 1303 1553 496 1172 
1669908579 1339 1456 436 1172 
1669908581 1305 1423 492 1055 
1669908583 1313 1443 456 1042 
1669908585 1640 1595 635 1322 
1669908587 1441 1478 529 1281 
1669908589 1516 1465 513 1178 
1669908591 1263 1518 536 1104 
1669908594 1281 1406 493 1176 
1669908596 1376 1455 513 1085 
1669908598 1400 1358 448 1172 
1669908600 1323 1541 516 1092 
1669908603 1325 1527 493 1129 
1669908605 1351 1537 524 1161 
1669908607 1245 1345 471 1056 
1669908609 1306 1431 432 1073 
1669908611 1238 1544 365 1143 
1669908613 1311 1530 504 1149 
1669908615 1346 1448 503 1161 
1669908617 1236 1431 498 1143 
1669908619 1303 1537 440 1146 
1669908621 1333 1422 511 1074 
1669908623 1340 1470 430 1067 
1669908625 1333 1526 371 1045 
1669908628 1247 1522 502 1148 
1669908630 1282 1380 500 1041 
1669908632 1279 1541 517 1097 
1669908634 1311 1429 522 1053 
1669908636 1287 1367 497 1126 
1669908638 1285 1468 431 1135 
1669908640 1324 1471 488 1052 
1669908642 1311 1462 526 1078 
1669908644 1312 1559 431 1068 
1669908646 1289 1565 481 1161 
1669908648 1278 1283 477 1139 
1669908650 1026 1251 438 865 
1669908652 2633 1557 498 1303 
1669908654 2429 1545 422 1110 
1669908656 2280 1439 469 1153 
1669908658 2001 1468 466 1065 
1669908660 2023 1528 413 1097 
1669908663 1884 1418 413 1178 
1669908665 1838 1511 429 1167 
1669908667 1779 1517 506 1203 
1669908669 1724 1541 429 1105 
1669908671 1671 1427 519 1123 
1669908673 1568 1504 519 1173 
1669908675 1638 1558 517 1112 
1669908677 1616 1557 506 1212 
1669908679 1564 1277 489 1157 
1669908681 1531 1443 494 1093 
1669908683 1562 1358 510 1104 
1669908685 1544 1430 512 1113 
1669908687 1524 1382 523 1163 
1669908689 1500 1521 502 1195 
1669908691 1495 1427 425 1150 
1669908693 1457 1431 486 1158 
1669908696 1454 1462 517 1172 
1669908698 1431 1433 510 1092 
1669908700 1344 1428 427 1150 
1669908702 1402 1359 472 1168 
1669908704 1385 1524 506 1084 
1669908706 1358 1513 491 1129 
1669908708 1431 1417 427 1058 
1669908710 1303 1510 500 1165 
1669908712 1397 1537 509 1169 
1669908714 1393 1433 512 1096 
1669908716 1402 1474 499 1119 
1669908718 1287 1438 503 1141 
1669908720 1354 1535 423 1125 
1669908723 1336 1269 473 1143 
1669908725 1366 1551 479 1161 
1669908727 1332 1547 503 1154 
1669908729 1245 1438 516 1046 
1669908732 1336 1534 434 1141 
1669908734 1357 1547 528 1173 
1669908736 1237 1440 493 1061 
1669908738 1306 1533 505 1087 
1669908740 1313 1454 511 1062 
1669908742 1336 1379 515 1165 
1669908744 1330 1554 454 1147 
1669908746 1227 1444 443 1145 
1669908748 1332 1581 444 986 
1669908750 1233 1541 495 1114 
1669908752 1343 1538 533 1157 
1669908754 1506 1682 643 1333 
1669908756 865 1235 542 888 
1669908758 1368 1573 576 1211 
1669908760 1242 1504 513 1098 
1669908762 1189 1601 499 1247 
1669908764 1219 1457 519 1165 
1669908766 1266 1356 495 1168 
1669908768 1274 1449 492 1090 
1669908770 903 1216 458 1153 
1669908772 1037 1438 559 1159 
1669908774 1211 1540 486 1096 
1669908776 878 1308 488 1059 
1669908778 1768 1800 560 1446 
1669908780 1128 1421 463 877 
1669908782 1181 1548 497 1158 
1669908784 1172 1448 502 1066 
1669908786 1154 1574 374 1137 
1669908788 1154 1455 491 1147 
1669908790 1204 1379 493 1038 
1669908792 1187 1564 529 1062 
1669908794 1108 1457 510 1139 
1669908796 1188 1561 504 1152 
1669908799 1182 1558 493 1141 
1669908801 1223 1558 512 1160 
1669908803 1243 1435 507 1128 
1669908805 1232 1460 454 1138 
1669908807 1221 1550 506 1073 
1669908809 1153 1418 507 1138 
1669908811 1240 1566 524 986 
1669908813 1242 1562 520 1168 
1669908815 1245 1581 494 1137 
1669908817 1276 1484 439 1124 
1669908819 1241 1551 524 1147 
1669908821 1263 1426 522 1064 
1669908823 1267 1527 514 1150 
1669908825 1180 1431 499 1126 
1669908827 1245 1516 534 1145 
1669908829 1289 1543 518 1155 
1669908831 1250 1530 527 1139 
1669908834 1186 1371 654 1167 
1669908836 1237 1531 486 1071 
1669908838 1216 1351 516 1052 
1669908840 1245 1414 421 1052 
1669908842 1250 1473 491 1146 
1669908844 1252 1480 509 1048 
1669908846 1245 1446 514 1143 
1669908848 1150 1510 529 1119 
1669908850 1245 1413 495 1058 
1669908853 1253 1457 441 1158 
1669908855 1255 1551 501 1131 
1669908857 1267 1523 520 1146 
1669908859 1296 1451 476 1123 
1669908861 1287 1549 440 1153 
1669908863 1195 1526 432 1156 
1669908865 1272 1542 518 1165 
1669908868 1303 1547 486 1156 
1669908870 1311 1528 498 1173 
1669908872 1315 1387 490 1039 
1669908874 1309 1536 511 1151 
1669908876 1291 1534 499 1151 
1669908878 1317 1535 529 1182 
1669908880 1296 1527 517 1144 
1669908882 1314 1564 508 1159 
1669908884 1306 1563 494 1171 
1669908886 1232 1452 427 1132 
1669908888 1300 1365 494 1072 
1669908890 1313 1531 511 1143 
1669908892 1322 1556 435 1124 
1669908894 1304 1536 497 1149 
1669908896 1306 1333 467 1139 
1669908898 1326 1453 387 1156 
1669908900 1314 1443 478 1173 
1669908903 1048 1243 343 931 
1669908905 1146 1337 472 1028 
1669908907 1206 1424 426 1142 
1669908909 1302 1550 524 1065 
1669908911 1290 1567 504 1176 
1669908913 1316 1571 504 1087 
1669908915 1520 1527 444 1145 
1669908917 1257 1356 429 912 
1669908919 1293 1401 502 1042 
1669908921 1335 1523 502 1048 
1669908923 1403 1434 522 1053 
1669908925 1414 1479 504 1163 
1669908927 1394 1552 529 1158 
1669908929 1303 1551 506 1057 
1669908931 1354 1532 516 1162 
1669908933 1380 1470 520 1164 
1669908935 1275 1423 505 1162 
1669908937 1334 1442 478 1151 
1669908939 1387 1467 556 1221 
1669908941 2519 2457 1929 2514 
1669908943 1222 1533 494 1240 
1669908945 1055 1428 503 979 
1669908947 1206 1489 464 1100 
1669908949 1743 1732 797 1609 
1669908951 1396 1611 571 1298 
1669908953 1271 1417 485 1065 
1669908955 1204 1435 472 1138 
1669908957 1201 1478 384 974 
1669908959 819 1207 364 711 
1669908961 2424 2372 2050 2237 
1669908963 3589 3461 3435 3374 
1669908965 1423 1583 625 1398 
1669908967 1570 1629 550 1118 
1669908969 1666 1703 660 1323 
1669908971 890 1001 385 676 
1669908973 1598 1595 603 1147 
1669908975 1560 1463 511 1099 
1669908977 1468 1538 487 1151 
1669908979 1503 1579 457 1206 
1669908981 1512 1497 425 1231 
1669908983 1057 1272 529 970 
1669908985 1618 1546 505 1438 
1669908987 1616 1497 596 1345 
1669908989 1275 1442 450 898 
1669908991 1430 1571 465 1135 
1669908993 1452 1382 510 1184 
1669908995 1417 1485 509 1242 
1669908997 1403 1561 505 1215 
1669908999 1369 1534 513 1173 
1669909001 1376 1429 483 1097 
1669909003 1294 1526 423 1152 
1669909005 1389 1572 518 1214 
1669909007 1372 1551 517 1181 
1669909009 1299 1459 407 1170 
1669909011 1368 1372 497 1169 
1669909013 1369 1555 427 1201 
1669909015 1358 1362 499 1166 
1669909017 1388 1383 479 1076 
1669909019 1368 1371 468 1089 
1669909021 1396 1345 419 1088 
1669909023 1419 1537 372 1272 
1669909025 1392 1474 494 1187 
1669909027 1360 1332 423 1178 
1669909029 1365 1558 514 1186 
1669909031 1382 1344 502 1185 
1669909033 1377 1461 502 1210 
1669909035 1388 1463 503 1021 
1669909037 1400 1377 499 1174 
1669909039 1298 1427 489 1190 
1669909041 1284 1456 490 1179 
1669909043 1392 1383 483 1187 
1669909045 1295 1522 513 1183 
1669909047 1355 1416 436 1090 
1669909049 1391 1543 483 1201 
1669909051 1411 1467 533 1210 
1669909053 1394 1563 522 1217 
1669909055 1370 1566 515 1181 
1669909057 1396 1573 446 1215 
1669909059 1393 1445 502 1221 
1669909061 1394 1457 517 1036 
1669909063 1359 1557 513 1176 
1669909065 1366 1575 443 1103 
1669909067 1382 1442 502 1204 
1669909069 1365 1540 519 1191 
1669909071 1368 1434 427 1196 
1669909073 1282 1427 494 1178 
1669909075 1382 1562 536 1143 
1669909077 1370 1560 525 1176 
1669909079 1393 1565 506 1120 
1669909081 1361 1428 440 1122 
1669909083 1371 1535 432 1103 
1669909085 1395 1421 508 1198 
1669909087 1348 1445 496 1098 
1669909089 1390 1555 517 1188 
1669909091 1383 1563 492 1021 
1669909093 1397 1539 507 1191 
1669909095 1372 1455 489 1176 
1669909097 1377 1543 491 1112 
1669909099 1353 1457 476 1100 
1669909101 1390 1465 516 1199 
1669909103 1458 1402 459 1295 
1669909105 1395 1537 500 1111 
1669909107 1363 1523 423 1179 
1669909109 1287 1446 432 1187 
1669909111 1366 1550 417 1198 
1669909113 1374 1550 436 1091 
1669909115 1378 1542 515 1166 
1669909117 1360 1429 483 1173 
1669909119 1380 1543 506 1208 
1669909121 1347 1518 436 1173 
1669909123 1380 1554 495 1181 
1669909125 1349 1456 431 1168 
1669909127 1387 1534 522 1081 
1669909129 1384 1475 499 1167 
1669909131 1367 1533 506 1110 
1669909133 1384 1567 482 1175 
1669909135 1349 1532 493 1097 
1669909137 1365 1534 500 1086 
1669909139 1394 1563 486 1205 
1669909141 1388 1467 510 1177 
1669909143 1387 1436 524 1208 
1669909145 1283 1534 515 1164 
1669909147 1391 1358 415 1177 
1669909149 1293 1435 468 1193 
1669909151 1349 1453 423 1168 
1669909153 1363 1525 434 1107 
1669909155 1362 1552 523 1193 
1669909157 1389 1469 518 1218 
1669909159 1389 1426 444 1124 
1669909161 1285 1519 472 1091 
1669909163 1284 1555 505 1167 
1669909165 1282 1455 498 1181 
1669909167 1353 1444 523 1178 
1669909169 1371 1527 443 1167 
1669909171 1398 1566 504 1089 
1669909173 1393 1550 447 1181 
1669909175 1392 1387 492 1093 
1669909177 1367 1454 358 1151 
1669909179 1366 1539 495 1195 
1669909181 1400 1350 495 1188 
1669909183 1365 1531 516 1108 
1669909185 1368 1344 409 1146 
1669909187 1393 1437 503 1169 
1669909189 1389 1539 438 1179 
1669909191 1363 1563 497 1103 
1669909193 1366 1573 519 1198 
1669909195 1285 1535 478 1211 
1669909197 1376 1464 428 1179 
1669909199 1354 1344 413 1151 
1669909201 1356 1432 411 1173 
1669909203 1375 1563 503 1184 
1669909205 1352 1429 513 1181 
1669909207 1362 1567 507 1186 
1669909209 1365 1445 487 1166 
1669909211 1384 1364 512 1169 
1669909213 1356 1450 506 1206 
1669909215 1381 1523 371 1180 
1669909217 1290 1538 436 1077 
1669909219 1382 1577 509 1129 
1669909221 1404 1574 543 1230 
1669909223 1363 1457 518 1198 
1669909225 1356 1567 525 1216 
1669909227 1294 1530 517 1178 
1669909229 1389 1579 523 1214 
1669909231 1404 1373 500 1212 
1669909233 1371 1421 518 1220 
1669909235 1376 1450 499 1194 
1669909237 1463 1443 516 1311 
1669909239 1367 1570 534 1198 
1669909241 1389 1538 453 1212 
1669909243 1394 1565 505 1184 
1669909245 1377 1531 520 1182 
1669909247 1296 1340 520 1173 
1669909249 1395 1421 516 1128 
1669909251 1387 1532 457 1200 
1669909253 1382 1471 520 1186 
1669909255 1373 1429 517 1119 
1669909257 1372 1480 429 1184 
1669909259 1403 1559 513 1206 
1669909261 1403 1529 488 1189 
1669909263 1294 1457 509 1084 
1669909265 1390 1552 419 1167 
1669909267 1386 1548 501 1190 
1669909269 1377 1407 518 1092 
1669909271 1365 1463 486 1173 
1669909273 1384 1334 481 1195 
1669909275 1375 1546 447 1115 
1669909277 1371 1577 511 1200 
1669909279 1368 1383 491 1076 
1669909281 1396 1560 505 1217 
1669909283 1386 1467 523 1216 
1669909285 1391 1561 490 1213 
1669909287 1377 1550 525 1222 
1669909289 1396 1556 448 1189 
1669909291 1366 1446 442 1212 
1669909293 1293 1332 502 1186 
1669909295 1399 1532 514 1188 
1669909297 1297 1451 418 1084 
1669909299 1389 1560 461 1218 
1669909301 1400 1543 523 1205 
1669909303 1370 1460 372 1209 
1669909305 1392 1476 528 1116 
1669909307 1394 1551 521 1167 
1669909309 1356 1458 501 1097 
1669909311 1381 1425 500 1108 
1669909313 1372 1546 520 1109 
1669909315 1360 1574 435 1175 
1669909317 1355 1466 495 1096 
1669909319 1287 1513 486 1079 
1669909321 1384 1567 519 1210 
1669909323 1361 1350 515 1183 
1669909325 1381 1452 506 1087 
1669909327 1397 1517 509 1212 
1669909329 1292 1323 465 1138 
1669909331 1360 1565 511 1169 
1669909333 1379 1430 440 1196 
1669909335 1352 1562 525 1095 
1669909337 1387 1457 496 1181 
1669909339 1381 1537 434 1110 
1669909341 1406 1377 509 1183 
1669909343 1371 1540 522 1187 
1669909345 1382 1550 527 1206 
1669909347 1390 1465 531 1206 
1669909349 1395 1466 507 1117 
1669909351 1413 1450 533 1171 
1669909353 1394 1468 456 1215 
1669909355 1376 1370 498 1224 
1669909357 1369 1538 515 1187 
1669909359 1395 1434 448 1098 
1669909361 1372 1573 443 1185 
1669909363 1375 1424 441 1100 
1669909365 1365 1526 533 1193 
1669909367 1397 1552 441 1101 
1669909369 1302 1429 485 1083 
1669909371 1407 1530 513 1118 
1669909373 1399 1569 434 1189 
1669909375 1297 1420 434 1168 
1669909377 1359 1531 488 1105 
1669909379 1371 1441 432 1080 
1669909381 1363 1565 435 1185 
1669909383 1356 1444 495 1174 
1669909385 1290 1459 475 1160 
1669909387 1367 1555 505 1095 
1669909389 1397 1475 506 1212 
1669909391 1359 1444 362 1203 
1669909393 1396 1570 510 1230 
1669909395 1391 1428 520 1118 
1669909397 1399 1540 533 1124 
1669909399 1368 1461 501 1181 
1669909401 1383 1573 510 1213 
1669909403 1299 1464 511 1189 
1669909405 1389 1536 516 1222 
1669909407 1373 1538 537 1208 
1669909409 1389 1536 446 1119 
1669909411 1298 1556 367 1172 
1669909413 1368 1569 513 1194 
1669909415 1403 1439 512 1213 
1669909417 1388 1568 368 1075 
1669909419 1407 1556 513 1173 
1669909421 1361 1544 503 1202 
1669909423 1293 1527 486 1201 
1669909425 1397 1536 518 1117 
1669909427 1397 1468 505 1077 
1669909429 1373 1427 426 1188 
1669909431 1385 1443 485 1208 
1669909433 1390 1453 503 1175 
1669909435 1363 1565 488 1181 
1669909437 1384 1370 419 1181 
1669909439 1395 1551 509 1212 
1669909441 1386 1448 517 1195 
1669909443 1356 1282 485 1160 
1669909445 1382 1528 523 1107 
1669909447 1385 1514 439 1166 
1669909449 1368 1344 498 1099 
1669909451 1373 1519 487 1206 
1669909453 1361 1411 508 1214 
1669909455 1389 1554 520 1126 
1669909457 1357 1545 510 1205 
1669909459 1354 1439 486 1207 
1669909461 1293 1531 484 1208 
1669909463 1401 1445 502 1190 
1669909465 1358 1556 517 1190 
1669909467 1370 1433 487 1180 
1669909469 1388 1570 422 1208 
1669909471 1366 1569 515 1189 
1669909473 1394 1568 500 1227 
1669909475 1401 1414 522 1208 
1669909477 1396 1560 510 1190 
1669909479 1291 1334 413 1165 
1669909481 1363 1538 437 1190 
1669909483 1382 1534 520 1110 
1669909485 1369 1535 504 1214 
1669909487 1392 1572 450 1222 
1669909489 1368 1345 502 1198 
1669909491 1392 1549 490 1190 
1669909493 1397 1449 480 1176 
1669909495 1385 1552 508 1213 
1669909497 1367 1559 494 1191 
1669909499 1367 1454 493 1098 
1669909501 1375 1459 502 1190 
1669909503 1301 1516 428 1074 
1669909505 1384 1556 437 1157 
1669909507 1307 1344 518 1090 
1669909509 1382 1577 516 1115 
1669909511 1373 1436 496 1180 
1669909513 1398 1397 504 1187 
1669909515 1401 1526 526 1183 
1669909517 1375 1564 537 1202 
1669909519 1396 1559 440 1218 
1669909521 1387 1445 516 1101 
1669909523 1413 1371 368 1191 
1669909525 1387 1543 506 1209 
1669909527 1403 1564 456 1193 
1669909529 1404 1384 521 1196 
1669909531 1412 1489 504 1115 
1669909533 1306 1448 506 1100 
1669909535 1363 1416 532 1182 
1669909537 1377 1561 441 1172 
1669909539 1365 1356 445 1204 
1669909541 1391 1454 451 1185 
1669909543 1303 1528 505 1167 
1669909545 1389 1429 495 1209 
1669909547 1388 1358 519 1175 
1669909549 1399 1538 512 1234 
1669909551 1372 1532 446 1203 
1669909553 1393 1544 427 1096 
1669909555 1404 1469 514 1216 
1669909557 1380 1474 502 1199 
1669909559 1399 1459 502 1181 
1669909561 1402 1558 535 1191 
1669909563 1401 1433 513 1113 
1669909565 1379 1455 517 1211 
1669909567 1411 1455 524 1199 
1669909569 1305 1418 527 1100 
1669909571 1398 1469 500 1217 
1669909573 1403 1546 533 1113 
1669909575 1399 1545 445 1182 
1669909577 1411 1462 517 1186 
1669909579 1405 1552 537 1104 
1669909581 1381 1428 528 1113 
1669909583 1298 1538 523 1190 
1669909585 1362 1535 510 1189 
1669909587 1410 1470 378 1192 
1669909589 1362 1538 369 1168 
1669909591 1374 1480 364 1073 
1669909593 1394 1583 530 1221 
1669909595 1389 1539 511 1181 
1669909597 1402 1555 504 1231 
1669909599 1392 1455 496 1106 
1669909601 1389 1550 442 1201 
1669909603 1393 1546 503 1205 
1669909605 1410 1459 520 1195 
1669909607 1407 1549 499 1178 
1669909609 1390 1434 521 1186 
1669909611 1391 1560 439 1209 
1669909613 1399 1361 479 1193 
1669909615 1407 1463 506 1187 
1669909617 1380 1346 517 1206 
1669909619 1413 1532 365 1090 
1669909621 1405 1473 500 1206 
1669909623 1384 1557 524 1218 
1669909625 1400 1547 503 1176 
1669909627 1402 1545 514 1117 
1669909629 1395 1479 498 1013 
1669909631 1402 1565 526 1023 
1669909633 1378 1432 504 1176 
1669909635 1301 1543 497 1097 
1669909637 1306 1427 436 1107 
1669909639 1367 1528 425 1155 
1669909641 1405 1575 446 1089 
1669909643 1381 1475 515 1203 
1669909645 1399 1442 453 1100 
1669909647 1402 1460 514 1218 
1669909649 1380 1442 509 1204 
1669909651 1306 1455 513 1205 
1669909653 1375 1571 524 1220 
1669909655 1381 1421 517 1179 
1669909657 1399 1537 520 1200 
1669909659 1391 1475 438 1188 
1669909661 1364 1347 487 1196 
1669909663 1376 1447 523 1191 
1669909665 1413 1557 434 1096 
1669909667 1382 1481 509 1170 
1669909669 1394 1574 442 1224 
1669909671 1398 1574 524 1206 
1669909673 1392 1354 481 1193 
1669909675 1363 1449 514 1228 
1669909677 1395 1556 506 1182 
1669909679 1370 1536 518 1207 
1669909681 1369 1356 505 1157 
1669909683 1409 1451 507 1209 
1669909685 1393 1536 456 1104 
1669909687 1413 1440 521 1102 
1669909689 1404 1547 499 1192 
1669909691 1382 1437 524 1178 
1669909693 1402 1370 514 1174 
1669909695 1397 1557 376 1111 
1669909697 1303 1419 491 1167 
1669909699 1401 1466 450 1163 
1669909701 1407 1551 513 1137 
1669909703 1421 1423 505 1204 
1669909705 1394 1567 523 1172 
1669909707 1403 1547 431 1183 
1669909709 1376 1552 525 1227 
1669909711 1399 1457 508 1099 
1669909713 1309 1560 439 1187 
1669909715 1377 1535 514 1185 
1669909717 1303 1423 472 1097 
1669909719 1401 1440 510 1220 
1669909721 1301 1451 489 1160 
1669909723 1405 1358 416 1159 
1669909725 1395 1451 496 1179 
1669909727 1401 1533 498 1207 
1669909729 1395 1528 515 1100 
1669909731 1401 1441 493 1186 
1669909733 1371 1511 497 1176 
1669909735 1412 1440 508 1019 
1669909737 1369 1572 516 1177 
1669909739 1394 1563 514 1091 
1669909741 1405 1532 515 1186 
1669909743 1395 1452 433 1092 
1669909745 1401 1531 482 1183 
1669909747 1362 1474 442 1171 
1669909749 1364 1459 490 1182 
1669909751 1368 1355 507 1181 
1669909753 1299 1410 510 1225 
1669909755 1387 1561 508 1099 
1669909757 1296 1453 479 1186 
1669909759 1382 1565 442 1192 
1669909761 1390 1457 480 1094 
1669909763 1396 1538 439 1158 
1669909765 1368 1551 428 1075 
1669909767 1382 1435 501 1168 
1669909769 1402 1463 500 1217 
1669909771 1403 1564 426 1207 
1669909773 1400 1480 495 1189 
1669909775 1406 1566 535 1179 
1669909777 1403 1551 435 1207 
1669909779 1405 1534 446 1171 
1669909781 1417 1465 425 1175 
1669909783 1399 1444 376 1188 
1669909785 1402 1543 511 1178 
1669909787 1409 1550 451 1125 
1669909789 1416 1575 520 1114 
1669909791 1413 1380 441 1151 
1669909793 1406 1565 535 1122 
1669909795 1374 1482 504 1187 
1669909797 1378 1536 435 1099 
1669909799 1307 1534 532 1195 
1669909801 1410 1591 442 1198 
1669909803 1398 1555 540 1214 
1669909805 1409 1555 439 1182 
1669909807 1389 1421 515 1223 
1669909809 1422 1570 541 1126 
1669909811 1396 1416 506 1186 
1669909813 2301 2024 1374 1829 
1669909815 1388 1511 543 1213 
1669909817 1379 1402 460 1188 
1669909819 1310 1364 353 1185 
1669909821 1399 1555 506 1118 
1669909823 1400 1543 435 1161 
1669909825 1399 1553 520 1025 
1669909827 1393 1562 538 1016 
1669909829 1391 1552 423 1197 
1669909831 1421 1571 494 1220 
1669909833 1413 1539 493 1199 
1669909835 1404 1569 437 1180 
1669909837 1384 1334 348 1149 
1669909839 1395 1396 516 1190 
1669909841 1384 1447 485 1171 
1669909843 1381 1514 514 1106 
1669909845 1384 1453 487 1092 
1669909847 1403 1529 509 1191 
1669909849 1409 1560 525 1193 
1669909851 1397 1547 423 1194 
1669909853 1379 1442 523 1175 
1669909855 1388 1449 522 1208 
1669909857 1395 1450 506 1204 
1669909859 1293 1538 443 1098 
1669909861 1364 1444 507 1212 
1669909863 1390 1569 535 1207 
1669909865 1384 1487 506 1088 
1669909867 1388 1552 441 1196 
1669909869 1405 1571 514 1119 
1669909871 1376 1477 498 1180 
1669909873 1403 1461 426 1092 
1669909875 1405 1419 489 1100 
1669909877 1380 1447 512 1180 
1669909879 1409 1549 497 1189 
1669909881 1403 1466 450 1174 
1669909883 1403 1450 446 1223 
1669909885 1406 1449 497 1207 
1669909887 1395 1432 363 1170 
1669909889 1371 1541 495 1089 
1669909891 1388 1488 442 1171 
1669909893 1386 1567 523 1201 
1669909895 1395 1404 502 1214 
1669909897 1364 1538 518 1181 
1669909899 1370 1546 497 1194 
1669909901 1398 1388 423 1138 
1669909903 1379 1536 372 1198 
1669909905 1365 1536 520 1091 
1669909907 1384 1481 500 1099 
1669909909 1373 1550 444 1208 
1669909911 1375 1521 494 1220 
1669909913 1382 1481 488 1079 
1669909915 1401 1539 520 1094 
1669909917 1397 1466 519 1169 
1669909919 1373 1556 515 1199 
1669909921 1386 1349 513 1171 
1669909923 1378 1557 515 1192 
1669909925 1406 1460 437 1176 
1669909927 1398 1555 497 1120 
1669909929 1302 1443 497 1177 
1669909931 1374 1441 454 1177 
1669909933 1303 1423 510 1207 
1669909935 1378 1546 527 1116 
1669909937 1410 1486 444 1083 
1669909939 1420 1461 482 1196 
1669909941 1404 1549 532 1230 
1669909943 1413 1446 519 1215 
1669909945 1404 1460 423 1173 
1669909947 1409 1538 514 1197 
1669909949 1385 1565 518 1210 
1669909951 1374 1460 519 1207 
1669909953 1417 1466 532 1129 
1669909955 1387 1566 539 1187 
1669909957 1392 1558 509 1177 
1669909959 1406 1444 433 1198 
1669909961 1411 1480 422 1175 
1669909963 1391 1457 523 1182 
1669909965 1405 1572 535 1191 
1669909967 1421 1561 537 1210 
1669909969 1410 1368 509 1179 
1669909971 1411 1525 500 1102 
1669909973 1408 1451 497 1030 
1669909975 1414 1501 504 1015 
1669909977 1418 1542 536 1196 
1669909979 1382 1469 518 1209 
1669909981 1306 1444 516 1216 
1669909983 1373 1547 437 1159 
1669909985 1388 1469 452 1221 
1669909987 1385 1433 518 1184 
1669909989 1410 1476 457 1097 
1669909991 1308 1549 491 1179 
1669909993 1382 1436 503 1196 
1669909995 1377 1549 524 1187 
1669909997 1407 1573 533 1208 
1669909999 1393 1461 452 1220 
1669910001 1413 1561 505 1213 
1669910003 1416 1380 443 1169 
1669910005 1383 1412 499 1202 
1669910007 1372 1477 514 1128 
1669910009 1412 1568 536 1215 
1669910011 1398 1436 528 1186 
1669910013 1388 1475 499 1191 
1669910015 1406 1288 405 1076 
1669910017 1414 1568 382 1202 
1669910019 1411 1542 540 1202 
1669910021 1407 1545 520 1217 
1669910023 1419 1542 438 1190 
1669910025 1377 1414 533 1024 
1669910027 1413 1545 521 1196 
1669910029 1421 1536 459 1104 
1669910031 1408 1544 366 1170 
1669910033 1412 1455 493 1169 
1669910035 1400 1558 536 1119 
1669910037 1404 1477 498 1197 
1669910039 1414 1544 519 1187 
1669910041 1396 1367 484 1196 
1669910043 1401 1441 511 1131 
1669910045 1377 1550 516 1209 
1669910047 1391 1562 369 1176 
1669910049 1380 1452 437 1088 
1669910051 1387 1455 435 1126 
1669910053 1393 1471 509 1164 
1669910055 1385 1521 524 1180 
1669910057 1406 1536 530 1194 
1669910059 1385 1432 529 1109 
1669910061 1380 1550 519 1174 
1669910063 1304 1572 440 1087 
1669910065 1399 1527 528 1109 
1669910067 1386 1546 526 1207 
1669910069 1382 1554 461 1210 
1669910071 1379 1567 528 1199 
1669910073 1310 1460 430 1098 
1669910075 1421 1542 533 1203 
1669910077 1395 1415 517 1210 
1669910079 1416 1445 495 1206 
1669910081 1386 1473 508 1214 
1669910083 1410 1469 508 1227 
1669910085 1425 1554 534 1194 
1669910087 1415 1466 517 1233 
1669910089 1393 1456 453 1183 
1669910091 1394 1579 527 1188 
1669910093 1421 1578 549 1201 
1669910095 1401 1470 506 1177 
1669910097 1310 1526 441 1155 
1669910099 1405 1428 517 1105 
1669910101 1417 1556 501 1017 
1669910103 1311 1538 508 1201 
1669910105 1406 1580 501 1224 
1669910107 1303 1557 509 1114 
1669910109 1399 1559 491 1184 
1669910111 1379 1531 504 1202 
1669910113 1308 1380 419 1163 
1669910115 1379 1548 511 1178 
1669910117 1403 1457 506 1111 
1669910119 1404 1542 433 1189 
1669910121 1372 1569 508 1186 
1669910123 1397 1453 431 1179 
1669910125 1412 1560 363 1167 
1669910127 1402 1584 443 1080 
1669910129 1366 1456 450 1174 
1669910131 1372 1381 467 1159 
1669910133 1410 1571 492 1212 
1669910135 1402 1431 506 1175 
1669910137 1305 1449 495 1171 
1669910139 1398 1541 511 1022 
1669910141 1303 1517 482 1109 
1669910143 1377 1568 529 1217 
1669910145 1409 1478 520 1190 
1669910147 1398 1450 441 1099 
1669910149 1409 1448 524 1029 
1669910151 1387 1539 433 1003 
1669910153 1407 1523 514 1198 
1669910155 1397 1537 507 1214 
1669910157 1387 1563 491 1220 
1669910159 1414 1465 522 1123 
1669910161 1403 1543 516 1107 
1669910163 1389 1461 429 1198 
1669910165 1387 1573 523 1220 
1669910167 1302 1559 496 1110 
1669910169 1400 1289 468 1071 
1669910171 1310 1453 479 1095 
1669910173 1398 1462 441 1211 
1669910175 1389 1545 487 1184 
1669910177 1307 1549 483 1153 
1669910179 1403 1458 435 1115 
1669910181 1408 1366 487 1179 
1669910183 1397 1546 519 1214 
1669910185 1300 1547 506 1196 
1669910187 1393 1560 438 1110 
1669910189 1385 1416 530 1203 
1669910191 1411 1410 432 1190 
1669910193 1394 1461 497 1220 
1669910195 1393 1473 501 1164 
1669910197 1403 1442 526 1133 
1669910199 1395 1543 500 1125 
1669910201 1299 1410 422 1196 
1669910203 1402 1482 518 1204 
1669910205 1400 1457 513 1178 
1669910207 1414 1465 445 1211 
1669910209 1397 1441 518 1194 
1669910211 1403 1445 504 1207 
1669910213 1399 1560 533 1177 
1669910215 1391 1465 437 1193 
1669910217 1406 1569 497 1214 
1669910219 1409 1565 442 1123 
1669910221 1374 1577 523 1197 
1669910223 1410 1454 525 1171 
1669910225 1408 1613 501 1198 
1669910227 1417 1566 512 1103 
1669910229 1422 1541 498 1169 
1669910231 1380 1533 497 1111 
1669910233 1394 1567 511 1203 
1669910235 1390 1569 431 1191 
1669910237 1388 1550 519 1178 
1669910239 1398 1429 425 1189 
1669910241 1388 1566 440 1201 
1669910243 1370 1342 483 1156 
1669910245 1368 1530 519 1169 
1669910247 1380 1540 452 1171 
1669910249 1382 1546 506 1193 
1669910251 1387 1560 533 1175 
1669910253 1410 1567 521 1193 
1669910255 1412 1350 444 1074 
1669910257 1315 1536 503 1164 
1669910259 1388 1491 438 1201 
1669910261 1402 1536 450 1214 
1669910263 1314 1562 505 1178 
1669910265 1402 1560 366 1198 
1669910267 1400 1570 447 1179 
1669910269 1409 1427 492 1084 
1669910271 1370 1461 510 1183 
1669910273 1376 1530 531 1208 
1669910275 1384 1531 508 1191 
1669910277 1409 1532 530 1198 
1669910279 1384 1458 510 1217 
1669910281 1402 1465 524 1231 
1669910283 1384 1543 511 1102 
1669910285 1403 1579 528 1091 
1669910287 1384 1462 535 1193 
1669910289 1407 1536 509 1142 
1669910291 1418 1587 537 1180 
1669910293 1406 1360 510 1181 
1669910295 1415 1567 432 1083 
1669910297 1413 1443 515 1197 
1669910299 1418 1574 524 1198 
1669910301 1374 1434 525 1214 
1669910303 1401 1529 431 1092 
1669910305 1400 1537 441 1090 
1669910307 1377 1418 522 1187 
1669910309 1403 1383 488 1205 
1669910311 1368 1428 492 1183 
1669910313 1374 1438 514 1115 
1669910315 1404 1473 445 1099 
1669910317 1393 1466 533 1215 
1669910319 1391 1437 496 1189 
1669910321 1414 1564 541 1184 
1669910323 1376 1571 439 1191 
1669910325 1413 1550 523 1199 
1669910327 1402 1548 451 1206 
1669910329 1388 1558 451 1194 
1669910331 1406 1569 458 1106 
1669910333 1408 1540 502 1214 
1669910335 1391 1552 517 1199 
1669910337 1392 1458 446 1204 
1669910339 1300 1530 513 1192 
1669910341 1407 1441 431 1108 
1669910343 1400 1568 528 1219 
1669910345 1402 1550 465 1115 
1669910347 1423 1448 526 1189 
1669910349 1316 1420 445 1159 
1669910351 1399 1566 453 1213 
1669910353 1399 1539 437 1009 
1669910355 1382 1567 511 1124 
1669910357 1389 1557 513 1165 
1669910359 1388 1463 424 1178 
1669910361 1385 1446 512 1201 
1669910363 1373 1551 434 1103 
1669910365 1382 1541 495 1171 
1669910367 1396 1369 472 1197 
1669910369 1376 1446 501 1204 
1669910371 1392 1358 494 1191 
1669910373 1300 1458 522 1098 
1669910375 1372 1370 517 1179 
1669910377 1380 1368 520 1109 
1669910379 1405 1569 534 1124 
1669910381 1387 1428 366 1202 
1669910383 1394 1390 490 1183 
1669910385 1420 1443 524 1223 
1669910387 1385 1568 448 1182 
1669910389 1377 1523 501 1203 
1669910391 1412 1564 451 1161 
1669910393 1390 1550 495 1193 
1669910395 1381 1452 508 1221 
1669910397 1388 1567 497 1197 
1669910399 1373 1477 426 1180 
