1669910403 1387 1503 508 1155 
1669910406 1374 1365 482 1089 
1669910408 1389 1463 514 1227 
1669910410 1402 1459 499 1165 
1669910412 1373 1452 439 1092 
1669910414 1402 1572 532 1116 
1669910416 1403 1420 513 1184 
1669910418 1381 1565 511 1222 
1669910420 1417 1559 498 1190 
1669910422 1414 1446 522 1183 
1669910424 1400 1453 509 1197 
1669910426 1420 1451 438 1187 
1669910428 1383 1456 438 1211 
1669910430 1309 1448 491 1175 
1669910432 1378 1411 481 1213 
1669910434 1393 1555 503 1184 
1669910436 1369 1447 438 1174 
1669910438 1382 1475 510 1179 
1669910440 1307 1423 503 1177 
1669910442 1408 1491 434 1169 
1669910444 1381 1431 511 1186 
1669910446 1375 1419 501 1202 
1669910448 1402 1569 501 1171 
1669910450 1398 1339 469 1070 
1669910452 1411 1460 444 1205 
1669910454 1397 1367 426 1189 
1669910456 1383 1521 502 1207 
1669910458 1375 1552 500 1204 
1669910460 1405 1538 505 1165 
1669910462 1396 1440 508 1109 
1669910464 1412 1463 527 1096 
1669910466 1309 1519 519 1190 
1669910468 1405 1552 535 1106 
1669910470 1385 1558 451 1200 
1669910472 1298 1566 524 1199 
1669910474 1302 1451 504 1205 
1669910476 1299 1550 435 1187 
1669910478 1394 1545 492 1174 
1669910480 1389 1543 495 1199 
1669910482 1422 1455 511 1095 
1669910484 1418 1553 501 1206 
1669910486 1408 1468 431 1200 
1669910488 1312 1562 526 1210 
1669910490 1404 1316 497 1102 
1669910492 1406 1552 515 1178 
1669910494 1395 1559 499 1185 
1669910496 1398 1550 514 1117 
1669910498 1380 1456 503 1160 
1669910500 1401 1530 499 1154 
1669910502 1403 1561 435 1089 
1669910504 1423 1428 494 1181 
1669910506 1406 1566 543 1140 
1669910508 1386 1471 493 1201 
1669910510 1425 1466 502 1116 
1669910512 1401 1552 533 1221 
1669910514 1382 1537 434 1099 
1669910516 1380 1543 512 1193 
1669910518 1405 1566 533 1190 
1669910520 1407 1470 493 1166 
1669910522 1375 1559 503 1210 
1669910524 1404 1566 524 1131 
1669910526 1414 1486 440 1174 
1669910528 1396 1465 509 1187 
1669910530 1311 1437 501 1107 
1669910532 1403 1582 531 1105 
1669910534 1380 1574 452 1120 
1669910536 1416 1570 543 1213 
1669910538 1305 1376 474 1153 
1669910540 1394 1455 502 1094 
1669910542 1390 1477 498 1186 
1669910544 1306 1536 432 1167 
1669910546 1386 1562 442 1085 
1669910548 1413 1462 528 1218 
1669910550 1318 1445 491 1174 
1669910552 1385 1444 452 1108 
1669910554 1395 1561 503 1123 
1669910556 1413 1476 428 1187 
1669910558 1406 1441 515 1180 
1669910560 1405 1540 521 1202 
1669910562 1418 1453 511 1208 
1669910564 1385 1429 494 1195 
1669910566 1381 1515 501 1200 
1669910568 1306 1365 494 1177 
1669910570 1425 1540 523 1209 
1669910572 1382 1369 493 1014 
1669910574 1315 1553 441 1179 
1669910576 1394 1548 444 1193 
1669910578 1418 1459 495 1105 
1669910580 1398 1381 502 1186 
1669910582 1393 1429 497 1210 
1669910584 1418 1477 498 1203 
1669910586 1413 1554 509 1206 
1669910588 1376 1433 497 1174 
1669910590 1399 1555 515 1170 
1669910592 1421 1570 509 1209 
1669910594 1383 1571 429 1207 
1669910596 1394 1560 529 1210 
1669910598 1381 1544 442 1113 
1669910600 1406 1459 442 1180 
1669910602 1420 1565 514 1205 
1669910604 1381 1420 512 1194 
1669910606 1380 1574 524 1103 
1669910608 1413 1442 515 1113 
1669910610 1384 1445 510 1219 
1669910612 1405 1570 522 1222 
1669910614 1392 1544 452 1191 
1669910616 1374 1430 500 1184 
1669910618 1383 1459 413 1150 
1669910620 1381 1555 433 1176 
1669910622 1402 1444 501 1173 
1669910624 1375 1543 509 1176 
1669910626 1378 1562 502 1184 
1669910628 1422 1556 542 1217 
1669910630 1409 1548 505 1201 
1669910632 1415 1478 523 1097 
1669910634 1403 1368 500 1100 
1669910636 1390 1460 524 1086 
1669910638 1420 1560 541 1226 
1669910640 1397 1455 500 1124 
1669910642 1299 1560 494 1201 
1669910644 1304 1445 501 1157 
1669910646 1362 1369 486 1107 
1669910648 1399 1561 518 1203 
1669910650 1394 1476 488 1113 
1669910652 1386 1562 437 1200 
1669910654 1372 1460 504 1209 
1669910656 1391 1429 436 1193 
1669910658 1405 1530 518 1175 
1669910660 1389 1461 497 1096 
1669910662 1419 1453 534 1237 
1669910664 1423 1544 447 1195 
1669910666 1412 1489 529 1171 
1669910668 1418 1567 447 1194 
1669910670 1421 1566 458 1224 
1669910672 1406 1447 494 1228 
1669910674 1386 1482 512 1183 
1669910676 1416 1469 497 1195 
1669910678 1385 1526 523 1207 
1669910680 1414 1375 495 1210 
1669910682 1375 1420 509 1175 
1669910684 1397 1566 517 1205 
1669910686 1375 1556 366 1177 
1669910688 1406 1557 481 1167 
1669910690 1311 1439 423 1156 
1669910692 1405 1533 498 1219 
1669910694 1397 1427 492 1080 
1669910696 1397 1439 504 1089 
1669910698 1379 1439 502 1206 
1669910700 1313 1543 487 1169 
1669910702 1417 1560 451 1202 
1669910704 1417 1545 464 1205 
1669910706 1402 1551 517 1215 
1669910708 1418 1585 530 1205 
1669910710 1400 1462 520 1189 
1669910712 1413 1524 525 1209 
1669910714 1389 1531 506 1226 
1669910716 1413 1556 518 1119 
1669910718 1394 1558 533 1208 
1669910720 1415 1470 497 1093 
1669910722 1384 1548 506 1187 
1669910724 1378 1461 435 1192 
1669910726 1399 1563 512 1184 
1669910728 1306 1524 413 1169 
1669910730 1398 1480 448 1200 
1669910732 1409 1490 526 1205 
1669910734 1368 1446 528 1112 
1669910736 1373 1549 506 1218 
1669910738 1372 1565 513 1204 
1669910740 1305 1519 506 1209 
1669910742 1405 1561 506 1211 
1669910744 1410 1477 493 1209 
1669910746 1379 1526 497 1185 
1669910748 1402 1462 439 1090 
1669910750 1278 1358 431 1042 
1669910752 1466 1495 557 1185 
1669910754 1326 1508 461 1103 
1669910756 1038 1323 569 887 
1669910758 1811 1615 795 1672 
1669910760 1413 1544 441 1147 
1669910762 1391 1440 361 1192 
1669910764 1410 1445 505 1217 
1669910766 1399 1575 517 1209 
1669910768 1391 1553 486 1226 
1669910770 1330 1477 506 1186 
1669910772 1420 1383 498 1109 
1669910774 1397 1457 494 1207 
1669910776 1387 1519 465 1151 
1669910778 1310 1542 437 1137 
1669910780 1407 1536 519 1197 
1669910782 1415 1530 507 1174 
1669910784 1376 1428 479 1051 
1669910786 728 871 410 695 
1669910788 1560 1622 544 1459 
1669910790 1157 1402 439 901 
1669910792 1023 1209 612 860 
1669910794 2138 1743 639 1618 
1669910796 1372 1083 402 816 
1669910798 1736 1493 479 1209 
1669910800 2142 1496 507 1318 
1669910802 1884 1456 440 1185 
1669910804 1828 1450 408 1128 
1669910806 1844 1546 416 1127 
1669910808 1878 1486 464 1276 
1669910810 1502 1487 576 1349 
1669910812 1476 1519 533 1140 
1669910814 1507 1525 532 1183 
1669910816 1811 1685 521 1441 
1669910818 1566 1545 496 1152 
1669910820 1512 1364 461 1137 
1669910822 1479 1384 465 1055 
1669910824 1916 1711 794 1681 
1669910826 1449 1270 350 1155 
1669910828 1205 1249 380 946 
1669910830 1546 1439 494 1134 
1669910832 1663 1625 598 1419 
1669910834 1403 1514 499 1183 
1669910836 1511 1463 526 1118 
1669910838 966 1237 383 742 
1669910840 1286 1426 477 990 
1669910842 2350 2044 1064 1902 
1669910844 1400 1487 547 1330 
1669910846 1423 1425 423 1178 
1669910848 756 979 405 776 
1669910850 1372 1338 875 1214 
1669910852 2017 1782 1089 1730 
1669910854 2198 2015 1068 1834 
1669910856 1415 1576 546 1295 
1669910858 1347 1484 499 1131 
1669910860 801 988 461 646 
1669910862 1350 1480 437 1167 
1669910864 1777 1710 579 1337 
1669910866 1454 1367 497 1225 
1669910868 1310 1430 520 1241 
1669910870 1336 1434 459 1047 
1669910872 658 1000 397 764 
1669910874 1691 1715 730 1381 
1669910876 1726 1618 593 1540 
1669910878 1439 1399 543 1213 
1669910880 1400 1428 409 1168 
1669910882 1266 1424 486 1171 
1669910884 1331 1356 519 1110 
1669910886 1298 1547 487 1015 
1669910888 1393 1372 429 1088 
1669910890 1369 1414 504 1178 
1669910892 1380 1362 430 1098 
1669910894 1303 1533 507 1172 
1669910896 1382 1578 514 1200 
1669910898 1393 1547 495 1019 
1669910900 1300 1446 502 1179 
1669910902 1391 1574 524 1132 
1669910904 1410 1552 461 1110 
1669910906 1403 1464 442 1206 
1669910908 1366 1444 504 1090 
1669910910 1390 1480 506 1225 
1669910912 1358 1536 403 1078 
1669910914 1253 1267 328 959 
1669910916 1664 1860 1353 1872 
1669910918 1934 1786 540 1370 
1669910920 1675 1665 573 1395 
1669910922 1452 1440 518 1217 
1669910924 1283 1452 400 1089 
1669910926 1500 1515 475 1250 
1669910928 1456 1454 579 1165 
1669910930 1411 1511 495 1181 
1669910932 1714 1544 442 1279 
1669910934 1737 1698 1067 1293 
1669910936 1432 1306 472 1147 
1669910938 1470 1553 503 1211 
1669910940 1390 1490 447 1145 
1669910942 1533 1368 475 1054 
1669910944 1905 1702 519 1313 
1669910946 1817 1720 731 1522 
1669910948 1433 1541 434 1217 
1669910950 1425 1547 514 1196 
1669910952 1426 1586 534 1133 
1669910954 1392 1440 421 1112 
1669910956 1415 1472 440 1183 
1669910958 1414 1560 501 1099 
1669910960 1403 1447 514 1224 
1669910962 1408 1531 502 1209 
1669910964 1406 1385 439 1189 
1669910966 1390 1548 449 1191 
1669910968 1391 1562 529 1216 
1669910970 1396 1565 522 1202 
1669910972 1059 1372 473 948 
1669910974 1487 1307 438 1212 
1669910976 2179 2016 1887 2104 
1669910978 1431 1547 541 1298 
1669910980 1424 1557 444 1211 
1669910982 1406 1492 439 1216 
1669910984 1360 1545 497 1185 
1669910986 1330 1528 378 1116 
1669910988 1779 1615 569 1359 
1669910990 1606 1400 509 1216 
1669910992 1028 1339 415 1065 
1669910994 1263 1321 503 1073 
1669910996 1491 1599 484 1209 
1669910998 1347 1528 522 1175 
1669911000 1405 1357 494 1201 
1669911002 2134 2013 1176 1893 
1669911004 1451 1500 328 1248 
1669911006 558 627 504 604 
1669911008 584 900 387 555 
1669911010 1101 1545 462 1284 
1669911012 1137 1499 474 1104 
1669911014 2003 1469 275 1064 
1669911016 3432 1363 551 662 
1669911018 874 976 564 937 
1669911020 1851 1845 752 1720 
1669911022 526 1883 2928 581 
1669911024 662 1187 294 1583 
1669911026 2732 2755 1988 1254 
1669911028 1135 1772 809 1624 
1669911030 1404 1334 463 984 
1669911032 1294 1421 473 1227 
1669911034 3615 3556 3609 3705 
1669911036 2107 1248 469 862 
1669911038 1414 1573 465 1025 
1669911040 1262 1463 414 947 
1669911042 1251 1576 447 1115 
1669911044 1335 1617 481 1192 
1669911046 1259 1598 384 1162 
1669911048 1353 1570 402 1170 
1669911050 1361 1586 470 1191 
1669911052 1306 1545 353 1039 
1669911054 1360 1575 480 1113 
1669911056 1393 1568 455 1096 
1669911058 1240 1365 431 944 
1669911060 3328 3102 3090 3046 
1669911062 1877 491 416 568 
1669911064 2527 492 753 660 
1669911066 3375 1461 641 1338 
1669911068 3485 1884 2147 2680 
1669911070 3132 1108 309 924 
1669911072 3468 1685 854 1534 
1669911074 3523 1763 1299 2095 
1669911076 3536 1721 1541 2134 
1669911078 3444 1891 1865 2453 
1669911080 2138 560 388 645 
1669911082 1753 2348 1901 2293 
1669911084 1068 976 2292 1448 
1669911086 3009 2344 1571 3403 
1669911088 963 1638 878 1169 
1669911090 2875 2859 2484 2348 
1669911092 774 1204 415 820 
1669911094 625 1317 395 566 
1669911096 1093 1353 460 983 
1669911098 1164 1586 496 981 
1669911100 966 1222 301 919 
1669911102 1560 1723 712 1284 
1669911104 523 478 376 716 
1669911106 2639 1023 1098 959 
1669911108 763 1057 495 1185 
1669911110 814 1629 442 1275 
1669911112 872 1632 429 1174 
1669911114 824 1614 427 1192 
1669911116 847 1617 474 1050 
1669911118 691 1498 550 1190 
1669911120 954 1613 588 1050 
1669911122 989 1350 517 1074 
1669911124 954 1571 304 886 
1669911126 2614 2045 2258 1824 
1669911128 1034 1070 391 707 
1669911130 1154 1700 655 1244 
1669911132 1150 1551 485 1109 
1669911134 1169 1546 474 1169 
1669911136 1195 1396 475 1074 
1669911138 1179 1559 471 1140 
1669911140 1190 1552 479 1113 
1669911142 1267 1615 521 1226 
1669911144 986 1225 497 788 
1669911146 1233 1574 393 1149 
1669911148 1266 1476 471 1227 
1669911150 1237 1310 382 1050 
1669911152 1161 1355 441 1151 
1669911154 1230 1393 389 1072 
1669911156 1260 1585 454 1091 
1669911158 1277 1423 475 1177 
1669911160 1195 1524 471 1165 
1669911162 1255 1393 456 1165 
1669911164 1271 1411 466 1164 
1669911166 1287 1539 447 1171 
1669911168 1290 1422 332 1151 
1669911170 1212 1565 472 1176 
1669911172 1303 1409 333 1164 
1669911174 1160 1342 414 923 
1669911176 1313 1556 396 1107 
1669911178 1260 1459 439 1093 
1669911180 1305 1540 397 1143 
1669911182 1317 1537 462 1161 
1669911184 1327 1551 484 1183 
1669911186 1311 1403 469 1169 
1669911188 1333 1418 463 1108 
1669911190 1318 1486 447 1163 
1669911192 1349 1553 467 1183 
1669911194 1355 1562 477 1160 
1669911196 1343 1545 450 1194 
1669911198 1365 1560 473 1158 
1669911200 1376 1413 484 1120 
1669911202 1274 1258 423 1087 
1669911204 1254 1297 376 1047 
1669911206 1271 1502 423 1127 
1669911208 1300 1395 449 1103 
1669911210 1447 1716 750 1461 
1669911212 1330 1575 471 1073 
1669911214 1363 1560 477 1169 
1669911216 1337 1534 486 1185 
1669911218 1354 1383 463 1174 
1669911220 1386 1434 481 1218 
1669911222 1384 1329 464 1177 
1669911224 1340 1533 380 1168 
1669911226 1343 1386 398 1178 
1669911228 1373 1559 396 1170 
1669911230 1378 1342 456 1186 
1669911232 1354 1340 373 1152 
1669911234 1396 1543 440 1088 
1669911236 1373 1324 469 1078 
1669911238 1351 1528 487 1163 
1669911240 1384 1463 385 1178 
1669911242 1379 1565 483 1175 
1669911244 1291 1392 471 1174 
1669911246 1348 1462 453 1069 
1669911248 1382 1482 394 1149 
1669911250 1384 1563 393 1093 
1669911252 1237 1263 388 1013 
1669911254 1641 1528 442 711 
1669911256 1548 1505 367 1021 
1669911258 1541 1535 396 1065 
1669911260 1488 1515 482 1080 
1669911262 1476 1459 407 1090 
1669911264 1477 1540 404 1123 
1669911266 1415 1520 387 1046 
1669911268 1407 1469 486 1165 
1669911270 1428 1570 477 1074 
1669911272 1384 1583 480 1151 
1669911274 1393 1403 462 1143 
1669911276 1377 1588 410 1178 
1669911278 1377 1560 462 1163 
1669911280 1338 1392 325 1161 
1669911282 1359 1536 404 1150 
1669911284 1328 1392 472 1165 
1669911286 1324 1414 450 1176 
1669911288 1255 1365 451 1067 
1669911290 1249 1391 451 1173 
1669911292 1337 1385 375 1157 
1669911294 1343 1534 407 1167 
1669911296 1346 1557 453 1156 
1669911298 1344 1466 457 1143 
1669911300 1318 1536 485 1173 
1669911302 1351 1374 405 1150 
1669911304 1340 1327 429 1156 
1669911306 1331 1539 446 1075 
1669911308 1320 1487 446 1173 
1669911310 1310 1547 465 1093 
1669911312 1329 1369 467 1163 
1669911314 1329 1552 457 1161 
1669911316 1346 1563 460 1172 
1669911318 1323 1568 497 1089 
1669911320 1652 1704 884 1580 
1669911322 2953 2300 1274 2080 
1669911324 1319 1663 476 1604 
1669911326 1532 1412 567 1123 
1669911328 1348 1600 594 1234 
1669911330 1323 1553 418 1090 
1669911332 1238 1463 471 1124 
1669911334 1146 1469 465 1190 
1669911336 1562 1634 652 1248 
1669911338 1204 1388 440 1182 
1669911340 1211 1578 361 1202 
1669911342 1317 1418 321 1077 
1669911344 1095 1370 298 1191 
1669911346 1247 1477 612 1291 
1669911348 1003 1529 416 1135 
1669911350 1431 1432 485 1144 
1669911352 1824 1680 429 1155 
1669911354 1364 1558 469 1176 
1669911356 1299 1518 387 1132 
1669911358 1205 1544 451 1123 
1669911360 1218 1312 440 1131 
1669911362 1333 1556 385 1073 
1669911364 1248 1549 444 1079 
1669911366 1331 1462 433 1039 
1669911368 1219 1390 470 1186 
1669911370 1282 1528 364 1042 
1669911372 1403 1384 451 1175 
1669911374 1290 1413 459 1167 
1669911376 1272 1455 380 1182 
1669911378 1319 1388 491 1167 
1669911380 1408 1592 424 1111 
1669911382 1282 1392 468 1194 
1669911384 1359 1567 476 1185 
1669911386 1369 1406 469 1171 
1669911388 1204 1368 320 1038 
1669911390 1197 1425 433 1045 
1669911392 1358 1542 465 1135 
1669911394 1363 1580 465 1189 
1669911396 1294 1436 493 1187 
1669911398 1427 1569 424 1159 
1669911400 1329 1417 492 1234 
1669911402 1364 1351 496 1231 
1669911404 1414 1550 473 1169 
1669911406 1395 1421 517 1219 
1669911408 1164 1350 381 1127 
1669911410 1333 1500 418 1121 
1669911412 1473 1468 592 1165 
1669911414 1360 1558 473 1066 
1669911416 1406 1497 420 1106 
1669911418 1378 1587 411 1180 
1669911420 1335 1374 480 1007 
1669911422 1468 1433 502 1107 
1669911424 1378 1556 395 1160 
1669911426 1345 1536 463 1156 
1669911428 1415 1580 420 1201 
1669911430 1386 1399 443 1122 
1669911432 1404 1364 456 1083 
1669911434 1363 1537 471 1154 
1669911436 1494 1400 501 1261 
1669911438 1293 1482 424 1118 
1669911440 1355 1401 470 1064 
1669911442 1380 1403 460 1198 
1669911444 1329 1411 461 1148 
1669911446 1320 1499 448 1095 
1669911448 1401 1581 492 1184 
1669911450 1339 1464 461 1117 
1669911452 1413 1353 456 1086 
1669911454 1305 1468 466 1086 
1669911456 1371 1468 488 1192 
1669911458 1392 1495 476 1205 
1669911460 1298 1522 459 1141 
1669911462 1407 1551 403 1114 
1669911464 1380 1466 401 1201 
1669911466 1420 1523 370 1074 
1669911468 1236 1536 480 1183 
1669911470 1404 1514 403 1003 
1669911472 1437 1582 467 1161 
1669911474 1386 1571 446 1180 
1669911476 1472 1335 443 1134 
1669911478 1441 1386 469 1167 
1669911480 1341 1534 481 1086 
1669911482 1389 1422 395 1160 
1669911484 1436 1484 464 1146 
1669911486 1328 1539 418 1076 
1669911488 1398 1511 534 1169 
1669911490 1375 1449 434 1056 
1669911492 1313 1289 474 1187 
1669911494 1438 1421 463 1179 
1669911496 1244 1444 468 1156 
1669911498 1365 1407 448 1029 
1669911500 1359 1565 479 1163 
1669911502 1312 1308 442 1186 
1669911504 1345 1435 405 1040 
1669911506 1384 1586 529 1218 
1669911508 1382 1565 507 1207 
1669911510 1328 1563 454 1178 
1669911512 1411 1355 491 1160 
1669911514 1407 1390 450 1169 
1669911516 1452 1575 437 1201 
1669911518 1401 1540 389 1084 
1669911520 1404 1584 488 1140 
1669911522 1425 1543 451 1172 
1669911524 1409 1556 405 1161 
1669911526 1395 1543 412 1174 
1669911528 1363 1547 478 1201 
1669911530 1378 1524 463 1114 
1669911532 1448 1565 392 1016 
1669911534 1380 1421 536 1197 
1669911536 1305 1576 502 1135 
1669911538 1324 1560 452 1187 
1669911540 1419 1560 444 1074 
1669911542 1440 1643 588 1318 
1669911544 1274 1398 402 1094 
1669911546 1413 1419 469 1169 
1669911548 1418 1558 477 1160 
1669911550 1501 1544 467 1299 
1669911552 1473 1627 512 1308 
1669911554 1323 1299 436 1089 
1669911556 1370 1561 454 1174 
1669911558 1300 1384 474 1059 
1669911560 1383 1554 458 1161 
1669911562 1457 1411 460 1144 
1669911564 1412 1545 467 1253 
1669911566 1366 1467 462 1068 
1669911568 1348 1402 403 1164 
1669911570 1448 1356 475 1182 
1669911572 1401 1550 481 1119 
1669911574 1386 1386 461 1077 
1669911576 1408 1540 439 1096 
1669911578 1273 1552 313 1062 
1669911580 1396 1432 488 1123 
1669911582 1374 1567 451 1168 
1669911584 1415 1335 455 1103 
1669911586 1429 1396 473 1118 
1669911588 1424 1550 463 1173 
1669911590 1447 1416 386 1162 
1669911592 1411 1542 452 1073 
1669911594 1398 1570 420 1196 
1669911596 1425 1562 403 1185 
1669911598 1436 1438 391 1187 
1669911600 1283 1382 388 1000 
1669911602 1403 1592 465 1167 
1669911604 1423 1512 382 1165 
1669911606 1371 1557 468 1197 
1669911608 1389 1575 467 1163 
1669911610 1406 1440 335 1128 
1669911612 1434 1518 452 1192 
1669911614 1426 1393 452 1059 
1669911616 1393 1421 466 1207 
1669911618 1301 1530 466 1165 
1669911620 1460 1580 490 1091 
1669911622 1426 1572 396 1101 
1669911624 1381 1379 468 1087 
1669911626 1395 1584 484 1213 
1669911628 1315 1534 366 1036 
1669911630 1327 1522 444 1081 
1669911632 1420 1574 467 1173 
1669911634 1345 1530 447 1143 
1669911636 1322 1567 397 1134 
1669911638 1379 1473 433 1149 
1669911640 1405 1377 392 1147 
1669911642 1384 1578 461 1187 
1669911644 1386 1247 430 1163 
1669911646 1339 1516 483 1167 
1669911648 1331 1564 470 1168 
1669911650 3103 2437 1067 2420 
1669911652 1449 1386 981 1383 
1669911654 1386 1319 428 961 
1669911656 1430 1497 401 1094 
1669911658 1443 1505 369 1098 
1669911660 1502 1360 425 1249 
1669911662 1411 1533 389 1041 
1669911664 1437 1387 462 1172 
1669911666 1494 1659 562 1305 
1669911668 1430 1429 477 1184 
1669911670 1308 1381 461 1140 
1669911672 1396 1555 412 1170 
1669911674 1412 1566 456 1014 
1669911676 1360 1301 449 1044 
1669911678 1385 1529 439 1153 
1669911680 1407 1412 457 1180 
1669911682 1383 1385 464 1103 
1669911684 1384 1537 457 1158 
1669911686 1382 1303 384 1148 
1669911688 1315 1512 390 1154 
1669911690 1311 1522 468 1159 
1669911692 1411 1549 479 1207 
1669911694 1402 1426 451 1152 
1669911696 1385 1550 387 1153 
1669911698 1384 1578 485 1099 
1669911700 1399 1541 446 1196 
1669911702 1417 1563 456 1018 
1669911704 1388 1323 454 1159 
1669911706 1408 1487 429 1140 
1669911708 1410 1488 454 1092 
1669911710 1394 1327 429 1158 
1669911712 1414 1398 470 1106 
1669911714 1411 1411 438 1172 
1669911716 1409 1400 467 1181 
1669911718 1387 1384 467 1156 
1669911720 1421 1545 390 1092 
1669911722 1414 1570 452 1170 
1669911724 1404 1416 394 1188 
1669911726 1396 1583 405 1155 
1669911728 1388 1301 442 1140 
1669911730 1390 1465 487 1111 
1669911732 1443 1601 498 1214 
1669911734 1382 1534 465 1141 
1669911736 1396 1327 443 1173 
1669911738 1424 1398 467 1157 
1669911740 1388 1570 461 1182 
1669911742 1438 1493 391 1087 
1669911744 1405 1574 461 1176 
1669911746 1412 1334 476 1195 
1669911748 1392 1565 460 1111 
1669911750 1392 1487 387 1096 
1669911752 1406 1466 465 1179 
1669911754 1420 1565 476 1172 
1669911756 1430 1552 405 1183 
1669911758 1418 1399 389 1159 
1669911760 1421 1396 396 1018 
1669911762 1399 1579 401 1179 
1669911764 1403 1567 462 1171 
1669911766 1425 1584 415 1190 
1669911768 1329 1561 327 1178 
1669911770 1444 1465 509 1283 
1669911772 1374 1407 428 1084 
1669911774 1416 1434 463 1093 
1669911776 1431 1350 545 1191 
1669911778 1391 1572 400 1099 
1669911780 1397 1557 394 1191 
1669911782 1393 1543 390 1166 
1669911784 1326 1387 465 1175 
1669911786 1390 1455 432 1085 
1669911788 1411 1565 444 1154 
1669911790 1397 1401 433 1121 
1669911792 1427 1483 462 1184 
1669911794 1401 1550 447 1171 
1669911796 1436 1583 470 1092 
1669911798 1420 1583 385 1176 
1669911800 1431 1546 495 1193 
1669911802 1397 1311 427 1129 
1669911804 1421 1580 512 1191 
1669911806 1392 1476 453 1156 
1669911808 1404 1407 456 1173 
1669911810 1427 1386 314 1173 
1669911812 1406 1481 443 1090 
1669911814 1395 1394 388 1159 
1669911816 1420 1342 456 1161 
1669911818 1398 1416 458 1207 
1669911820 1415 1552 447 1095 
1669911822 1432 1391 469 1178 
1669911824 1409 1389 438 1175 
1669911826 1435 1541 464 1194 
1669911828 1419 1559 458 1195 
1669911830 1398 1324 384 1094 
1669911832 1417 1558 460 1184 
1669911834 1395 1319 457 1161 
1669911836 1430 1580 473 1208 
1669911838 1395 1536 474 1172 
1669911840 1432 1575 473 1020 
1669911842 1414 1496 460 1065 
1669911844 1410 1570 416 1169 
1669911846 1387 1409 441 1170 
1669911848 1346 1433 467 1225 
1669911850 1388 1555 472 1078 
1669911852 1400 1545 399 1129 
1669911854 1402 1402 477 1194 
1669911856 1409 1576 470 1199 
1669911858 1412 1556 486 1109 
1669911860 1424 1442 483 1108 
1669911862 1432 1494 485 1159 
1669911864 1402 1323 451 1080 
1669911866 1428 1581 468 1117 
1669911868 1426 1323 468 1063 
1669911870 1424 1563 441 1184 
1669911872 1435 1471 430 1158 
1669911874 1425 1467 446 1166 
1669911876 1430 1534 481 1155 
1669911878 1402 1426 472 1203 
1669911880 1401 1566 473 1187 
1669911882 1427 1397 450 1192 
1669911884 1326 1472 438 1166 
1669911886 1424 1533 389 1160 
1669911888 1391 1378 445 1100 
1669911890 1414 1566 394 1163 
1669911892 1432 1394 458 1183 
1669911894 1391 1394 444 1184 
1669911896 1394 1462 443 1097 
1669911898 1330 1560 457 1153 
1669911900 1412 1573 455 1175 
1669911902 1417 1552 388 1152 
1669911904 1420 1479 459 1085 
1669911906 1435 1532 464 1179 
1669911908 1426 1435 463 1191 
1669911910 1329 1546 471 1178 
1669911912 1425 1422 459 1109 
1669911914 1425 1413 468 1204 
1669911916 1397 1481 377 1142 
1669911918 1410 1426 474 1113 
1669911920 1402 1400 456 1083 
1669911922 1422 1313 432 1191 
1669911924 1418 1327 305 1162 
1669911926 1398 1328 365 1170 
1669911928 1408 1575 467 1122 
1669911930 1398 1244 457 1152 
1669911932 1428 1543 447 1199 
1669911934 1399 1551 411 1181 
1669911936 1396 1490 383 1154 
1669911938 1422 1567 380 1160 
1669911940 1402 1487 453 1175 
1669911942 1434 1588 415 1167 
1669911944 1413 1382 447 1157 
1669911946 1421 1558 397 1133 
1669911948 1395 1415 388 1160 
1669911950 1418 1576 472 1174 
1669911952 1411 1560 395 1069 
1669911954 1392 1572 387 1078 
1669911956 1434 1401 447 1148 
1669911958 1420 1426 391 1073 
1669911960 1405 1549 383 1159 
1669911962 1405 1247 427 1146 
1669911964 1385 1395 466 1172 
1669911966 1420 1549 388 1089 
1669911968 1402 1545 460 1193 
1669911970 1418 1556 477 1173 
1669911972 1431 1550 493 1187 
1669911974 1405 1396 474 1179 
1669911976 1418 1560 457 1178 
1669911978 1414 1588 486 1187 
1669911980 1418 1505 381 1183 
1669911982 1425 1538 406 1195 
1669911984 1411 1397 397 1188 
1669911986 1425 1532 482 1210 
1669911988 1396 1548 473 1168 
1669911990 1431 1406 480 1193 
1669911992 1402 1399 470 1214 
1669911994 1428 1500 476 1195 
1669911996 1426 1563 459 1106 
1669911998 1416 1488 398 1077 
1669912000 1437 1333 447 1155 
1669912002 1414 1340 396 1084 
1669912004 1428 1417 451 1102 
1669912006 1410 1413 455 1172 
1669912008 1411 1388 394 1062 
1669912010 1431 1484 391 1144 
1669912012 1421 1551 438 1171 
1669912014 1426 1572 395 1150 
1669912016 1398 1587 455 1184 
1669912018 1425 1556 378 1093 
1669912020 1407 1414 468 1072 
1669912022 1399 1543 472 1180 
1669912024 1432 1576 461 1080 
1669912026 1333 1555 443 1169 
1669912028 1325 1538 462 1192 
1669912030 1402 1564 324 1168 
1669912032 1393 1563 466 1161 
1669912034 1391 1537 462 1204 
1669912036 1394 1551 447 1189 
1669912038 1423 1544 473 1187 
1669912040 1405 1372 481 1183 
1669912042 1397 1550 459 1155 
1669912044 1327 1369 457 1182 
1669912046 1410 1396 477 1177 
1669912048 1408 1394 485 1200 
1669912050 1417 1550 460 1096 
1669912052 1428 1549 396 1187 
1669912054 1329 1380 396 1180 
1669912056 1402 1580 411 1092 
1669912058 1330 1570 464 1199 
1669912060 1387 1575 483 1175 
1669912062 1424 1420 410 1206 
1669912064 1413 1573 464 1175 
1669912066 1429 1554 483 1167 
1669912068 1426 1431 401 1184 
1669912070 1423 1556 383 1173 
1669912072 1413 1571 486 1205 
1669912074 1437 1575 461 1097 
1669912076 1431 1566 411 1102 
1669912078 1445 1397 476 1170 
1669912080 1403 1550 459 1181 
1669912082 1402 1548 479 1119 
1669912084 1331 1556 464 1097 
1669912086 1389 1565 444 1160 
1669912088 1422 1559 471 1193 
1669912090 1401 1474 450 1182 
1669912092 1420 1544 387 1106 
1669912094 1426 1390 390 1162 
1669912096 1422 1526 484 1020 
1669912098 1412 1581 464 1177 
1669912100 1400 1552 471 1154 
1669912102 1423 1539 456 1214 
1669912104 1396 1309 436 1179 
1669912106 1326 1449 455 1183 
1669912108 1419 1386 405 1189 
1669912110 1407 1395 470 1107 
1669912112 1431 1564 334 1199 
1669912114 1391 1319 441 1150 
1669912116 1427 1415 464 1111 
1669912118 1404 1584 466 1017 
1669912120 1402 1418 456 1170 
1669912122 1400 1578 483 1173 
1669912124 1432 1576 484 1178 
1669912126 1393 1387 443 1179 
1669912128 1427 1422 470 1194 
1669912130 1329 1363 470 1159 
1669912132 1388 1484 450 1170 
1669912134 1405 1561 472 1176 
1669912136 1423 1569 467 1177 
1669912138 1329 1302 357 1156 
1669912140 1395 1378 458 1069 
1669912142 1407 1403 461 1188 
1669912144 1433 1585 474 1208 
1669912146 1430 1560 469 1156 
1669912148 1436 1573 451 1180 
1669912150 1395 1390 460 1198 
1669912152 1398 1418 396 1189 
1669912154 1424 1583 459 1168 
1669912156 1417 1412 485 1181 
1669912158 1417 1480 474 1176 
1669912160 1415 1323 471 1177 
1669912162 1427 1568 406 1198 
1669912164 1398 1477 452 1092 
1669912166 1429 1408 472 1184 
1669912168 1424 1555 469 1165 
1669912170 1427 1416 479 1170 
1669912172 1331 1381 467 1154 
1669912174 1408 1491 448 1199 
1669912176 1428 1315 431 1174 
1669912178 1438 1576 392 1105 
1669912180 1427 1407 447 1189 
1669912182 1413 1556 469 1181 
1669912184 1336 1559 455 1164 
1669912186 1409 1567 451 1192 
1669912188 1392 1393 446 1117 
1669912190 1424 1546 445 1162 
1669912192 1410 1392 395 1187 
1669912194 1429 1403 437 1161 
1669912196 1414 1401 466 1113 
1669912198 1421 1417 445 1091 
1669912200 1430 1597 465 1184 
1669912202 1431 1571 476 1177 
1669912204 1430 1421 390 1080 
1669912206 1435 1542 481 1194 
1669912208 1333 1384 470 1183 
1669912210 1389 1577 481 1166 
1669912212 1330 1574 457 1166 
1669912214 1425 1548 464 1173 
1669912216 1407 1326 463 1068 
1669912218 1430 1573 460 1165 
1669912220 1398 1558 498 1208 
1669912222 1404 1459 462 1197 
1669912224 1426 1560 411 1187 
1669912226 1427 1385 481 1182 
1669912228 1406 1546 481 1187 
1669912230 1431 1416 402 1163 
1669912232 1327 1391 393 998 
1669912234 1430 1553 641 1233 
1669912236 1375 1417 497 1110 
1669912238 1404 1326 464 1193 
1669912240 1378 1230 444 1175 
1669912242 1455 1594 544 1272 
1669912244 1413 1578 481 1184 
1669912246 1310 1399 396 1173 
1669912248 1407 1378 470 1187 
1669912250 1411 1539 461 1174 
1669912252 1406 1473 480 1157 
1669912254 1388 1573 479 1161 
1669912256 1423 1479 376 1174 
1669912258 1427 1574 478 1233 
1669912260 1399 1554 474 1194 
1669912262 1396 1403 385 1166 
1669912264 1397 1556 329 1092 
1669912266 1403 1581 475 1211 
1669912268 1423 1554 480 1090 
1669912270 1408 1415 477 1159 
1669912272 1441 1435 471 1203 
1669912274 1427 1390 410 1097 
1669912276 1426 1339 438 1210 
1669912278 1391 1402 473 1081 
1669912280 1397 1553 468 1086 
1669912282 1399 1479 437 1154 
1669912284 1423 1552 399 1104 
1669912286 1399 1481 436 1111 
1669912288 1401 1396 378 1094 
1669912290 1423 1566 468 1165 
1669912292 1386 1333 454 1174 
1669912294 1420 1583 455 1182 
1669912296 1402 1466 450 1167 
1669912298 1399 1552 486 1207 
1669912300 1397 1566 483 1158 
1669912302 1438 1429 474 1186 
1669912304 1404 1496 329 1155 
1669912306 1404 1567 407 1155 
1669912308 1417 1593 455 1188 
1669912310 1397 1406 485 1159 
1669912312 1433 1571 452 1186 
1669912314 1395 1531 448 1069 
1669912316 1391 1560 414 1189 
1669912318 1405 1537 392 1160 
1669912320 1425 1549 449 1158 
1669912322 1396 1485 467 1085 
1669912324 1422 1396 490 1208 
1669912326 1396 1582 412 1166 
1669912328 1433 1490 482 1173 
1669912330 1431 1551 391 1157 
1669912332 1411 1312 384 1159 
1669912334 1420 1471 385 1088 
1669912336 1422 1488 480 1116 
1669912338 1422 1485 474 1207 
1669912340 1399 1542 398 1193 
1669912342 1412 1467 451 1176 
1669912344 1406 1420 481 1192 
1669912346 1388 1536 400 1077 
1669912348 1394 1563 454 1192 
1669912350 1400 1541 471 1159 
1669912352 1401 1556 484 1107 
1669912354 1410 1571 470 1200 
1669912356 1444 1335 496 1042 
1669912358 1435 1349 394 1091 
1669912360 1409 1552 415 1098 
1669912362 1411 1553 487 1187 
1669912364 1401 1399 476 1112 
1669912366 1398 1471 484 1174 
1669912368 1412 1483 457 1173 
1669912370 1432 1581 411 1156 
1669912372 1444 1563 461 1188 
1669912374 1422 1584 410 1164 
1669912376 1411 1554 466 1194 
1669912378 1399 1532 455 1157 
1669912380 1422 1548 480 1169 
1669912382 1424 1408 398 1184 
1669912384 1389 1557 477 1162 
1669912386 1421 1534 469 1183 
1669912388 1427 1575 469 1165 
1669912390 1404 1303 444 1164 
1669912392 1426 1555 467 1100 
1669912394 1407 1560 471 1160 
1669912396 1326 1374 474 1086 
1669912398 1409 1322 444 1154 
1669912400 1399 1563 389 1159 
1669912402 1398 1325 447 1175 
1669912404 1406 1329 470 1181 
1669912406 1401 1411 460 1189 
1669912408 1392 1572 478 1202 
1669912410 1324 1478 466 1186 
1669912412 1396 1472 471 1192 
1669912414 1425 1413 464 1183 
1669912416 1400 1546 408 1185 
1669912418 1437 1563 460 1192 
1669912420 1398 1315 463 1171 
1669912422 1421 1486 469 1164 
1669912424 1406 1565 343 1150 
1669912426 1394 1395 449 1082 
1669912428 1410 1569 452 1192 
1669912430 1397 1554 483 1176 
1669912432 1430 1567 445 1187 
1669912434 1321 1379 375 1164 
1669912436 1410 1489 441 1078 
1669912438 1425 1403 474 1168 
1669912440 1394 1397 445 1085 
1669912442 1393 1375 442 1187 
1669912444 1426 1572 486 1201 
1669912446 1401 1383 448 1074 
1669912448 1388 1479 455 1154 
1669912450 1397 1540 400 1185 
1669912452 1399 1420 332 1195 
1669912454 1402 1558 471 1173 
1669912456 1425 1538 458 1021 
1669912458 1420 1494 453 1180 
1669912460 1410 1580 469 1191 
1669912462 1397 1415 474 1183 
1669912464 1415 1548 399 1172 
1669912466 1407 1403 457 1188 
1669912468 1362 1572 425 1207 
1669912470 1388 1484 472 1096 
1669912472 1413 1328 375 1099 
1669912474 1427 1382 402 1093 
1669912476 1425 1551 389 1169 
1669912478 1411 1548 399 1084 
1669912480 1389 1542 386 1157 
1669912482 1399 1565 467 1200 
1669912484 1399 1553 464 1157 
1669912486 1394 1489 454 1175 
1669912488 1328 1373 463 1166 
1669912490 1429 1565 469 1108 
1669912492 1490 1517 565 1306 
1669912494 1305 1527 464 1118 
1669912496 1383 1406 490 1101 
1669912498 1425 1573 463 1184 
1669912500 1426 1585 465 1185 
1669912502 1408 1459 442 1179 
1669912504 1398 1424 468 1099 
1669912506 1430 1397 383 1177 
1669912508 1394 1402 468 1183 
1669912510 1411 1408 400 1180 
1669912512 1395 1395 463 1006 
1669912514 1326 1538 378 1178 
1669912516 1324 1456 458 1176 
1669912518 1416 1561 462 1080 
1669912520 1322 1293 443 1159 
1669912522 1388 1325 374 1084 
1669912524 1420 1428 461 1190 
1669912526 1398 1394 457 1172 
1669912528 1430 1557 395 1177 
1669912530 1425 1550 403 1082 
1669912532 1426 1316 374 1160 
1669912534 1413 1529 455 1165 
1669912536 1399 1564 489 1097 
1669912538 1426 1548 469 1154 
1669912540 1437 1566 412 1107 
1669912542 1428 1488 484 1019 
1669912544 1443 1394 493 1171 
1669912546 1419 1564 491 1117 
1669912548 1409 1403 485 1196 
1669912550 1427 1380 477 1196 
1669912552 1335 1532 408 1155 
1669912554 1431 1537 465 1159 
1669912556 1421 1562 410 1075 
1669912558 1397 1411 436 1127 
1669912560 1372 1617 475 1250 
1669912562 1407 1557 384 1173 
1669912564 1416 1575 490 1178 
1669912566 1422 1394 459 1185 
1669912568 1434 1577 401 1162 
1669912570 1427 1554 456 1071 
1669912572 1424 1304 475 1154 
1669912574 1455 1406 464 1260 
1669912576 1388 1363 445 1096 
1669912578 1428 1408 480 1206 
1669912580 1425 1555 457 1105 
1669912582 1399 1539 468 1183 
1669912584 1430 1491 472 1166 
1669912586 1409 1402 479 1175 
1669912588 1328 1398 381 1173 
1669912590 1456 1441 418 1105 
1669912592 1396 1539 457 1137 
1669912594 1428 1403 458 1104 
1669912596 1393 1363 367 1130 
1669912598 1412 1573 375 1182 
1669912600 1402 1562 461 1162 
1669912602 1421 1537 459 1193 
1669912604 1440 1303 437 1100 
1669912606 1404 1382 491 1165 
1669912608 1403 1540 326 1179 
1669912610 1410 1405 469 1195 
1669912612 1426 1488 453 1181 
1669912614 1420 1551 391 1074 
1669912616 1421 1400 479 1189 
1669912618 1395 1542 387 1171 
1669912620 1433 1591 427 1214 
1669912622 1458 1614 533 1236 
1669912624 1393 1509 452 1144 
1669912626 1417 1386 469 1128 
1669912628 1363 1552 492 1190 
1669912630 1316 1413 530 1244 
1669912632 1388 1340 462 1242 
1669912634 1453 1597 547 1281 
1669912636 1441 1533 555 1247 
1669912638 1450 1463 570 1176 
1669912640 1484 1450 467 1171 
1669912642 1381 1417 500 1085 
1669912644 1367 1545 465 1149 
1669912646 1418 1495 446 1106 
1669912648 1433 1526 365 1121 
1669912650 1411 1380 293 1047 
1669912652 1375 1509 410 1121 
1669912654 1410 1373 368 1151 
1669912656 1384 1522 443 1131 
1669912658 1378 1552 449 1155 
1669912660 1366 1542 451 1141 
1669912662 1390 1528 371 1143 
1669912664 1373 1296 358 961 
1669912666 1382 1547 419 1138 
1669912668 1374 1547 429 1139 
1669912670 1396 1545 427 1128 
1669912672 1300 1288 325 1033 
1669912674 1384 1539 418 1164 
1669912676 1393 1519 430 1075 
1669912678 1303 1279 414 1159 
1669912680 1361 1452 414 1154 
1669912682 1367 1514 370 1194 
1669912684 1374 1437 424 1094 
1669912686 1385 1379 426 1187 
1669912688 1383 1529 389 1176 
1669912690 1398 1534 460 1224 
1669912692 1403 1536 391 1140 
1669912694 1303 1520 489 1143 
1669912696 1369 1362 464 1141 
1669912698 1382 1392 505 1236 
1669912700 1371 1555 504 1139 
1669912702 1400 1493 511 1237 
1669912704 1384 1489 536 1270 
1669912706 1408 1420 562 1199 
1669912708 1431 1582 567 1272 
1669912710 1449 1615 507 1240 
1669912712 1439 1540 571 1168 
1669912714 1434 1601 545 1267 
1669912716 1470 1645 576 1278 
1669912718 1460 1448 573 1213 
1669912720 1487 1542 558 1139 
1669912722 1489 1461 533 1137 
1669912724 1487 1617 527 1201 
1669912726 1476 1605 529 1197 
1669912728 1488 1441 523 1166 
1669912730 1462 1592 456 1098 
1669912732 1449 1589 494 1189 
1669912734 1379 1500 503 1072 
1669912736 1473 1434 513 1179 
1669912738 1384 1581 517 1196 
1669912740 1456 1515 525 1014 
1669912742 1485 1580 374 1167 
1669912744 1455 1604 519 1188 
1669912746 1476 1588 497 1153 
1669912748 1468 1523 423 1159 
1669912750 1443 1499 479 1149 
1669912752 1450 1586 475 1099 
1669912754 1438 1568 457 1147 
1669912756 1437 1498 462 1123 
1669912758 1443 1483 377 1108 
1669912760 1462 1388 462 1141 
1669912762 1444 1479 444 1146 
1669912764 1417 1400 438 1148 
1669912766 1404 1471 402 1030 
1669912768 1430 1375 345 1130 
1669912770 1410 1401 435 1130 
1669912772 1375 1367 353 1054 
1669912774 1389 1381 423 1138 
1669912776 1380 1452 410 1116 
1669912778 1418 1379 427 1170 
1669912780 1309 1372 436 1067 
1669912782 1392 1534 367 1048 
1669912784 1393 1451 419 1047 
1669912786 1414 1402 368 1146 
1669912788 1418 1392 345 1131 
1669912790 1396 1383 429 1135 
1669912792 1390 1371 432 1133 
1669912794 1387 1518 368 1047 
1669912796 1434 1476 360 1057 
1669912798 1335 1360 439 1110 
1669912800 1415 1366 447 1113 
1669912802 1420 1562 377 1141 
1669912804 1440 1484 379 1123 
1669912806 1456 1576 475 1158 
1669912808 1465 1578 494 1058 
1669912810 1382 1353 469 1151 
1669912812 1476 1455 440 1181 
1669912814 1471 1622 546 1212 
1669912816 1481 1375 542 1135 
1669912818 1467 1527 535 1233 
1669912820 1458 1525 536 1068 
1669912822 1477 1610 501 1230 
1669912824 1475 1613 553 1166 
1669912826 1468 1537 552 1259 
1669912828 1471 1473 587 1285 
1669912830 1457 1606 568 1279 
1669912832 1451 1599 576 1285 
1669912834 1433 1367 486 1240 
1669912836 1464 1619 580 1187 
1669912838 1441 1385 563 1192 
1669912840 1365 1436 575 1234 
1669912842 1350 1614 483 1154 
1669912844 1360 1468 508 1173 
1669912846 1412 1455 540 1190 
1669912848 1393 1503 528 1262 
1669912850 1305 1391 499 1240 
1669912852 1370 1307 455 1216 
1669912854 1408 1349 348 1082 
1669912856 1417 1520 356 1137 
1669912858 1398 1539 432 1167 
1669912860 1370 1366 430 1147 
1669912862 1368 1376 342 1119 
1669912864 1308 1530 363 1037 
1669912866 1404 1535 433 1145 
1669912868 1435 1558 383 1121 
1669912870 1469 1583 418 1082 
1669912872 1501 1619 551 1142 
1669912874 1378 1507 541 1204 
1669912876 1432 1435 589 1243 
1669912878 1446 1531 490 1183 
1669912880 1385 1575 555 1242 
1669912882 1304 1463 474 1250 
1669912884 1384 1298 380 1220 
1669912886 1400 1534 434 1190 
1669912888 1412 1525 411 1138 
1669912890 1307 1435 385 1027 
1669912892 1390 1551 428 1153 
1669912894 1394 1431 396 1116 
1669912896 1388 1505 426 1039 
1669912898 1392 1359 409 1145 
1669912900 1438 1570 381 1077 
1669912902 1440 1441 437 1136 
1669912904 1472 1624 503 1076 
1669912906 1488 1626 559 1221 
1669912908 1496 1608 579 1238 
1669912910 1368 1372 504 1149 
1669912912 1446 1616 569 1270 
1669912914 1411 1421 526 1190 
1669912916 1394 1314 397 1183 
1669912918 1389 1501 433 1152 
1669912920 1413 1374 438 1127 
1669912922 1397 1223 346 1031 
1669912924 1401 1386 363 1113 
1669912926 1397 1391 435 1059 
1669912928 1366 1544 446 1033 
1669912930 1386 1526 367 1118 
1669912932 1417 1541 364 1110 
1669912934 1452 1562 473 1125 
1669912936 1455 1591 509 1183 
1669912938 1493 1453 567 1155 
1669912940 1375 1590 509 1242 
1669912942 1444 1435 550 1262 
1669912944 1393 1591 520 1195 
1669912946 1301 1309 475 1222 
1669912948 1388 1417 442 1189 
1669912950 1371 1502 432 1149 
1669912952 1306 1508 443 1049 
1669912954 1397 1387 370 1132 
1669912956 1371 1358 359 1042 
1669912958 1386 1545 447 1061 
1669912960 1397 1518 422 1151 
1669912962 1390 1547 409 1150 
1669912964 1394 1539 428 1150 
1669912966 1315 1445 345 1111 
1669912968 1421 1525 430 1155 
1669912970 1464 1566 475 1150 
1669912972 1472 1620 445 1136 
1669912974 1497 1615 544 1183 
1669912976 1383 1449 543 1123 
1669912978 1462 1636 600 1182 
1669912980 1449 1489 509 1237 
1669912982 1421 1424 570 1169 
1669912984 1381 1536 527 1250 
1669912986 1387 1519 476 1239 
1669912988 1368 1295 350 1160 
1669912990 1396 1285 400 1130 
1669912992 1371 1536 430 1063 
1669912994 1378 1375 424 1125 
1669912996 1401 1376 357 1144 
1669912998 1393 1541 445 1040 
1669913000 1366 1460 336 1126 
1669913002 1387 1516 430 1165 
1669913004 1397 1538 417 1126 
1669913006 1406 1376 352 1117 
1669913008 1387 1534 344 1024 
1669913010 1431 1555 353 1093 
1669913012 1448 1421 428 1121 
1669913014 1463 1576 395 1050 
1669913016 1480 1582 487 1161 
1669913018 1482 1636 466 1186 
1669913020 1486 1631 478 1131 
1669913022 1477 1610 587 1233 
1669913024 1454 1302 564 1163 
1669913026 1431 1593 576 1285 
1669913028 1430 1578 511 1270 
1669913030 1410 1578 561 1273 
1669913032 1395 1567 445 1223 
1669913034 1365 1375 481 1208 
1669913036 1390 1372 416 1101 
1669913038 1376 1356 415 1139 
1669913040 1399 1333 356 1149 
1669913042 1301 1484 410 1149 
1669913044 1296 1412 269 1017 
1669913046 1367 1520 356 1047 
1669913048 1395 1374 360 1120 
1669913050 1389 1381 396 1058 
1669913052 1374 1358 434 1161 
1669913054 1400 1519 431 1157 
1669913056 1411 1529 432 1164 
1669913058 1417 1355 412 972 
1669913060 1418 1562 352 1039 
1669913062 1362 1582 312 1032 
1669913064 1443 1576 474 1146 
1669913066 1493 1612 545 1179 
1669913068 1458 1522 448 1174 
1669913070 1483 1611 560 1049 
1669913072 1456 1556 498 1116 
1669913074 1478 1620 514 1171 
1669913076 1454 1391 563 1262 
1669913078 1436 1611 568 1189 
1669913080 1403 1516 574 1184 
1669913082 1426 1430 495 1271 
1669913084 1312 1459 518 1239 
1669913086 1363 1462 514 1245 
1669913088 1375 1514 348 1109 
1669913090 1389 1521 437 1220 
1669913092 1374 1541 438 1181 
1669913094 1367 1379 403 1070 
1669913096 1401 1548 448 1157 
1669913098 1403 1460 410 1140 
1669913100 1373 1498 341 1050 
1669913102 1396 1528 423 1015 
1669913104 1391 1463 281 1101 
1669913106 1395 1507 401 1168 
1669913108 1391 1379 452 1069 
1669913110 1344 1336 254 1043 
1669913112 1413 1352 434 1131 
1669913114 1410 1278 346 1102 
1669913116 1353 1325 421 1017 
1669913118 1413 1597 477 1244 
1669913120 1452 1487 452 1021 
1669913122 1509 1510 425 1113 
1669913124 1647 1713 677 1480 
1669913126 1400 1460 357 1153 
1669913128 1446 1574 466 1095 
1669913130 1455 1474 377 1081 
1669913132 1449 1491 467 1065 
1669913134 1433 1596 505 1189 
1669913136 1460 1436 434 1193 
1669913138 1452 1543 528 1153 
1669913140 1363 1575 528 1123 
1669913142 1450 1594 542 1180 
1669913144 1427 1586 538 1242 
1669913146 1409 1385 491 1210 
1669913148 1404 1567 463 1219 
1669913150 1415 1525 433 1176 
1669913152 1312 1451 401 1128 
1669913154 1372 1460 362 1127 
1669913156 1424 1538 461 1172 
1669913158 1387 1536 440 1088 
1669913160 1379 1554 430 1063 
1669913162 1389 1348 442 1168 
1669913164 1413 1527 416 1053 
1669913166 1404 1526 380 1070 
1669913168 1395 1516 358 967 
1669913170 1423 1561 405 1137 
1669913172 1439 1469 407 1082 
1669913174 1261 1336 311 677 
1669913176 1171 1916 1885 2356 
1669913178 1446 1771 980 1802 
1669913180 2758 2350 1993 2376 
1669913182 1731 1451 1038 1386 
1669913184 1940 1640 747 1421 
1669913186 1523 1180 758 1161 
1669913188 821 639 356 687 
1669913190 1228 1143 622 1257 
1669913192 1170 1555 550 1272 
1669913194 1341 1562 414 1162 
1669913196 1026 1438 509 1124 
1669913198 2995 2596 1560 2244 
1669913200 598 348 305 628 
1669913202 1100 1336 526 1341 
1669913204 1318 1740 549 1391 
1669913206 1615 1681 878 1544 
1669913208 1292 1688 503 1360 
1669913210 1191 1421 435 1186 
1669913212 1630 1699 531 1253 
1669913214 1697 1634 628 1369 
1669913216 1305 1417 495 1218 
1669913218 1212 1486 376 1162 
1669913220 1234 1481 431 1124 
1669913222 2428 2067 1080 1656 
1669913224 2402 1659 462 1421 
1669913226 3264 3413 3408 3401 
1669913228 1097 1273 490 1047 
1669913230 1275 1463 467 1185 
1669913232 1305 1396 480 1033 
1669913234 1380 1508 457 1168 
1669913236 1585 1427 775 1166 
1669913238 1059 1455 587 1349 
1669913240 728 1173 433 958 
1669913242 1436 1563 541 1156 
1669913244 1172 1269 562 997 
1669913246 733 1277 401 854 
1669913248 1852 1835 652 1399 
1669913250 876 1202 371 663 
1669913252 1061 1266 465 1310 
1669913254 997 1272 512 1229 
1669913256 1349 1484 303 1095 
1669913258 1360 1508 581 1256 
1669913260 1279 1595 615 1236 
1669913262 1088 1286 392 928 
1669913264 1528 1649 644 1301 
1669913266 612 1093 376 723 
1669913268 1402 1416 492 1312 
1669913270 1570 1738 868 1425 
1669913272 1064 1160 307 902 
1669913274 1453 1487 662 1300 
1669913276 1110 1239 381 956 
1669913278 1617 1735 742 1363 
1669913280 1081 1210 398 913 
1669913282 1529 1524 629 1314 
1669913284 1097 1385 412 904 
1669913286 1611 1638 713 1416 
1669913288 1176 1365 690 1098 
1669913290 1168 1443 369 1008 
1669913292 1138 1458 448 1072 
1669913294 1283 1471 307 1046 
1669913296 1712 1557 802 1499 
1669913298 1320 1461 626 1127 
1669913300 1416 1459 483 1162 
1669913302 1194 1280 406 1130 
1669913304 1452 1699 532 1412 
1669913306 1280 1506 417 1086 
1669913308 1396 1574 547 1178 
1669913310 1314 1527 466 1052 
1669913312 1237 1272 432 1082 
1669913314 1321 1363 499 1153 
1669913316 1282 1455 401 1122 
1669913318 1354 1446 501 1231 
1669913320 1256 1571 490 1144 
1669913322 1259 1588 585 1187 
1669913324 1249 1505 355 986 
1669913326 1399 1464 409 1217 
1669913328 1413 1453 439 1230 
1669913330 1390 1605 453 1191 
1669913332 1262 1355 436 1012 
1669913334 1309 1358 503 1121 
1669913336 1396 1532 429 1211 
1669913338 1711 1274 713 1039 
1669913340 1781 1882 1283 1892 
1669913342 1881 2014 520 1697 
1669913344 1609 1537 490 1532 
1669913346 1333 1432 573 1283 
1669913348 1401 1441 473 1109 
1669913350 1222 1292 412 870 
1669913352 1096 1174 386 906 
1669913354 1418 1612 426 1260 
1669913356 1408 1569 531 1085 
1669913358 1264 1306 408 1038 
1669913360 1471 1477 528 1206 
1669913362 1425 1597 525 1212 
1669913364 1252 1466 365 1036 
1669913366 1232 1454 420 1027 
1669913368 1235 1426 391 976 
1669913370 1247 1260 381 1173 
1669913372 1486 1482 532 1250 
1669913374 1123 1336 410 813 
1669913376 1410 1348 445 1211 
1669913378 1390 1583 495 1165 
1669913380 1291 1339 416 1034 
1669913382 1061 934 419 759 
1669913384 2695 2911 3158 3196 
1669913386 1390 1614 477 1225 
1669913388 1361 1587 474 1172 
1669913390 1317 1370 439 1102 
1669913392 1098 1166 350 1009 
1669913394 1478 1553 880 1361 
1669913396 1662 1789 956 1436 
1669913398 1136 1419 549 1016 
1669913400 618 985 428 610 
1669913402 1637 1783 850 1438 
1669913404 1487 1642 703 1248 
1669913406 977 1481 537 1218 
1669913408 1342 1223 398 929 
1669913410 1244 1387 424 1109 
1669913412 1399 1479 552 1222 
1669913414 1166 1322 515 1075 
1669913416 1207 1480 325 1118 
1669913418 1420 1510 519 1292 
1669913420 1305 1434 492 1203 
1669913422 1364 1451 476 1260 
1669913424 1452 1685 648 1356 
1669913426 1226 1579 523 1240 
1669913428 1495 1492 373 1045 
1669913430 1357 1552 478 1227 
1669913432 1324 1404 511 1222 
1669913434 1411 1480 376 1109 
1669913436 1464 1647 552 1335 
1669913438 1407 1585 481 1123 
1669913440 1301 1510 469 1122 
1669913442 861 1267 484 801 
1669913444 1205 1246 460 1058 
1669913446 1215 1212 518 1020 
1669913448 1436 1506 520 1199 
1669913450 1224 1384 493 1071 
1669913452 1269 1283 462 1123 
1669913454 1437 1604 397 1200 
1669913456 1251 1253 472 733 
1669913458 1381 1412 382 1166 
1669913460 1355 1493 376 1061 
1669913462 1500 1626 501 1266 
1669913464 1404 1549 453 1137 
1669913466 1411 1411 477 1095 
1669913468 1370 1427 560 1201 
1669913470 1440 1597 430 1154 
1669913472 1443 1587 523 1175 
1669913474 1333 1464 382 1101 
1669913476 1450 1401 576 1213 
1669913478 1386 1528 497 1141 
1669913480 1251 1483 385 997 
1669913482 1531 1401 432 1071 
1669913484 1198 1530 478 1277 
1669913486 1386 1554 518 1220 
1669913488 1630 1660 552 1488 
1669913490 1060 1307 414 980 
1669913492 1366 1454 446 1101 
1669913494 1480 1513 484 1152 
1669913496 1278 1188 474 962 
1669913498 1510 1397 463 1079 
1669913500 1404 1195 374 759 
1669913502 1093 1329 324 628 
1669913504 1629 1547 538 1409 
1669913506 1435 1439 558 1316 
1669913508 1312 1291 473 929 
1669913510 1742 1553 532 1425 
1669913512 1336 1491 416 1118 
1669913514 1581 1572 590 1351 
1669913516 809 1106 399 658 
1669913518 1598 1444 608 1364 
1669913520 1835 1537 514 1349 
1669913522 1316 1540 432 1235 
1669913524 1068 1343 527 1119 
1669913526 626 894 422 677 
1669913528 1018 1210 609 1328 
1669913530 1165 1582 525 1275 
1669913532 1146 1651 417 1390 
1669913534 756 1594 517 1352 
1669913536 925 1462 332 1111 
1669913538 1550 1649 599 1509 
1669913540 1188 1453 666 1496 
1669913542 2945 2651 1354 2244 
1669913544 2672 2159 1979 3321 
1669913546 798 1089 641 1081 
1669913548 1269 1511 631 1325 
1669913550 1155 986 1048 1361 
1669913552 1175 1288 1528 1918 
1669913554 736 1064 340 612 
1669913556 1378 1625 686 1519 
1669913558 1488 1561 647 1461 
1669913560 1357 1447 496 1332 
1669913562 1408 1557 440 1268 
1669913564 1430 1633 474 1238 
1669913566 1512 1651 499 1249 
1669913568 1413 1578 403 1186 
1669913570 1476 1630 458 1225 
1669913572 1454 1658 525 1316 
1669913574 1348 1584 443 1095 
1669913576 1480 1510 636 1343 
1669913578 1403 1528 582 1258 
1669913580 1295 1265 547 1123 
1669913582 1267 1532 405 1097 
1669913584 1431 1603 512 1224 
1669913586 1225 1431 380 880 
1669913588 1364 1364 487 1213 
1669913590 1508 1595 461 1218 
1669913592 1309 1534 514 1176 
1669913594 1403 1553 453 1102 
1669913596 1611 1515 543 1286 
1669913598 1568 1503 506 1194 
1669913600 1447 1578 481 1102 
1669913602 1480 1611 453 1181 
1669913604 1551 1620 478 1226 
1669913606 1509 1628 544 1236 
1669913608 1132 1241 409 1021 
1669913610 1574 1567 697 1383 
1669913612 1352 1578 621 1270 
1669913614 2167 1923 717 1487 
1669913616 1505 1521 529 1134 
1669913618 1540 1437 505 1139 
1669913620 1281 1331 442 1118 
1669913622 1338 1594 524 1140 
1669913624 1649 1599 403 1151 
1669913626 1338 1529 326 1131 
1669913628 1772 1724 524 1313 
1669913630 592 1109 473 800 
1669913632 1398 1566 502 1222 
1669913634 1302 1601 604 1361 
1669913636 1739 1450 467 1321 
1669913638 911 1138 362 837 
1669913640 2042 1827 543 1344 
1669913642 2222 2036 925 1706 
1669913644 1713 1633 872 1495 
1669913646 2195 1772 676 1404 
1669913648 1439 1369 480 1222 
1669913650 1363 1565 530 1218 
1669913652 1536 1496 522 1196 
1669913654 1451 1609 531 1214 
1669913656 1430 1328 400 1160 
1669913658 1552 1387 471 1244 
1669913660 1442 1413 491 1183 
1669913662 1469 1413 446 1159 
1669913664 1635 1522 550 1312 
1669913666 1394 1492 506 1187 
1669913668 1667 1489 564 1221 
1669913670 1502 1636 540 1166 
1669913672 1300 1482 530 1177 
1669913674 1366 1568 524 1191 
1669913676 1401 1437 469 1190 
1669913678 1453 1613 435 1183 
1669913680 1136 1500 485 1088 
1669913682 1412 1582 530 1172 
1669913684 1542 1558 431 1205 
1669913686 1537 1627 513 1227 
1669913688 1451 1460 522 1187 
1669913690 1400 1404 435 1152 
1669913692 1592 1660 523 1253 
1669913694 1532 1646 552 1274 
1669913696 1444 1507 502 1181 
1669913698 1896 1817 629 1455 
1669913700 1643 1684 594 1307 
1669913702 1748 1500 682 1251 
1669913704 1034 1199 475 968 
1669913706 1466 1540 395 993 
1669913708 1600 1436 568 1310 
1669913710 1500 1399 461 1176 
1669913712 1409 1572 606 1225 
1669913714 1817 1777 767 1426 
1669913716 1187 1411 427 993 
1669913718 1378 1526 483 1035 
1669913720 1181 1276 468 1044 
1669913722 2003 1787 846 1608 
1669913724 1115 1380 485 1060 
1669913726 1831 1728 593 1265 
1669913728 3546 2314 415 1376 
1669913730 3462 3485 3379 3421 
1669913732 3209 3080 3387 3364 
1669913734 1348 1295 669 1504 
1669913736 978 1462 510 1141 
1669913738 1411 1638 765 1519 
1669913740 1110 1568 354 1242 
1669913742 1107 1858 1057 1650 
1669913744 1321 1533 537 1325 
1669913746 1632 1623 545 1338 
1669913748 624 570 518 787 
1669913750 1538 1462 687 1381 
1669913752 1524 1576 355 1290 
1669913754 1639 1722 702 1344 
1669913756 1602 1451 546 1283 
1669913758 1474 1426 536 1185 
1669913760 1492 1468 432 1167 
1669913762 1463 1459 544 1191 
1669913764 1484 1471 425 1246 
1669913766 1490 1506 562 1184 
1669913768 1282 1561 451 1172 
1669913770 1645 1706 589 1374 
1669913772 1440 1516 501 1233 
1669913774 1403 1567 506 1250 
1669913776 1656 1746 615 1391 
1669913778 1015 1352 508 914 
1669913780 874 1055 485 874 
1669913782 1282 1531 543 1148 
1669913784 1441 1676 985 1307 
1669913786 1508 1248 349 1142 
1669913788 1253 1235 567 1061 
1669913790 1362 1446 410 1149 
1669913792 1668 1697 453 1348 
1669913794 1555 1646 505 1210 
1669913796 1910 1711 981 1613 
1669913798 1006 1184 379 966 
1669913800 1037 1259 388 932 
1669913802 1332 1453 362 1110 
1669913804 1578 1653 509 1314 
1669913806 1655 1483 511 1337 
1669913808 1771 1751 636 1340 
1669913810 1705 1747 680 1405 
1669913812 1599 1645 556 1302 
1669913814 1768 1598 580 1392 
1669913816 1806 1730 647 1452 
1669913818 1070 1330 462 888 
1669913820 1255 1461 425 1097 
1669913822 1260 1388 405 1061 
1669913824 1680 1594 638 1377 
1669913826 1181 1471 440 1036 
1669913828 1444 1486 647 1171 
1669913830 1070 1217 325 931 
1669913832 1525 1568 340 1156 
1669913834 1718 1730 589 1364 
1669913836 1636 1692 610 1160 
1669913838 1682 1592 605 1319 
1669913840 1005 1320 394 1066 
1669913842 1732 1727 606 1358 
1669913844 1676 1691 615 1309 
1669913846 1567 1398 543 1291 
1669913848 1711 1690 415 1339 
1669913850 2095 1910 1172 1729 
1669913852 894 1287 479 918 
1669913854 1008 1375 647 988 
1669913856 1432 1309 461 1107 
1669913858 1793 1754 625 1447 
1669913860 1931 1860 827 1539 
1669913862 1512 1467 636 1251 
1669913864 1135 1383 315 969 
1669913866 1255 1519 604 1103 
1669913868 1430 1540 415 1261 
1669913870 1360 1400 318 935 
1669913872 1935 1888 682 1554 
1669913874 1579 1682 702 1320 
1669913876 1189 1413 468 1065 
1669913878 1720 1418 513 1341 
1669913880 1360 1279 462 1106 
1669913882 1389 1370 515 1161 
1669913884 1159 1453 506 1081 
1669913886 1441 1564 510 1227 
1669913888 1419 1572 502 1130 
1669913890 1609 1503 577 1226 
1669913892 1489 1574 526 1235 
1669913894 1379 1324 468 1119 
1669913896 1098 1395 444 996 
1669913898 1392 1458 433 1167 
1669913900 1471 1535 462 1211 
1669913902 1200 1397 391 978 
1669913904 1520 1524 484 1242 
1669913906 1392 1335 474 1242 
1669913908 1456 1479 639 1314 
1669913910 1356 1382 436 1135 
1669913912 1402 1384 507 1154 
1669913914 1714 1547 563 1291 
1669913916 1713 1686 346 1402 
1669913918 1030 1361 473 908 
1669913920 1520 1590 686 1200 
1669913922 1599 1576 553 1310 
1669913924 1307 1386 430 1106 
1669913926 1300 1408 428 1054 
1669913928 1338 1490 464 1141 
1669913930 1502 1366 526 1281 
1669913932 1625 1632 570 1301 
1669913934 1230 1270 419 973 
1669913936 1492 1462 522 1251 
1669913938 1480 1359 500 1263 
1669913940 1510 1590 428 1138 
1669913942 1530 1632 588 1185 
1669913944 1388 1395 432 1103 
1669913946 1414 1598 582 1240 
1669913948 1600 1498 469 1290 
1669913950 1336 1361 504 1227 
1669913952 1403 1550 539 1134 
1669913954 1441 1591 539 1258 
1669913956 1505 1628 511 1249 
1669913958 1396 1539 538 1124 
1669913960 1404 1379 443 1148 
1669913962 1409 1403 438 1191 
1669913964 1605 1693 596 1237 
1669913966 1625 1634 498 1223 
1669913968 1434 1448 616 1348 
1669913970 1431 1507 515 1182 
1669913972 1444 1428 563 1144 
1669913974 1373 1558 534 1089 
1669913976 1474 1431 510 1271 
1669913978 1504 1404 424 1254 
1669913980 1397 1391 501 1228 
1669913982 1563 1634 556 1290 
1669913984 2282 2079 1045 1783 
1669913986 1198 1137 483 1133 
1669913988 1348 1454 581 1272 
1669913990 1843 1700 671 1399 
1669913992 1651 1685 702 1332 
1669913994 1412 1477 525 1147 
1669913996 1743 1610 708 1500 
1669913998 1684 1585 542 1287 
