1669914002 1686 1690 690 1226 
1669914005 2481 1831 910 1536 
1669914007 1259 1295 653 1193 
1669914009 897 1095 431 679 
1669914011 2789 2639 2347 2658 
1669914013 1588 1545 1577 2317 
1669914015 1432 1464 578 1544 
1669914017 1520 1425 643 1424 
1669914019 1388 1385 552 1174 
1669914021 1418 1528 515 1300 
1669914023 1503 1602 468 1332 
1669914025 1287 1498 428 1013 
1669914027 1303 1382 522 1152 
1669914029 1327 1565 464 1217 
1669914031 1393 1411 449 1050 
1669914033 1307 1300 596 1156 
1669914035 1305 1497 424 1125 
1669914037 1523 1450 477 1197 
1669914039 1273 1353 424 1074 
1669914041 1308 1530 542 1139 
1669914043 1490 1688 560 1238 
1669914045 1374 1549 551 1172 
1669914047 1380 1430 536 1260 
1669914049 1524 1415 628 1357 
1669914051 1344 1453 523 1074 
1669914053 1451 1569 533 1204 
1669914055 1577 1575 606 1296 
1669914057 1402 1377 430 1109 
1669914059 1472 1592 507 1208 
1669914061 1546 1700 642 1339 
1669914063 1443 1587 566 1210 
1669914065 1376 1535 445 1150 
1669914067 1651 1693 584 1340 
1669914069 1427 1438 544 1229 
1669914071 2159 1831 907 1754 
1669914073 1548 1657 945 1327 
1669914075 1078 1214 441 840 
1669914077 1483 1620 559 1215 
1669914079 1448 1603 559 1254 
1669914081 1471 1603 550 1210 
1669914083 1459 1433 481 1207 
1669914085 1485 1450 583 1260 
1669914087 1617 1707 597 1373 
1669914089 1627 1692 657 1350 
1669914091 1518 1656 559 1291 
1669914093 1577 1676 627 1299 
1669914095 764 1056 512 799 
1669914097 1449 1378 571 1167 
1669914099 1632 1722 681 1312 
1669914101 1421 1432 585 1068 
1669914103 978 1137 575 930 
1669914105 2370 2130 1074 1923 
1669914107 2017 1799 626 1509 
1669914109 1570 1597 564 1204 
1669914111 1624 1558 531 1203 
1669914113 1439 1420 540 1206 
1669914115 1488 1466 474 1222 
1669914117 1402 1423 507 1181 
1669914119 1583 1645 588 1222 
1669914121 1648 1699 556 1328 
1669914123 1460 1367 560 1103 
1669914125 1449 1570 475 1040 
1669914127 1482 1532 443 982 
1669914129 1486 1523 617 1167 
1669914131 1380 1517 546 1160 
1669914133 1268 1446 511 1052 
1669914135 1361 1377 515 1066 
1669914137 1329 1388 419 1131 
1669914139 1426 1487 495 1204 
1669914141 1560 1527 577 1267 
1669914143 1474 1595 561 1299 
1669914145 1502 1510 574 1258 
1669914147 1458 1399 529 1245 
1669914149 1585 1637 552 1278 
1669914151 1612 1581 600 1236 
1669914153 1473 1564 596 1236 
1669914155 1353 1560 563 1187 
1669914157 1339 1544 548 1224 
1669914159 1327 1378 453 1174 
1669914161 1344 1388 423 1192 
1669914163 1556 1646 577 1123 
1669914165 1574 1527 619 1213 
1669914167 1287 1446 483 1124 
1669914169 1605 1472 580 1286 
1669914171 1668 1532 607 1345 
1669914173 1386 1594 583 1167 
1669914175 1468 1511 519 1193 
1669914177 1446 1406 481 1226 
1669914179 1554 1471 562 1276 
1669914181 1511 1448 542 1262 
1669914183 1529 1462 560 1281 
1669914185 1509 1434 526 1268 
1669914187 1448 1599 543 1114 
1669914189 1388 1440 585 1227 
1669914191 1447 1442 527 1186 
1669914193 1540 1656 465 1261 
1669914195 1543 1646 511 1269 
1669914197 1588 1639 609 1327 
1669914199 1546 1452 518 1281 
1669914201 1424 1230 452 1081 
1669914203 1409 1340 440 1023 
1669914205 1491 1595 542 1147 
1669914207 1632 1712 571 1336 
1669914209 1628 1517 663 1338 
1669914211 1708 1704 632 1370 
1669914213 1402 1627 550 1276 
1669914215 1415 1589 560 1158 
1669914217 1307 1363 538 1155 
1669914219 1501 1435 561 1249 
1669914221 1515 1377 535 1215 
1669914223 1517 1604 594 1186 
1669914225 1410 1569 557 1224 
1669914227 1444 1284 478 1140 
1669914229 1397 1540 486 1191 
1669914231 1198 1341 388 1033 
1669914233 1417 1534 627 1109 
1669914235 1492 1580 490 1210 
1669914237 1559 1652 654 1224 
1669914239 1766 1784 745 1468 
1669914241 1543 1605 590 1304 
1669914243 1439 1565 559 1252 
1669914245 1500 1435 549 1251 
1669914247 1454 1459 564 1244 
1669914249 1375 1500 572 1209 
1669914251 647 792 475 732 
1669914253 1946 1844 1423 1889 
1669914255 477 744 517 653 
1669914257 1115 1148 717 1069 
1669914259 1486 1461 597 1171 
1669914261 1586 1286 518 1222 
1669914263 1592 1456 549 1154 
1669914265 1462 1516 486 1211 
1669914267 1237 1313 688 1030 
1669914269 1360 1342 505 1066 
1669914271 1503 1517 474 1049 
1669914273 1509 1533 569 1239 
1669914275 1462 1439 513 1128 
1669914277 1439 1530 514 1082 
1669914279 1333 1421 488 1099 
1669914281 1308 1583 735 1380 
1669914283 1319 1542 591 1290 
1669914285 1179 1425 503 1157 
1669914287 1513 1384 478 1272 
1669914289 766 1054 1152 1400 
1669914291 3733 3624 3466 3613 
1669914293 912 1047 783 1109 
1669914295 1417 1369 581 1053 
1669914297 1489 1301 561 1102 
1669914299 1510 1428 578 1142 
1669914301 1387 1326 483 1034 
1669914303 1459 1520 542 1168 
1669914305 1263 1408 490 1065 
1669914307 1449 1443 566 1165 
1669914309 1387 1507 535 1089 
1669914311 1469 1509 566 1045 
1669914313 1470 1392 535 1157 
1669914315 1458 1418 540 1226 
1669914317 1457 1554 583 1206 
1669914319 1432 1511 588 1236 
1669914321 1218 1509 560 1175 
1669914323 1421 1328 567 1212 
1669914325 1445 1385 565 1241 
1669914327 1467 1543 557 1272 
1669914329 1402 1571 542 1241 
1669914331 1456 1559 567 1241 
1669914333 1179 1515 610 1224 
1669914335 1261 1513 676 987 
1669914337 1371 1514 522 1046 
1669914339 1457 1607 615 1255 
1669914341 1432 1437 579 1253 
1669914343 1501 1620 452 1262 
1669914345 1474 1591 554 1185 
1669914347 1370 1586 515 1173 
1669914349 1347 1570 593 1213 
1669914351 1348 1338 479 1217 
1669914353 1336 1480 538 1156 
1669914355 1298 1531 529 1201 
1669914357 1570 1416 538 1310 
1669914359 1467 1541 574 1279 
1669914361 1473 1433 541 1258 
1669914363 1464 1443 525 1264 
1669914365 1379 1591 574 1283 
1669914367 1378 1377 549 1256 
1669914369 1404 1566 566 1200 
1669914371 1341 1476 550 1047 
1669914373 1138 1297 477 1015 
1669914375 1603 1640 537 1248 
1669914377 1476 1542 575 1268 
1669914379 1477 1571 582 1184 
1669914381 1500 1583 509 1161 
1669914383 1574 1485 621 1284 
1669914385 1478 1452 585 1170 
1669914387 1558 1513 543 1204 
1669914389 1457 1567 565 1460 
1669914391 1389 1347 560 1193 
1669914393 1535 1611 599 1314 
1669914395 1385 1381 544 1252 
1669914397 1502 1627 591 1306 
1669914399 1439 1557 603 1252 
1669914401 1461 1590 563 1155 
1669914403 1155 1434 560 975 
1669914405 1677 1548 519 1307 
1669914407 1454 1633 572 1269 
1669914409 1515 1363 543 1227 
1669914411 1516 1585 594 1295 
1669914413 1508 1507 489 1246 
1669914415 1395 1574 604 1238 
1669914417 2911 2202 1565 2108 
1669914419 3621 3548 2866 3495 
1669914421 1032 1028 759 1152 
1669914423 538 623 428 655 
1669914425 2954 1666 354 691 
1669914427 1718 1529 1201 1641 
1669914429 1304 1372 521 1204 
1669914431 543 1053 236 719 
1669914433 1284 1484 1546 1804 
1669914435 716 982 545 800 
1669914437 962 1234 829 1094 
1669914439 964 1224 532 872 
1669914441 1041 1141 145 844 
1669914443 1270 1554 525 1008 
1669914445 1127 1187 300 846 
1669914447 1628 1983 1763 2018 
1669914449 3453 3252 2826 3082 
1669914451 1065 1125 564 1064 
1669914453 1183 1559 695 1343 
1669914455 1228 1299 464 1095 
1669914457 1399 1614 604 1128 
1669914459 1396 1626 580 1277 
1669914461 1223 1510 544 1292 
1669914463 1482 1456 581 1202 
1669914465 1420 1542 594 1349 
1669914467 1761 1904 1883 2273 
1669914469 1022 1429 724 1066 
1669914471 1288 1500 713 1159 
1669914473 1431 1604 648 1241 
1669914475 1608 1658 693 1468 
1669914477 1281 1502 576 1214 
1669914479 1486 1663 599 1274 
1669914481 1427 1483 580 1327 
1669914483 1173 1485 493 1104 
1669914485 1259 1499 555 1241 
1669914487 1733 1818 759 1656 
1669914489 1089 1449 586 1182 
1669914491 2235 1713 1592 1836 
1669914493 592 1711 997 1917 
1669914495 677 897 716 1121 
1669914497 2313 2079 1288 1867 
1669914499 1595 1434 656 1385 
1669914501 2017 1772 964 1662 
1669914503 1148 1439 645 1173 
1669914505 1353 1788 952 1531 
1669914507 1528 1313 771 1161 
1669914509 1414 1159 504 1197 
1669914511 3189 2779 2252 2507 
1669914513 1078 898 1012 1124 
1669914515 2048 1975 1310 1807 
1669914517 737 986 404 815 
1669914519 1593 1702 835 1672 
1669914521 1132 1351 418 1117 
1669914523 1316 1488 574 1148 
1669914525 1158 1440 480 1144 
1669914527 1252 1533 524 1162 
1669914529 1304 1506 595 1134 
1669914531 874 1558 1328 1951 
1669914533 1609 1694 668 1382 
1669914535 1551 1578 502 1149 
1669914537 950 927 370 798 
1669914539 1435 1286 285 889 
1669914541 2856 2304 2061 2256 
1669914543 697 496 328 689 
1669914545 1543 1437 880 1481 
1669914547 1178 1380 609 1034 
1669914549 1783 1249 1003 1213 
1669914551 2300 1878 1553 2013 
1669914553 736 834 415 531 
1669914555 902 933 391 713 
1669914557 857 1055 287 823 
1669914559 2293 2583 2479 2503 
1669914561 601 275 413 609 
1669914563 2045 1707 1518 1698 
1669914565 486 902 551 873 
1669914567 1434 1433 904 1557 
1669914569 1554 1650 603 1379 
1669914571 1327 1341 539 1130 
1669914573 1363 1405 487 1263 
1669914575 1283 1594 545 1237 
1669914577 1507 1506 611 1290 
1669914579 1367 1647 661 1371 
1669914581 1411 1649 620 1295 
1669914583 1346 1369 555 1289 
1669914585 1414 1479 494 1209 
1669914587 1638 1720 716 1442 
1669914589 1575 1681 702 1394 
1669914591 1388 1502 528 1168 
1669914593 1312 1446 524 1169 
1669914595 1466 1658 623 1262 
1669914597 1498 1678 551 1278 
1669914599 1536 1577 596 1273 
1669914601 1401 1349 574 1188 
1669914603 1484 1634 624 1290 
1669914605 1532 1366 542 1306 
1669914607 1234 1383 548 1176 
1669914609 1268 1279 594 1246 
1669914611 1538 1499 637 1371 
1669914613 1550 1642 591 1250 
1669914615 1502 1534 611 1238 
1669914617 1382 1342 600 1240 
1669914619 1437 1572 591 1185 
1669914621 1486 1470 593 1189 
1669914623 1423 1573 588 1131 
1669914625 1473 1423 601 1226 
1669914627 1516 1509 552 1294 
1669914629 1442 1643 544 1224 
1669914631 1434 1456 616 1238 
1669914633 1422 1420 673 1195 
1669914635 1738 1610 454 1268 
1669914637 1268 1459 482 1168 
1669914639 1465 1634 908 1576 
1669914641 1489 1414 569 1196 
1669914643 1486 1538 615 1267 
1669914645 1480 1612 630 1219 
1669914647 1448 1610 610 1288 
1669914649 1319 1603 655 1249 
1669914651 1526 1480 584 1267 
1669914653 1496 1593 576 1136 
1669914655 1456 1349 773 1328 
1669914657 1489 1574 571 1270 
1669914659 1533 1611 534 1260 
1669914661 1544 1632 530 1263 
1669914663 1478 1446 604 1095 
1669914665 1436 1599 714 1135 
1669914667 1678 1570 647 1300 
1669914669 1973 2435 2293 2208 
1669914671 719 840 329 658 
1669914673 2084 1991 1209 1683 
1669914675 2100 1801 1502 1924 
1669914677 1306 1308 597 1073 
1669914679 1414 1292 446 1127 
1669914681 1854 1667 774 1447 
1669914683 1496 1585 539 1265 
1669914685 1331 1494 502 1013 
1669914687 1148 1420 393 1041 
1669914689 1604 1719 696 1343 
1669914691 1671 1728 561 1444 
1669914693 1494 1368 563 1271 
1669914695 1466 1517 623 1181 
1669914697 1346 1352 614 1183 
1669914699 1488 1468 643 1278 
1669914701 1681 1797 650 1476 
1669914703 638 935 370 632 
1669914705 881 1119 521 741 
1669914707 1443 1633 1002 1371 
1669914709 1942 1846 792 1537 
1669914711 1469 1421 550 1202 
1669914713 1453 1622 738 1305 
1669914715 1451 1563 647 1237 
1669914717 1532 1616 1048 1464 
1669914719 596 958 537 585 
1669914721 2658 2057 1436 2144 
1669914723 1842 1648 731 1534 
1669914725 1548 1643 727 1414 
1669914727 1379 1462 595 1137 
1669914729 1467 1490 599 1267 
1669914731 1695 1525 649 1318 
1669914733 1715 1524 643 1357 
1669914735 1584 1425 627 1304 
1669914737 1413 1590 598 1299 
1669914739 1462 1522 622 1182 
1669914741 1512 1468 638 1287 
1669914743 1398 1527 431 1031 
1669914745 1364 1579 538 1216 
1669914747 1448 1383 611 1109 
1669914749 1376 1470 603 1130 
1669914751 1342 1400 585 1214 
1669914753 1517 1584 543 1290 
1669914755 1493 1581 550 1125 
1669914757 1574 1692 676 1340 
1669914759 1200 1466 564 1089 
1669914761 1488 1465 633 1293 
1669914763 1748 1694 947 1496 
1669914765 1344 1541 494 1051 
1669914767 1439 1631 597 1275 
1669914769 1393 1350 485 1265 
1669914771 1604 1569 638 1364 
1669914773 1503 1607 591 1332 
1669914775 1550 1585 486 1091 
1669914777 1552 1546 623 1278 
1669914779 1416 1418 539 1184 
1669914781 1377 1440 554 1264 
1669914783 1382 1607 579 1237 
1669914785 1413 1391 632 1275 
1669914787 1381 1542 604 1217 
1669914789 1457 1615 645 1272 
1669914791 632 676 537 676 
1669914793 1577 1635 1117 1670 
1669914795 1464 1394 729 1434 
1669914797 1542 1524 715 1408 
1669914799 2474 2311 1933 2646 
1669914801 2184 1749 873 1855 
1669914803 540 854 392 676 
1669914805 2092 2002 1831 2412 
1669914807 1761 1646 734 1621 
1669914809 1673 1511 854 1656 
1669914811 1342 1494 536 1276 
1669914813 1464 1590 570 1346 
1669914815 1137 1425 639 1106 
1669914817 1289 1511 594 1210 
1669914819 1476 1561 711 1264 
1669914821 1114 1437 710 995 
1669914823 1502 1482 689 1327 
1669914825 1129 1440 643 1197 
1669914827 1222 1527 599 1100 
1669914829 1663 1505 480 1318 
1669914831 1741 1534 624 1347 
1669914833 1379 1464 582 1307 
1669914835 1419 1517 540 1170 
1669914837 1409 1561 658 1223 
1669914839 1507 1575 568 1267 
1669914841 1596 1667 637 1366 
1669914843 1439 1358 633 1290 
1669914845 1662 1618 778 1310 
1669914847 1438 1572 610 1254 
1669914849 1478 1582 524 1186 
1669914851 1572 1539 612 1203 
1669914853 1475 1581 734 1318 
1669914855 1522 1664 761 1353 
1669914857 1303 1546 513 1192 
1669914859 1547 1735 836 1439 
1669914861 1482 1607 614 1336 
1669914863 1555 1651 639 1244 
1669914865 1290 1527 552 1081 
1669914867 1339 1428 619 1261 
1669914869 1690 1627 710 1472 
1669914871 1429 1572 565 1231 
1669914873 489 802 371 579 
1669914875 1846 1625 770 1482 
1669914877 1270 1325 546 1099 
1669914879 1369 1405 323 1030 
1669914881 1472 1341 590 1303 
1669914883 1633 1709 823 1465 
1669914885 1520 1453 646 1360 
1669914887 1498 1629 626 1309 
1669914889 1576 1540 669 1360 
1669914891 1532 1493 658 1360 
1669914893 1533 1500 586 1309 
1669914895 984 1301 575 920 
1669914897 2020 1932 1137 1786 
1669914899 1764 1636 697 1488 
1669914901 920 732 688 922 
1669914903 1605 1625 926 1590 
1669914905 2429 2101 982 1959 
1669914907 710 1039 473 742 
1669914909 1341 1520 569 1188 
1669914911 2895 2592 1556 2332 
1669914913 1509 1476 428 1400 
1669914915 1774 1549 706 1362 
1669914917 1787 1741 663 1408 
1669914919 1458 1582 667 1317 
1669914921 1437 1498 615 1293 
1669914923 1387 1412 511 1111 
1669914925 1518 1376 636 1293 
1669914927 1286 1390 557 1214 
1669914929 1514 1490 631 1438 
1669914931 1131 1310 556 941 
1669914933 1707 1695 961 1590 
1669914935 1438 1520 658 1246 
1669914937 1058 1392 594 1030 
1669914939 1113 1310 456 989 
1669914941 1441 1463 677 1335 
1669914943 1510 1749 855 1527 
1669914945 1775 1757 575 1404 
1669914947 1465 1533 674 1375 
1669914949 1179 1466 545 1042 
1669914951 1593 1513 646 1285 
1669914953 1440 1438 449 1021 
1669914955 1458 1639 664 1256 
1669914957 1334 1412 512 1224 
1669914959 1476 1491 704 1324 
1669914961 1168 1545 722 1355 
1669914963 1018 1408 620 1114 
1669914965 1469 1500 571 1216 
1669914967 1476 1514 494 1141 
1669914969 1526 1352 555 1165 
1669914971 1454 1577 598 1255 
1669914973 1509 1448 601 1255 
1669914975 1525 1588 537 1268 
1669914977 1494 1526 633 1128 
1669914979 1537 1645 769 1353 
1669914981 1456 1418 522 1193 
1669914983 1595 1502 669 1344 
1669914985 1414 1439 529 1254 
1669914987 1511 1625 528 1309 
1669914989 1450 1588 643 1238 
1669914991 1392 1457 588 1157 
1669914993 1396 1317 608 1233 
1669914995 1307 1375 588 1111 
1669914997 1411 1547 619 1159 
1669914999 1472 1643 585 1319 
1669915001 1570 1652 586 1303 
1669915003 1513 1482 573 1262 
1669915005 1156 1476 588 1152 
1669915007 1498 1557 696 1264 
1669915009 1594 1562 666 1369 
1669915011 1551 1655 631 1318 
1669915013 1511 1628 673 1299 
1669915015 1328 1520 558 1113 
1669915017 1380 1587 666 1261 
1669915019 1397 1599 591 1282 
1669915021 1409 1439 544 1242 
1669915023 1667 1745 751 1421 
1669915025 1822 1774 663 1365 
1669915027 1330 1490 421 1095 
1669915029 1696 1752 580 1407 
1669915031 1067 1431 546 986 
1669915033 1261 1359 533 1051 
1669915035 1872 1376 1103 1516 
1669915037 1428 1391 544 1333 
1669915039 1577 1421 681 1308 
1669915041 1650 1491 1006 1391 
1669915043 1855 1662 928 1542 
1669915045 2381 2153 1213 1897 
1669915047 559 943 1445 1511 
1669915049 1677 1488 621 1345 
1669915051 1434 1493 621 1245 
1669915053 1684 1581 557 1310 
1669915055 1512 1587 613 1154 
1669915057 1418 1573 538 1208 
1669915059 1447 1588 572 1197 
1669915061 1516 1522 686 1274 
1669915063 1496 1549 604 1270 
1669915065 1418 1631 633 1286 
1669915067 1517 1570 635 1296 
1669915069 1383 1381 559 1271 
1669915071 1472 1639 530 1404 
1669915073 1970 1855 671 1463 
1669915075 1703 1482 457 1282 
1669915077 1538 1494 653 1308 
1669915079 1715 1571 643 1250 
1669915081 1207 1339 427 1041 
1669915083 1519 1622 671 1312 
1669915085 1401 1591 665 1292 
1669915087 1236 1405 501 1125 
1669915089 1497 1640 690 1403 
1669915091 1317 1352 628 1280 
1669915093 1537 1534 675 1368 
1669915095 1467 1513 660 1352 
1669915097 1379 1588 528 1276 
1669915099 1370 1588 552 1174 
1669915101 1458 1641 655 1279 
1669915103 1454 1614 637 1260 
1669915105 1322 1543 623 1244 
1669915107 1101 1397 527 953 
1669915109 1172 1522 625 1190 
1669915111 1708 1696 722 1334 
1669915113 858 1126 327 695 
1669915115 1524 1462 854 1478 
1669915117 1458 1595 567 1276 
1669915119 1297 1506 576 1202 
1669915121 1894 1528 659 1316 
1669915123 1759 1471 805 1312 
1669915125 1174 2523 3460 2736 
1669915127 1722 2102 2251 2354 
1669915129 1832 1631 1149 1881 
1669915131 1464 1474 683 1445 
1669915133 1566 1587 632 1406 
1669915135 1615 1525 655 1453 
1669915137 1685 1575 672 1489 
1669915139 1583 1419 618 1392 
1669915141 1484 1463 621 1351 
1669915143 1472 1620 605 1334 
1669915145 1539 1614 700 1378 
1669915147 1529 1619 588 1295 
1669915149 888 1194 736 1034 
1669915151 2713 3121 3436 3438 
1669915153 2449 2138 1399 2062 
1669915155 1537 1561 582 1418 
1669915157 1035 1161 823 1118 
1669915159 1421 1412 1719 1328 
1669915161 2430 1808 348 1684 
1669915163 1997 1946 899 1425 
1669915165 2019 1393 428 944 
1669915167 1348 1427 607 982 
1669915169 1341 1538 842 1254 
1669915171 2937 2399 1244 2161 
1669915173 1749 1963 735 1572 
1669915175 2748 2670 2318 2533 
1669915177 2989 2408 1893 2208 
1669915179 1443 1529 832 1501 
1669915181 1384 996 868 1071 
1669915183 3459 2416 2609 2446 
1669915185 2160 1799 1580 1988 
1669915187 1124 1049 822 1132 
1669915189 1995 1635 1050 1590 
1669915191 1648 1368 930 1515 
1669915193 1583 1562 734 1498 
1669915195 1584 1604 739 1481 
1669915197 1312 1392 537 1259 
1669915199 1291 1273 412 1166 
1669915201 1393 1590 623 1337 
1669915203 1851 1912 904 1559 
1669915205 1739 1653 1368 1469 
1669915207 1225 1322 816 1107 
1669915209 1591 1570 720 1394 
1669915211 2394 2487 2334 2355 
1669915213 1486 1084 837 1351 
1669915215 2765 2848 2301 2727 
1669915217 1812 2041 1461 1978 
1669915219 2184 2007 1483 1824 
1669915221 1373 1324 698 1292 
1669915223 655 656 353 656 
1669915225 2191 1986 1795 2058 
1669915227 3022 2932 2766 2864 
1669915229 2134 2175 1670 2217 
1669915231 1722 1548 1518 1784 
1669915233 1081 1090 326 1082 
1669915235 2299 2472 1707 2285 
1669915237 1555 1721 670 1441 
1669915239 1543 1728 1005 1509 
1669915241 2382 2221 1947 1993 
1669915243 1392 1410 925 1385 
1669915245 1488 1456 696 1373 
1669915247 1372 1560 667 1361 
1669915249 1549 1473 704 1286 
1669915251 1193 1454 453 1136 
1669915253 1320 1310 662 1317 
1669915255 1476 1631 1172 1382 
1669915257 1383 1442 1023 1223 
1669915259 601 611 400 634 
1669915261 602 437 383 680 
1669915263 1299 1666 1369 1833 
1669915265 1377 1466 701 1264 
1669915267 2719 2502 1283 2400 
1669915269 2179 2044 1354 2086 
1669915271 2509 2132 1397 2069 
1669915273 1710 1720 723 1513 
1669915275 1661 1702 766 1465 
1669915277 873 1031 617 919 
1669915279 1529 1546 681 1162 
1669915281 1426 1318 1195 1592 
1669915283 1752 1785 980 1750 
1669915285 2649 2677 1733 2414 
1669915287 2139 2156 1148 1933 
1669915289 1946 1767 827 1704 
1669915291 1642 1738 768 1604 
1669915293 1347 1622 676 1358 
1669915295 1365 1479 710 1320 
1669915297 1333 1547 797 1151 
1669915299 1965 1710 711 1427 
1669915301 3507 2510 2647 2626 
1669915303 973 989 729 1038 
1669915305 3109 2697 2673 2875 
1669915307 1995 1853 1184 1684 
1669915309 1698 1711 807 1443 
1669915311 1576 1637 716 1321 
1669915313 1732 1917 1167 1816 
1669915315 1559 1655 688 1352 
1669915317 2006 1569 1057 1555 
1669915319 1715 1534 705 1389 
1669915321 1498 1580 697 1319 
1669915323 1601 1544 605 1230 
1669915325 1377 1531 400 965 
1669915327 1501 1616 658 1240 
1669915329 1351 1430 621 1302 
1669915331 1521 1663 665 1269 
1669915333 1486 1515 664 1252 
1669915335 1476 1633 647 1323 
1669915337 1613 1697 542 1303 
1669915339 1572 1746 853 1523 
1669915341 1000 957 778 1019 
1669915343 1816 1532 727 1507 
1669915345 1636 1634 541 1382 
1669915347 1591 1421 577 1247 
1669915349 1620 1553 653 1338 
1669915351 1563 1362 598 1330 
1669915353 1471 1562 681 1326 
1669915355 1379 1521 607 1253 
1669915357 1457 1443 567 1302 
1669915359 1397 1624 648 1304 
1669915361 1415 1596 683 1331 
1669915363 1443 1469 581 1255 
1669915365 1617 1721 682 1364 
1669915367 1548 1493 566 1253 
1669915369 1546 1524 651 1330 
1669915371 1365 1372 509 1186 
1669915373 1432 1355 545 1261 
1669915375 1523 1544 664 1362 
1669915377 1446 1559 657 1324 
1669915379 1437 1578 676 1256 
1669915381 1308 1412 633 1109 
1669915383 1254 1393 853 1103 
1669915385 2000 1874 1000 1498 
1669915387 1511 1381 829 1177 
1669915389 1537 1572 689 1273 
1669915391 1498 1579 667 1212 
1669915393 1498 1623 607 1314 
1669915395 1492 1547 668 1256 
1669915397 1482 1527 646 1291 
1669915399 1378 1431 638 1317 
1669915401 1464 1500 577 1329 
1669915403 1504 1634 672 1366 
1669915405 1542 1628 599 1319 
1669915407 1423 1473 638 1232 
1669915409 1429 1612 652 1218 
1669915411 1394 1622 691 1219 
1669915413 1485 1408 657 1280 
1669915415 1426 1550 561 1240 
1669915417 1190 1454 557 1129 
1669915419 1402 1505 586 1234 
1669915421 1479 1579 656 1319 
1669915423 1527 1618 665 1320 
1669915425 1510 1614 593 1233 
1669915427 1470 1601 623 1235 
1669915429 2322 1589 1926 1959 
1669915431 2341 2183 1517 2119 
1669915433 3017 2406 1728 2382 
1669915435 1624 1678 831 1603 
1669915437 1591 2245 1973 2576 
1669915439 2196 2458 1654 2328 
1669915441 612 505 303 688 
1669915443 946 1595 245 591 
1669915445 2482 2426 1427 2215 
1669915447 1710 1071 660 1329 
1669915449 2991 2721 1814 2302 
1669915451 2035 2072 1227 1897 
1669915453 1696 1688 662 1527 
1669915455 1481 1615 796 1428 
1669915457 1516 1624 674 1267 
1669915459 1298 1413 493 1147 
1669915461 1593 1437 789 1444 
1669915463 1137 1462 1079 1583 
1669915465 1506 1679 690 1335 
1669915467 1462 1647 505 1175 
1669915469 1299 1297 551 1152 
1669915471 1442 1581 513 1233 
1669915473 1442 1598 635 1286 
1669915475 1342 1588 602 1242 
1669915477 1581 1551 799 1351 
1669915479 1453 1591 712 1264 
1669915481 1293 1303 575 1220 
1669915483 1476 1663 773 1405 
1669915485 1546 1494 622 1356 
1669915487 1418 1356 599 1281 
1669915489 1438 1673 840 1443 
1669915491 1404 1495 629 1234 
1669915493 1512 1386 201 961 
1669915495 1580 1463 791 1420 
1669915497 1428 1603 650 1250 
1669915499 1414 1518 584 1313 
1669915501 1576 1459 337 1083 
1669915503 721 812 586 938 
1669915505 906 1117 654 882 
1669915507 3557 3467 3372 3376 
1669915509 2850 2885 2532 2700 
1669915511 1710 1804 787 1598 
1669915513 1967 1902 777 1702 
1669915515 741 1451 3206 2192 
1669915517 2220 2181 1783 2134 
1669915519 1670 1829 603 1262 
1669915521 767 592 546 739 
1669915523 3408 3217 2436 3287 
1669915525 2155 2309 1527 2133 
1669915527 3535 3462 3360 3407 
1669915529 1534 1751 1551 1865 
1669915531 2945 1869 408 1091 
1669915533 3200 2895 2538 2948 
1669915535 1801 1980 1188 2262 
1669915537 3192 2809 2200 2736 
1669915539 2946 2178 2930 2887 
1669915541 3435 2588 2781 3000 
1669915543 1087 1239 437 1103 
1669915545 1996 1670 802 1676 
1669915547 1778 1737 1990 2061 
1669915549 1972 1576 835 1244 
1669915551 2075 1899 1109 1651 
1669915553 1685 1558 798 1426 
1669915555 1306 1961 1782 2177 
1669915557 1513 1570 1587 1822 
1669915559 3575 3361 3519 3524 
1669915561 923 930 952 1108 
1669915563 2158 2342 2491 2649 
1669915565 1866 1935 1914 2432 
1669915567 1362 1568 808 1531 
1669915569 1783 1790 1644 2066 
1669915571 1498 1583 870 1649 
1669915573 1319 1303 740 1051 
1669915575 2699 2324 960 2040 
1669915577 1462 1098 384 1025 
1669915579 3532 2960 1496 2382 
1669915581 2248 1589 360 559 
1669915583 1787 1839 2127 2271 
1669915585 3380 2657 3068 3111 
1669915587 2039 621 356 586 
1669915589 801 1194 1560 698 
1669915591 1604 1606 1190 1139 
1669915593 948 1292 695 992 
1669915595 3174 3206 3496 3432 
1669915597 2335 2443 1859 2034 
1669915599 1240 1556 1267 1299 
1669915601 1135 988 417 1053 
1669915603 1753 1943 1230 1819 
1669915605 3568 3295 3413 3398 
1669915607 1279 2119 2005 2080 
1669915609 1327 1619 1167 1728 
1669915611 617 970 602 1436 
1669915613 1153 1691 1306 1790 
1669915615 1130 1344 584 1089 
1669915617 620 981 373 1012 
1669915619 1571 1637 675 1483 
1669915621 1385 1517 498 1265 
1669915623 793 1739 3280 3562 
1669915625 2221 1866 1165 1256 
1669915627 290 614 319 546 
1669915629 2507 2725 2093 2262 
1669915631 3438 3159 1909 2376 
1669915633 3500 2865 3168 3169 
1669915635 1581 1057 309 652 
1669915637 3029 3083 2779 2974 
1669915639 1319 1521 696 1424 
1669915641 1296 1329 735 1201 
1669915643 3334 3027 3225 3181 
1669915645 1995 2237 1455 1779 
1669915647 3500 3204 3111 3269 
1669915649 665 987 639 796 
1669915651 2982 1870 2080 2581 
1669915653 1832 1947 1988 2194 
1669915655 974 539 331 690 
1669915657 2065 1696 1935 2412 
1669915659 1859 1667 328 536 
1669915661 1978 635 0 116 
1669915663 1125 1086 973 1280 
1669915665 786 784 777 1114 
1669915667 2791 2828 2163 2102 
1669915669 1106 1102 1329 1346 
1669915671 3442 2703 2067 2057 
1669915673 2377 1941 1205 1802 
1669915675 1477 1258 919 1294 
1669915677 3569 3327 3317 3335 
1669915679 478 1491 1568 1956 
1669915681 1636 1859 1447 2134 
1669915683 1513 1592 778 1677 
1669915685 1402 1492 575 1447 
1669915687 1421 1607 594 1340 
1669915689 2311 2588 3320 3351 
1669915691 1741 2324 2692 2905 
1669915693 1392 1977 1914 2328 
1669915695 1226 1374 676 1511 
1669915697 1491 1609 590 1276 
1669915699 1398 1364 620 1301 
1669915701 1343 1652 984 1572 
1669915703 1424 1591 631 1392 
1669915705 1559 1627 550 1227 
1669915707 1521 1643 666 1399 
1669915709 1536 1858 1409 1747 
1669915711 1463 1511 726 1459 
1669915713 1615 1527 1600 1299 
1669915715 1417 1389 803 1248 
1669915717 1336 1971 1849 2102 
1669915719 580 409 370 681 
1669915721 1556 2457 558 1046 
1669915723 1766 2909 2341 2451 
1669915725 1051 1283 638 872 
1669915727 1421 1794 855 1302 
1669915729 602 387 387 560 
1669915731 748 1067 410 839 
1669915733 1240 1332 514 1059 
1669915735 1400 1507 666 1195 
1669915737 2047 2722 1109 2250 
1669915739 1051 685 1299 1458 
1669915741 2574 1700 981 1790 
1669915743 2118 1688 926 1594 
1669915745 1631 1589 946 1245 
1669915747 1771 1521 479 1331 
1669915749 3495 3444 1833 3284 
1669915751 1142 1999 3045 2548 
1669915753 589 1011 1461 1081 
1669915755 1060 879 1448 1245 
1669915757 648 704 492 764 
1669915759 874 665 672 768 
1669915761 1363 1458 1060 1464 
1669915763 882 926 908 1160 
1669915765 1180 1067 710 1260 
1669915767 1159 832 626 1021 
1669915769 1613 1006 785 1000 
1669915771 1334 1212 703 874 
1669915773 1288 1857 1362 966 
1669915775 590 2147 491 2381 
1669915777 964 1832 546 1598 
1669915779 1276 1573 639 1438 
1669915781 1440 1599 768 1202 
1669915783 2096 1499 331 1234 
1669915785 3408 3079 818 2468 
1669915787 1953 2094 805 1890 
1669915789 2479 2518 1496 2549 
1669915791 1390 1758 750 1558 
1669915793 1482 1606 349 1279 
1669915795 1778 1842 766 1518 
1669915797 2277 2416 1690 2712 
1669915799 1958 2033 1241 2089 
1669915801 1051 1402 932 1540 
1669915803 1669 1523 329 932 
1669915805 3607 2301 822 2278 
1669915807 792 488 457 796 
1669915809 1713 2373 2982 2523 
1669915811 1791 1415 550 1335 
1669915813 1896 1761 1054 1599 
1669915815 1451 1527 712 1368 
1669915817 1271 1365 635 1298 
1669915819 1342 1411 652 1196 
1669915821 1249 1578 652 1165 
1669915823 1236 1487 621 1209 
1669915825 1331 1295 556 1130 
1669915827 1335 1545 623 1193 
1669915829 1389 1561 660 1279 
1669915831 1401 1556 629 1083 
1669915833 1355 1392 568 1211 
1669915835 1377 1552 478 1211 
1669915837 1198 1331 695 1101 
1669915839 718 567 7 862 
1669915841 1355 1412 5 1262 
1669915843 1396 1580 8 1333 
1669915845 1442 1453 7 1320 
1669915847 1472 1521 7 1223 
1669915849 1455 1577 8 1273 
1669915851 1450 1641 7 1250 
1669915853 1425 1627 4 1175 
1669915855 1440 1619 8 1160 
1669915857 1421 1603 7 1224 
1669915859 1437 1537 8 1222 
1669915861 1416 1359 7 1240 
1669915863 1441 1596 9 1084 
1669915865 1428 1514 5 1155 
1669915867 1398 1579 6 1237 
1669915869 1427 1440 8 1154 
1669915871 1325 1596 5 1211 
1669915873 1401 1620 8 1150 
1669915875 1389 1581 7 1194 
1669915877 1321 1579 8 1206 
1669915879 1386 1526 8 1138 
1669915881 1396 1472 8 1077 
1669915883 1396 1558 5 1083 
1669915885 1411 1579 6 1097 
1669915887 1400 1508 7 1173 
1669915889 1379 1404 5 1202 
1669915891 1404 1570 9 1206 
1669915893 1419 1422 4 1044 
1669915895 1396 1405 6 1080 
1669915897 1316 1410 5 1075 
1669915899 1340 1545 6 1198 
1669915901 1409 1582 7 1201 
1669915903 1396 1572 9 1106 
1669915905 1418 1581 10 1166 
1669915907 1411 1588 7 1193 
1669915909 1408 1595 8 1197 
1669915911 1391 1595 5 1206 
1669915913 1387 1589 6 1203 
1669915915 1368 1496 6 1208 
1669915917 1287 1403 8 1233 
1669915919 1374 1605 9 1220 
1669915921 1403 1424 6 1202 
1669915923 1403 1591 7 1193 
1669915925 1408 1588 6 1211 
1669915927 1393 1596 8 1223 
1669915929 1398 1363 6 1126 
1669915931 1377 1545 8 1122 
1669915933 1393 1486 6 1172 
1669915935 1413 1559 5 1188 
1669915937 1406 1592 7 1217 
1669915939 1410 1576 6 1231 
1669915941 1423 1597 8 1247 
1669915943 1393 1565 9 1218 
1669915945 1404 1584 6 1211 
1669915947 1391 1434 6 1134 
1669915949 1310 1592 6 1013 
1669915951 1381 1424 8 1170 
1669915953 1422 1584 6 1131 
1669915955 1311 1572 6 1205 
1669915957 1372 1608 7 1126 
1669915959 1420 1588 6 1176 
1669915961 1436 1592 7 1216 
1669915963 1404 1451 6 1045 
1669915965 1407 1597 7 1172 
1669915967 1324 1608 8 1197 
1669915969 1369 1367 4 1226 
1669915971 1410 1601 9 1220 
1669915973 1427 1574 5 1127 
1669915975 1402 1592 6 1185 
1669915977 1345 1584 6 1203 
1669915979 1385 1573 7 1195 
1669915981 1406 1590 6 1210 
1669915983 1426 1327 8 1214 
1669915985 1435 1562 6 1216 
1669915987 1352 1402 6 1199 
1669915989 1318 1360 8 1226 
1669915991 1390 1414 7 1223 
1669915993 1379 1382 8 1142 
1669915995 1387 1400 7 1179 
1669915997 1311 1566 5 1114 
1669915999 1377 1588 7 1189 
1669916001 1379 1420 8 1210 
1669916003 1388 1611 6 1234 
1669916005 1234 1562 5 1204 
1669916007 1340 1421 7 1226 
1669916009 1400 1608 7 1217 
1669916011 1416 1617 6 1206 
1669916013 1414 1505 6 1220 
1669916015 1407 1474 6 1229 
1669916017 1319 1386 5 1220 
1669916019 1310 1579 6 1214 
1669916021 1396 1513 3 1235 
1669916023 1389 1557 6 1224 
1669916025 1394 1345 7 1188 
1669916027 1392 1553 6 1235 
1669916029 1391 1580 6 1237 
1669916031 1314 1446 8 1223 
1669916033 1386 1481 5 1151 
1669916035 1393 1611 6 1218 
1669916037 1404 1541 4 1233 
1669916039 1392 1482 9 1207 
1669916041 1385 1363 6 1224 
1669916043 1334 1395 7 1168 
1669916045 1289 1415 7 1221 
1669916047 1397 1619 9 1072 
1669916049 1329 1572 5 1147 
1669916051 1396 1512 7 1166 
1669916053 1347 1538 8 1212 
1669916055 1389 1568 4 1146 
1669916057 1317 1392 9 1124 
1669916059 1290 1331 4 1190 
1669916061 1375 1551 6 1219 
1669916063 1399 1403 4 1158 
1669916065 1438 1428 5 1126 
1669916067 1439 1591 7 1032 
1669916069 1414 1357 5 1161 
1669916071 1367 1557 5 1180 
1669916073 1421 1439 5 1128 
1669916075 1432 1438 6 1211 
1669916077 1440 1393 7 1248 
1669916079 1428 1370 8 1071 
1669916081 1425 1460 5 1182 
1669916083 1419 1511 3 1115 
1669916085 1424 1395 7 1216 
1669916087 1442 1522 6 1146 
1669916089 1327 1564 6 1138 
1669916091 1416 1448 6 1135 
1669916093 1394 1628 6 1235 
1669916095 1404 1534 6 1232 
1669916097 1310 1343 6 1114 
1669916099 1314 1398 5 1212 
1669916101 1299 1582 4 1222 
1669916103 1372 1358 7 1141 
1669916105 1670 1404 9 1515 
1669916107 3525 2305 6 2333 
1669916109 782 857 7 804 
1669916111 2887 2176 7 1883 
1669916113 576 578 7 1463 
1669916115 1210 1130 6 1438 
1669916117 1398 1411 7 1274 
1669916119 1270 1504 7 1200 
1669916121 1335 1566 7 1147 
1669916123 1402 1433 8 1233 
1669916125 1443 1615 6 1258 
1669916127 1471 1623 6 1171 
1669916129 1917 1673 4 1218 
1669916131 2116 14 6 1085 
1669916133 2721 398 6 1210 
1669916135 1253 742 7 1173 
1669916137 1334 1286 6 1290 
1669916139 1661 1267 11 1188 
1669916141 984 888 11 892 
1669916143 1288 1165 5 1193 
1669916145 1316 1284 6 1099 
1669916147 1358 1216 7 1165 
1669916149 1364 1335 6 1207 
1669916151 1382 1564 8 1144 
1669916153 1384 1529 5 1111 
1669916155 1494 1561 4 1190 
1669916157 1526 1623 6 1228 
1669916159 1395 1489 6 1255 
1669916161 1380 1584 7 1195 
1669916163 1433 1363 7 1121 
1669916165 1414 1589 6 1236 
1669916167 1357 1568 6 1247 
1669916169 1506 1502 6 1177 
1669916171 1190 1598 7 1279 
1669916173 1383 1589 8 1411 
1669916175 1472 1625 7 1226 
1669916177 1693 1608 6 1328 
1669916179 1199 1237 7 1172 
1669916181 1227 1309 7 1231 
1669916183 1363 1577 7 1262 
1669916185 1410 1457 7 1276 
1669916187 1240 1576 9 1242 
1669916189 1471 1636 7 1265 
1669916191 987 1436 6 1009 
1669916193 13 11 12 60 
1669916195 571 695 5 1099 
1669916197 9 13 10 11 
1669916199 709 12 10 0 
1669916201 983 9 9 26 
1669916203 1215 11 10 49 
1669916205 1334 9 8 73 
1669916207 1392 12 9 87 
1669916209 1393 13 8 103 
1669916211 1395 13 10 118 
1669916213 1420 10 10 136 
1669916215 1438 9 9 153 
1669916217 1446 12 8 168 
1669916219 1451 13 11 176 
1669916221 1295 11 8 198 
1669916223 1403 10 12 218 
1669916225 1347 11 9 233 
1669916227 1398 13 10 246 
1669916229 1445 12 9 259 
1669916231 1414 11 10 270 
1669916233 1443 10 9 279 
1669916235 1438 12 8 296 
1669916237 1442 10 9 305 
1669916239 1443 12 9 318 
1669916241 1359 13 10 328 
1669916243 1392 10 11 342 
1669916245 1420 13 8 352 
1669916247 1266 10 10 364 
1669916249 1370 10 6 370 
1669916251 1341 11 10 382 
1669916253 1415 11 11 393 
1669916255 1438 11 9 405 
1669916257 1347 14 9 418 
1669916259 1401 15 11 422 
1669916261 1449 11 7 433 
1669916263 1438 9 11 438 
1669916265 1271 13 9 447 
1669916267 1383 13 8 458 
1669916269 1422 11 11 467 
1669916271 1420 10 10 474 
1669916273 1441 11 10 484 
1669916275 1445 8 11 491 
1669916277 1430 13 9 499 
1669916279 1445 12 10 507 
1669916281 1444 10 11 516 
1669916283 1419 9 11 524 
1669916285 1359 12 8 530 
1669916287 1417 12 10 538 
1669916289 1419 10 14 545 
1669916291 1408 13 11 549 
1669916293 1433 14 10 556 
1669916295 1440 12 9 564 
1669916297 1447 12 10 573 
1669916299 1439 11 13 577 
1669916301 1360 11 11 582 
1669916303 1416 14 10 593 
1669916305 1438 9 7 596 
1669916307 1448 10 10 599 
1669916309 1388 9 13 604 
1669916311 1409 11 8 613 
1669916313 1334 11 8 615 
1669916315 1388 0 10 620 
1669916317 1404 11 8 625 
1669916319 1335 11 8 629 
1669916321 1403 12 8 636 
1669916323 1438 13 11 635 
1669916325 1451 13 7 643 
1669916327 1441 13 10 647 
1669916329 1440 10 11 653 
1669916331 1426 8 10 658 
1669916333 1430 11 11 660 
1669916335 1342 11 9 666 
1669916337 1423 11 9 670 
1669916339 1447 10 13 678 
1669916341 1428 13 11 682 
1669916343 1443 11 10 683 
1669916345 1465 12 9 687 
1669916347 1375 10 11 693 
1669916349 1427 8 10 695 
1669916351 1424 12 8 698 
1669916353 1446 11 8 701 
1669916355 1422 10 12 704 
1669916357 1423 12 8 709 
1669916359 1442 10 10 713 
1669916361 1445 11 10 714 
1669916363 1437 13 10 720 
1669916365 1280 11 10 726 
1669916367 1406 11 11 729 
1669916369 1427 14 11 734 
1669916371 1431 12 6 734 
1669916373 1453 12 8 740 
1669916375 1456 11 7 744 
1669916377 1353 10 6 748 
1669916379 1404 13 9 749 
1669916381 1402 14 13 756 
1669916383 1260 10 8 761 
1669916385 1360 11 10 762 
1669916387 1429 12 9 764 
1669916389 1367 12 11 771 
1669916391 1418 11 10 772 
1669916393 1436 11 10 773 
1669916395 1348 12 9 780 
1669916397 1420 13 10 788 
1669916399 1436 11 7 787 
1669916401 1427 14 11 792 
1669916403 1460 8 12 798 
1669916405 1465 13 9 798 
1669916407 1384 8 11 800 
1669916409 1439 10 12 803 
1669916411 1413 13 12 804 
1669916413 1356 10 7 810 
1669916415 1412 10 12 812 
1669916417 1356 16 9 821 
1669916419 1417 28 11 829 
1669916421 1455 57 10 844 
1669916423 1463 87 11 851 
1669916425 1477 111 12 866 
1669916427 1478 132 12 880 
1669916429 1362 111 10 890 
1669916431 1424 181 9 908 
1669916433 1436 200 12 922 
1669916435 1456 224 10 935 
1669916437 1352 245 8 944 
1669916439 1426 263 7 954 
1669916441 1446 275 10 965 
1669916443 1466 306 10 978 
1669916445 1474 324 9 989 
1669916447 1396 343 10 994 
1669916449 1447 361 8 1005 
1669916451 1419 376 11 1014 
1669916453 1364 396 11 1021 
1669916455 1399 413 10 1027 
1669916457 1423 409 10 1038 
1669916459 1438 443 9 1043 
1669916461 1438 459 11 1055 
1669916463 1452 478 10 1062 
1669916465 1379 486 11 1067 
1669916467 1428 490 10 1074 
1669916469 1439 510 13 1083 
1669916471 1440 522 8 1092 
1669916473 1441 544 9 1094 
1669916475 1458 547 9 1098 
1669916477 1370 565 12 1106 
1669916479 1429 574 9 1112 
1669916481 1451 592 11 1116 
1669916483 1445 610 12 1119 
1669916485 1434 619 11 1126 
1669916487 1461 622 12 1132 
1669916489 1386 643 11 1136 
1669916491 1330 644 11 1143 
1669916493 1411 657 9 1146 
1669916495 1331 676 8 1150 
1669916497 1421 675 10 1154 
1669916499 1349 694 10 1158 
1669916501 1412 699 10 1156 
1669916503 1415 693 7 1162 
1669916505 1361 722 8 1168 
1669916507 1443 732 9 1169 
1669916509 1448 741 13 1175 
1669916511 1438 752 12 1177 
1669916513 1458 751 8 1175 
1669916515 1435 765 10 1184 
1669916517 1347 776 9 1187 
1669916519 1432 777 10 1186 
1669916521 1441 799 13 1188 
1669916523 1467 804 9 1191 
1669916525 1463 815 12 1196 
1669916527 1393 822 8 1197 
1669916529 1411 835 13 1204 
1669916531 1358 835 14 1202 
1669916533 1424 830 11 1203 
1669916535 1360 849 9 1206 
1669916537 1399 860 11 1207 
1669916539 1436 865 11 1206 
1669916541 1463 867 12 1209 
1669916543 1389 875 12 1208 
1669916545 1408 888 12 1214 
1669916547 1438 896 15 1213 
1669916549 1451 887 10 1215 
1669916551 1453 906 10 1214 
1669916553 1445 907 9 1219 
1669916555 1457 917 8 1215 
1669916557 1441 918 9 1215 
1669916559 1437 928 9 1220 
1669916561 1366 953 10 1223 
1669916563 1425 936 12 1222 
1669916565 1446 942 11 1222 
1669916567 1364 946 9 1220 
1669916569 1440 955 14 1224 
1669916571 1345 957 11 1224 
1669916573 1422 967 9 1226 
1669916575 1467 964 9 1226 
1669916577 1467 972 9 1227 
1669916579 1480 983 9 1230 
1669916581 1457 988 11 1229 
1669916583 1479 986 10 1229 
1669916585 1433 997 10 1234 
1669916587 1454 1002 10 1233 
1669916589 1464 1007 8 1230 
1669916591 1475 980 10 1231 
1669916593 1486 1018 9 1235 
1669916595 1441 1016 10 1238 
1669916597 1439 1029 8 1237 
1669916599 1445 1026 11 1239 
1669916601 1433 1027 12 1238 
1669916603 1454 1066 10 1235 
1669916605 1366 1044 7 1236 
1669916607 1424 1049 11 1235 
1669916609 1460 1043 7 1240 
1669916611 1470 1058 13 1239 
1669916613 1439 1062 12 1236 
1669916615 1428 1058 12 1236 
1669916617 1348 1070 12 1234 
1669916619 1411 1072 10 1232 
1669916621 1421 1073 12 1231 
1669916623 1439 1059 9 1231 
1669916625 1460 1070 10 1231 
1669916627 1447 1090 11 1233 
1669916629 1459 1088 8 1233 
1669916631 1470 1088 12 1235 
1669916633 1472 1098 9 1229 
1669916635 1462 1094 12 1233 
1669916637 1464 1103 6 1234 
1669916639 1441 1100 11 1231 
1669916641 1437 1112 9 1236 
1669916643 1479 1117 10 1232 
1669916645 1387 1104 7 1229 
1669916647 1345 1113 9 1230 
1669916649 1338 1121 11 1231 
1669916651 1412 1119 10 1233 
1669916653 1353 1134 11 1231 
1669916655 1419 1124 10 1231 
1669916657 1346 1141 8 1231 
1669916659 1394 1139 11 1235 
1669916661 1448 1146 12 1235 
1669916663 1460 1149 11 1233 
1669916665 1467 1126 8 1233 
1669916667 1441 1156 10 1233 
1669916669 1453 1160 8 1229 
1669916671 1439 1164 9 1233 
1669916673 1463 1161 11 1233 
1669916675 1431 1162 11 1231 
1669916677 1452 1171 13 1227 
1669916679 1457 1177 7 1228 
1669916681 1434 1175 9 1229 
1669916683 1465 1179 9 1224 
1669916685 1452 1182 12 1227 
1669916687 1434 1177 9 1224 
1669916689 1372 1187 12 1224 
1669916691 1369 1191 12 1228 
1669916693 1414 1194 10 1227 
1669916695 1451 1196 12 1227 
1669916697 1460 1192 11 1225 
1669916699 1479 1196 7 1222 
1669916701 1449 1199 10 1223 
1669916703 1458 1203 9 1219 
1669916705 1438 1208 10 1224 
1669916707 1392 1210 11 1224 
1669916709 1432 1203 10 1222 
1669916711 1475 1213 13 1226 
1669916713 1391 1215 10 1228 
1669916715 1431 1217 9 1222 
1669916717 1367 1220 8 1221 
1669916719 1427 1219 11 1217 
1669916721 1455 1220 9 1222 
1669916723 1474 1225 9 1222 
1669916725 1469 1236 10 1217 
1669916727 1477 1225 11 1219 
1669916729 1448 1232 11 1214 
1669916731 1473 1229 9 1211 
1669916733 1453 1231 10 1215 
1669916735 1473 1236 12 1210 
1669916737 1377 1235 9 1213 
1669916739 1402 1174 10 1213 
1669916741 1361 1244 8 1210 
1669916743 1344 1237 11 1212 
1669916745 1395 1249 11 1213 
1669916747 1428 1248 9 1211 
1669916749 1362 1252 8 1210 
1669916751 1320 1245 12 1208 
1669916753 1400 1255 11 1208 
1669916755 1426 1237 10 1209 
1669916757 1445 1260 10 1206 
1669916759 1449 1241 13 1205 
1669916761 1454 1285 13 1210 
1669916763 1473 1269 9 1212 
1669916765 1442 1270 11 1210 
1669916767 1450 1262 9 1207 
1669916769 1438 1276 11 1213 
1669916771 1428 1278 11 1213 
1669916773 1366 1275 8 1207 
1669916775 1429 1281 12 1213 
1669916777 1425 1261 11 1208 
1669916779 1376 1284 10 1206 
1669916781 1328 1285 10 1205 
1669916783 1401 1277 9 1205 
1669916785 1427 1288 11 1201 
1669916787 1367 1271 10 1205 
1669916789 1406 1293 9 1203 
1669916791 1451 1299 10 1205 
1669916793 1432 1298 10 1200 
1669916795 1370 1297 3 1193 
1669916797 1426 1301 9 1198 
1669916799 1454 1308 12 1200 
1669916801 1445 1309 10 1201 
1669916803 1426 1307 10 1202 
1669916805 1461 1311 9 1202 
1669916807 1397 1305 10 1201 
1669916809 1434 1314 12 1197 
1669916811 1439 1315 10 1199 
1669916813 1446 1317 10 1194 
1669916815 1468 1248 12 1195 
1669916817 1382 1321 12 1195 
1669916819 1429 1321 9 1192 
1669916821 1457 1321 11 1194 
1669916823 1394 1319 10 1190 
1669916825 1442 1316 10 1190 
1669916827 1433 1322 11 1192 
1669916829 1385 1330 10 1191 
1669916831 1439 1339 9 1193 
1669916833 1427 1341 10 1194 
1669916835 1460 1340 7 1194 
1669916837 1463 1338 11 1193 
1669916839 1470 1342 9 1192 
1669916841 1367 1340 12 1187 
1669916843 1434 1337 13 1187 
1669916845 1433 1339 9 1185 
1669916847 1427 1337 7 1184 
1669916849 1459 1334 9 1185 
1669916851 1466 1345 9 1185 
1669916853 1468 1335 11 1185 
1669916855 1458 1346 10 1184 
1669916857 1452 1359 13 1184 
1669916859 1468 1350 10 1185 
1669916861 1466 1353 10 1187 
1669916863 1378 1335 10 1183 
1669916865 1433 1355 9 1184 
1669916867 1348 1354 11 1190 
1669916869 1333 1354 12 1186 
1669916871 1414 1348 9 1186 
1669916873 1452 1359 10 1189 
1669916875 1372 1362 12 1188 
1669916877 1348 1363 9 1188 
1669916879 1337 1362 13 1186 
1669916881 1425 1359 10 1184 
1669916883 1442 1367 9 1183 
1669916885 1458 1372 10 1182 
1669916887 1488 1368 12 1184 
1669916889 1396 1359 12 1184 
1669916891 1443 1370 13 1184 
1669916893 1469 1370 11 1181 
1669916895 1453 1373 11 1183 
1669916897 1459 1374 9 1182 
1669916899 1449 1378 11 1180 
1669916901 1370 1367 11 1178 
1669916903 1429 1374 10 1175 
1669916905 1447 1362 10 1179 
1669916907 1450 1377 6 1180 
1669916909 1384 1368 10 1183 
1669916911 1403 1380 8 1180 
1669916913 1418 1382 8 1177 
1669916915 1418 1380 10 1181 
1669916917 1448 1382 10 1180 
1669916919 1462 1384 12 1180 
1669916921 1294 1378 13 1175 
1669916923 1379 1405 9 1173 
1669916925 1445 1378 11 1172 
1669916927 1462 1386 11 1175 
1669916929 1465 1384 8 1174 
1669916931 1469 1382 11 1174 
1669916933 1465 1390 10 1175 
1669916935 1443 1381 12 1172 
1669916937 1382 1383 11 1171 
1669916939 1417 1392 12 1174 
1669916941 1445 1396 12 1174 
1669916943 1458 1385 8 1170 
1669916945 1452 1396 11 1170 
1669916947 1439 1398 11 1172 
1669916949 1475 1400 12 1174 
1669916951 1446 1385 12 1168 
1669916953 1473 1393 13 1171 
1669916955 1464 1401 8 1167 
1669916957 1470 1402 9 1172 
1669916959 1463 1395 10 1171 
1669916961 1461 1431 9 1173 
1669916963 1460 1400 9 1168 
1669916965 1386 1404 10 1168 
1669916967 1435 1404 10 1168 
1669916969 1463 1396 8 1163 
1669916971 1455 1397 9 1165 
1669916973 1449 1405 11 1161 
1669916975 1368 1402 13 1159 
1669916977 1434 1403 8 1163 
1669916979 1426 1404 9 1158 
1669916981 1467 1405 12 1159 
1669916983 1460 1408 8 1156 
1669916985 1366 1405 10 1156 
1669916987 1451 1408 8 1155 
1669916989 1447 1409 10 1155 
1669916991 1362 1417 10 1158 
1669916993 1328 1425 12 1158 
1669916995 1331 1418 11 1159 
1669916997 1408 1419 10 1160 
1669916999 1435 1416 11 1163 
1669917001 1443 1418 8 1158 
1669917003 1439 1444 10 1156 
1669917005 1466 1421 5 1160 
1669917007 1444 1410 16 1157 
1669917009 1468 1425 12 1157 
1669917011 1452 1446 11 1157 
1669917013 1475 1420 12 1157 
1669917015 1457 1429 12 1157 
1669917017 1459 1427 11 1156 
1669917019 1467 1430 11 1154 
1669917021 1467 1422 8 1154 
1669917023 1476 1416 8 1150 
1669917025 1483 1436 9 1150 
1669917027 1451 1425 9 1153 
1669917029 1480 1427 11 1152 
1669917031 1360 1424 10 1151 
1669917033 1406 1426 12 1150 
1669917035 1359 1417 9 1150 
1669917037 1421 1431 8 1148 
1669917039 1368 1428 10 1147 
1669917041 1430 1424 8 1149 
1669917043 1450 1428 9 1151 
1669917045 1426 1436 12 1154 
1669917047 1477 1442 9 1154 
1669917049 1390 1428 13 1152 
1669917051 1361 1441 8 1150 
1669917053 1414 1435 10 1152 
1669917055 1418 1457 11 1149 
1669917057 1443 1430 10 1150 
1669917059 1450 1447 10 1156 
1669917061 1442 1444 9 1152 
1669917063 1440 1440 11 1151 
1669917065 1464 1443 9 1153 
1669917067 1370 1436 8 1151 
1669917069 1351 1437 10 1149 
1669917071 1404 1436 10 1146 
1669917073 1441 1439 10 1149 
1669917075 1457 1419 12 1152 
1669917077 1467 1442 11 1156 
1669917079 1442 1448 11 1155 
1669917081 1461 1457 7 1157 
1669917083 1440 1456 11 1155 
1669917085 1461 1456 8 1154 
1669917087 1387 1454 8 1148 
1669917089 1335 1481 11 1154 
1669917091 1318 1454 11 1151 
1669917093 1391 1455 10 1150 
1669917095 1460 1460 10 1150 
1669917097 1291 1455 8 1154 
1669917099 1386 1464 10 1147 
1669917101 1408 1460 11 1152 
1669917103 1420 1465 11 1148 
1669917105 1439 1463 12 1154 
1669917107 1467 1466 11 1156 
1669917109 1379 1469 11 1150 
1669917111 1358 1462 8 1150 
1669917113 1437 1441 10 1149 
1669917115 1426 1459 12 1153 
1669917117 1451 1456 10 1150 
1669917119 1441 1456 8 1152 
1669917121 1385 1455 10 1148 
1669917123 1328 1454 12 1144 
1669917125 1417 1461 11 1150 
1669917127 1423 1459 8 1150 
1669917129 1442 1464 11 1147 
1669917131 1464 1454 7 1141 
1669917133 1476 1453 10 1139 
1669917135 1480 1450 10 1138 
1669917137 1477 1469 9 1144 
1669917139 1458 1458 10 1149 
1669917141 1456 1458 12 1146 
1669917143 1435 1462 10 1145 
1669917145 1466 1459 11 1139 
1669917147 1468 1447 10 1137 
1669917149 1484 1449 11 1134 
1669917151 1489 1449 8 1132 
1669917153 1385 1438 12 1131 
1669917155 1414 1447 7 1129 
1669917157 1468 1450 13 1131 
1669917159 1375 1427 12 1126 
1669917161 1362 1444 9 1130 
1669917163 1397 1442 12 1130 
1669917165 1455 1441 9 1131 
1669917167 1448 1444 8 1132 
1669917169 1474 1448 12 1129 
1669917171 1405 1448 10 1130 
1669917173 1437 1447 9 1128 
1669917175 1447 1449 11 1131 
1669917177 1443 1441 7 1132 
1669917179 1469 1446 9 1131 
1669917181 1444 1442 8 1129 
1669917183 1429 1450 8 1135 
1669917185 1434 1452 10 1136 
1669917187 1455 1453 10 1131 
1669917189 1439 1440 10 1132 
1669917191 1458 1454 9 1133 
1669917193 1435 1461 6 1137 
1669917195 1450 1479 12 1137 
1669917197 1435 1458 11 1133 
1669917199 1387 1458 12 1135 
1669917201 1413 1460 8 1141 
1669917203 1451 1486 11 1135 
1669917205 1456 1450 11 1134 
1669917207 1462 1442 7 1130 
1669917209 1478 1447 14 1130 
1669917211 1462 1444 7 1131 
1669917213 1449 1476 10 1131 
1669917215 1456 1441 7 1133 
1669917217 1464 1448 8 1133 
1669917219 1443 1447 12 1130 
1669917221 1475 1445 10 1129 
1669917223 1475 1445 13 1127 
1669917225 1475 1429 10 1122 
1669917227 1456 1440 6 1126 
1669917229 1449 1443 9 1125 
1669917231 1376 1439 8 1123 
1669917233 1430 1439 9 1123 
1669917235 1449 1436 6 1123 
1669917237 1427 1443 9 1121 
1669917239 1438 1436 9 1126 
1669917241 1377 1442 9 1123 
1669917243 1405 1442 8 1128 
1669917245 1351 1441 12 1129 
1669917247 1428 1441 8 1130 
1669917249 1454 1445 9 1134 
1669917251 1380 1447 9 1130 
1669917253 1447 1449 7 1133 
1669917255 1447 1435 10 1126 
1669917257 1451 1453 10 1131 
1669917259 1431 1455 8 1132 
1669917261 1459 1459 12 1137 
1669917263 1458 1443 9 1138 
1669917265 1457 1469 10 1141 
1669917267 1468 1471 9 1144 
1669917269 1460 1471 12 1147 
1669917271 1450 1464 10 1146 
1669917273 1442 1474 11 1147 
1669917275 1368 1474 9 1143 
1669917277 1410 1470 10 1144 
1669917279 1429 1471 10 1152 
1669917281 1348 1494 10 1156 
1669917283 1421 1489 10 1148 
1669917285 1364 1484 9 1150 
1669917287 1413 1481 9 1141 
1669917289 1418 1478 9 1135 
1669917291 1421 1465 8 1138 
1669917293 1387 1474 8 1133 
1669917295 1426 1473 9 1131 
1669917297 1466 1476 9 1134 
1669917299 1380 1464 8 1134 
1669917301 1350 1472 10 1133 
1669917303 1396 1462 10 1130 
1669917305 1382 1469 9 1133 
1669917307 1421 1485 7 1132 
1669917309 1379 1470 10 1133 
1669917311 1429 1468 9 1132 
1669917313 1445 1471 9 1135 
1669917315 1436 1471 9 1135 
1669917317 1466 1477 7 1138 
1669917319 1494 1474 12 1133 
1669917321 1495 1481 7 1137 
1669917323 1392 1481 9 1135 
1669917325 1440 1478 8 1134 
1669917327 1470 1470 10 1131 
1669917329 1445 1474 8 1127 
1669917331 1470 1478 9 1132 
1669917333 1394 1473 10 1130 
1669917335 1427 1476 9 1129 
1669917337 1424 1473 10 1130 
1669917339 1473 1474 9 1127 
1669917341 1465 1478 9 1131 
1669917343 1436 1478 8 1131 
1669917345 1461 1481 10 1134 
1669917347 1469 1482 9 1130 
1669917349 1481 1476 9 1132 
1669917351 1403 1476 8 1131 
1669917353 1443 1477 10 1128 
1669917355 1467 1472 9 1131 
1669917357 1468 1485 7 1130 
1669917359 1478 1467 8 1130 
1669917361 1493 1485 8 1127 
1669917363 1481 1476 6 1126 
1669917365 1477 1476 7 1126 
1669917367 1479 1502 8 1124 
1669917369 1483 1475 6 1124 
1669917371 1463 1473 9 1123 
1669917373 1376 1477 8 1124 
1669917375 1439 1477 8 1126 
1669917377 1435 1468 10 1126 
1669917379 1470 1481 10 1125 
1669917381 1456 1463 7 1128 
1669917383 1467 1460 8 1129 
1669917385 1460 1476 8 1125 
1669917387 1465 1490 10 1125 
1669917389 1447 1474 10 1124 
1669917391 1369 1480 8 1126 
1669917393 1413 1486 10 1128 
1669917395 1457 1474 10 1123 
1669917397 1445 1481 11 1119 
1669917399 1441 1476 10 1123 
1669917401 1387 1480 11 1121 
1669917403 1407 1458 10 1120 
1669917405 1381 1490 10 1122 
1669917407 1440 1504 7 1127 
1669917409 1441 1478 11 1125 
1669917411 1459 1469 7 1117 
1669917413 1435 1466 7 1121 
1669917415 1443 1480 8 1125 
1669917417 1363 1479 9 1120 
1669917419 1344 1466 9 1121 
1669917421 1396 1477 8 1122 
1669917423 1451 1482 8 1122 
1669917425 1480 1481 12 1121 
1669917427 1484 1478 8 1131 
1669917429 1471 1488 11 1131 
1669917431 1391 1487 10 1125 
1669917433 1437 1487 9 1128 
1669917435 1472 1485 12 1127 
1669917437 1464 1484 9 1127 
1669917439 1474 1482 7 1126 
1669917441 1473 1484 9 1124 
1669917443 1456 1482 8 1127 
1669917445 1445 1486 10 1125 
1669917447 1427 1472 8 1125 
1669917449 1382 1486 9 1124 
1669917451 1413 1484 11 1125 
1669917453 1452 1472 9 1119 
1669917455 1429 1490 6 1130 
1669917457 1432 1492 8 1124 
1669917459 1395 1495 8 1125 
1669917461 1415 1483 11 1126 
1669917463 1439 1490 9 1121 
1669917465 1368 1475 10 1122 
1669917467 1436 1492 7 1123 
1669917469 1461 1489 9 1119 
1669917471 1472 1483 9 1125 
1669917473 1381 1497 10 1127 
1669917475 1405 1493 8 1125 
1669917477 1455 1501 9 1124 
1669917479 1462 1476 10 1125 
1669917481 1469 1488 11 1121 
1669917483 1473 1528 7 1120 
1669917485 1486 1506 10 1127 
1669917487 1452 1500 10 1120 
1669917489 1437 1494 12 1120 
1669917491 1471 1491 10 1123 
1669917493 1475 1504 6 1125 
1669917495 1479 1508 12 1125 
1669917497 1420 1524 9 1124 
1669917499 1437 1505 10 1122 
1669917501 1382 1502 11 1124 
1669917503 1420 1500 7 1122 
1669917505 1366 1497 13 1123 
1669917507 1418 1498 8 1122 
1669917509 1434 1498 11 1118 
1669917511 1461 1507 10 1119 
1669917513 1465 1479 11 1121 
1669917515 1468 1495 10 1118 
1669917517 1482 1506 11 1124 
1669917519 1378 1501 10 1124 
1669917521 1426 1504 11 1124 
1669917523 1461 1493 8 1123 
1669917525 1436 1498 8 1123 
1669917527 1436 1499 9 1124 
1669917529 1468 1491 10 1123 
1669917531 1471 1487 11 1121 
1669917533 1399 1494 11 1119 
1669917535 1443 1469 10 1118 
1669917537 1468 1493 9 1119 
1669917539 1473 1528 9 1123 
1669917541 1444 1495 7 1123 
1669917543 1452 1497 8 1121 
1669917545 1435 1500 10 1125 
1669917547 1456 1485 12 1121 
1669917549 1448 1493 11 1123 
1669917551 1368 1422 11 1117 
1669917553 1437 1492 11 1119 
1669917555 1459 1490 9 1121 
1669917557 1457 1485 12 1125 
1669917559 1448 1510 10 1136 
1669917561 1355 1499 10 1133 
1669917563 1411 1509 9 1134 
1669917565 1350 1494 9 1127 
1669917567 1415 1483 10 1120 
1669917569 1367 1489 11 1117 
1669917571 1402 1492 8 1118 
1669917573 1347 1497 7 1127 
1669917575 1401 1501 9 1130 
1669917577 1367 1489 7 1126 
1669917579 1451 1491 7 1119 
1669917581 1451 1473 9 1119 
1669917583 1462 1480 9 1115 
1669917585 1473 1481 11 1117 
1669917587 1462 1485 10 1117 
1669917589 1481 1486 6 1117 
1669917591 1446 1485 10 1119 
1669917593 1459 1485 9 1120 
1669917595 1448 1486 12 1120 
1669917597 1474 1415 11 1123 
1669917599 1485 1483 13 1114 
