1669917603 1363 1487 13 1118 
1669917606 1399 1480 12 1117 
1669917608 1424 1512 8 1117 
1669917610 1457 1478 11 1120 
1669917612 1478 1494 6 1119 
1669917614 1388 1490 10 1121 
1669917616 1267 1489 8 1116 
1669917618 1393 1479 10 1111 
1669917620 1405 1457 10 1115 
1669917622 1458 1481 9 1113 
1669917624 1471 1487 9 1120 
1669917626 1482 1485 8 1120 
1669917628 1405 1477 8 1118 
1669917630 1452 1492 8 1117 
1669917632 1370 1478 10 1119 
1669917634 1409 1492 8 1121 
1669917636 1428 1481 10 1116 
1669917638 1431 1488 9 1111 
1669917640 1453 1487 8 1116 
1669917642 1474 1463 12 1112 
1669917644 1476 1481 11 1117 
1669917646 1475 1490 10 1115 
1669917648 1476 1482 10 1119 
1669917650 1369 1486 9 1114 
1669917652 1439 1488 10 1116 
1669917654 1352 1483 10 1107 
1669917656 1434 1474 11 1111 
1669917658 1361 1461 9 1104 
1669917660 1341 1479 9 1113 
1669917662 1329 1473 9 1117 
1669917664 1418 1477 12 1113 
1669917666 1455 1471 6 1107 
1669917668 1449 1482 9 1117 
1669917670 1361 1483 9 1119 
1669917672 1337 1480 11 1114 
1669917674 1394 1471 10 1109 
1669917676 1458 1471 8 1110 
1669917678 1444 1466 9 1109 
1669917680 1460 1474 11 1104 
1669917682 1463 1471 9 1107 
1669917684 1383 1468 7 1104 
1669917686 1353 1476 11 1109 
1669917688 1426 1473 7 1103 
1669917690 1459 1469 7 1105 
1669917692 1372 1465 13 1103 
1669917694 1418 1469 11 1104 
1669917696 1456 1472 9 1106 
1669917698 1489 1461 12 1102 
1669917700 1493 1465 9 1097 
1669917702 1495 1453 8 1095 
1669917704 1389 1455 12 1094 
1669917706 1455 1462 10 1100 
1669917708 1457 1463 12 1102 
1669917710 1485 1461 12 1102 
1669917712 1460 1457 9 1100 
1669917714 1471 1465 10 1106 
1669917716 1459 1468 11 1102 
1669917718 1381 1466 6 1101 
1669917720 1452 1461 9 1099 
1669917722 1442 1456 7 1102 
1669917724 1448 1460 8 1104 
1669917726 1291 1464 9 1102 
1669917728 1419 1458 10 1101 
1669917730 1428 1463 10 1101 
1669917732 1454 1451 12 1102 
1669917734 1367 1453 11 1100 
1669917736 1449 1463 8 1105 
1669917738 1374 1465 9 1104 
1669917740 1406 1456 13 1104 
1669917742 1368 1464 8 1101 
1669917744 1430 1465 11 1104 
1669917746 1475 1460 11 1106 
1669917748 1491 1468 9 1107 
1669917750 1479 1475 10 1107 
1669917752 1371 1398 11 1106 
1669917754 1418 1470 9 1101 
1669917756 1426 1468 9 1107 
1669917758 1457 1466 9 1102 
1669917760 1468 1470 10 1103 
1669917762 1458 1464 11 1104 
1669917764 1449 1460 8 1104 
1669917766 1381 1469 10 1108 
1669917768 1436 1467 12 1110 
1669917770 1380 1468 8 1110 
1669917772 1456 1478 10 1110 
1669917774 1466 1466 9 1106 
1669917776 1490 1469 9 1110 
1669917778 1495 1487 12 1114 
1669917780 1491 1474 8 1110 
1669917782 1493 1486 12 1113 
1669917784 1489 1475 8 1114 
1669917786 1477 1482 8 1109 
1669917788 1463 1477 6 1114 
1669917790 1494 1476 6 1114 
1669917792 1402 1457 9 1115 
1669917794 1439 1478 9 1114 
1669917796 1443 1486 6 1118 
1669917798 1455 1471 11 1118 
1669917800 1472 1477 9 1117 
1669917802 1455 1480 10 1116 
1669917804 1459 1468 10 1120 
1669917806 1381 1481 10 1119 
1669917808 1415 1483 11 1119 
1669917810 1442 1485 9 1121 
1669917812 1436 1482 11 1119 
1669917814 1435 1481 7 1121 
1669917816 1456 1486 10 1123 
1669917818 1455 1485 8 1120 
1669917820 1475 1479 10 1119 
1669917822 1479 1483 8 1118 
1669917824 1482 1474 8 1119 
1669917826 1449 1479 8 1116 
1669917828 1300 1461 11 1116 
1669917830 1411 1470 10 1117 
1669917832 1434 1477 10 1117 
1669917834 1442 1469 9 1120 
1669917836 1385 1479 9 1120 
1669917838 1407 1473 9 1123 
1669917840 1464 1476 10 1117 
1669917842 1462 1474 9 1121 
1669917844 1487 1418 10 1123 
1669917846 1466 1479 10 1122 
1669917848 1487 1482 10 1120 
1669917850 1505 1472 11 1119 
1669917852 1488 1474 10 1119 
1669917854 1487 1471 7 1121 
1669917856 1477 1480 9 1123 
1669917858 1463 1475 9 1121 
1669917860 1460 1469 8 1125 
1669917862 1467 1481 9 1125 
1669917864 1470 1461 7 1123 
1669917866 1444 1484 7 1124 
1669917868 1445 1488 9 1127 
1669917870 1478 1486 10 1124 
1669917872 1489 1487 8 1128 
1669917874 1378 1489 10 1129 
1669917876 1430 1492 11 1130 
1669917878 1457 1486 11 1130 
1669917880 1392 1492 9 1127 
1669917882 1350 1495 9 1131 
1669917884 1425 1498 9 1128 
1669917886 1435 1496 10 1131 
1669917888 1439 1496 10 1132 
1669917890 1371 1524 7 1131 
1669917892 1434 1514 11 1132 
1669917894 1444 1493 9 1133 
1669917896 1461 1495 12 1132 
1669917898 1294 1492 12 1133 
1669917900 1399 1494 9 1132 
1669917902 1459 1486 10 1132 
1669917904 1477 1497 12 1134 
1669917906 1481 1496 10 1135 
1669917908 1471 1497 11 1130 
1669917910 1491 1491 8 1131 
1669917912 1455 1495 9 1131 
1669917914 1461 1498 10 1134 
1669917916 1403 1495 9 1136 
1669917918 1380 1498 7 1136 
1669917920 1408 1493 9 1135 
1669917922 1413 1497 9 1135 
1669917924 1463 1501 9 1137 
1669917926 1478 1488 9 1130 
1669917928 1413 1492 8 1137 
1669917930 1466 1503 13 1136 
1669917932 1393 1483 10 1135 
1669917934 1449 1497 10 1132 
1669917936 1469 1500 11 1135 
1669917938 1387 1503 11 1133 
1669917940 1426 1493 10 1134 
1669917942 1438 1498 10 1137 
1669917944 1368 1506 10 1137 
1669917946 1434 1501 9 1138 
1669917948 1451 1507 7 1139 
1669917950 1484 1502 10 1136 
1669917952 1470 1474 9 1135 
1669917954 1439 1497 10 1138 
1669917956 1387 1480 6 1135 
1669917958 1428 1499 11 1137 
1669917960 1434 1492 9 1133 
1669917962 1441 1501 9 1139 
1669917964 1456 1506 10 1137 
1669917966 1376 1498 9 1136 
1669917968 1353 1501 10 1134 
1669917970 1435 1504 9 1137 
1669917972 1451 1482 11 1140 
1669917974 1471 1502 8 1133 
1669917976 1451 1507 13 1134 
1669917978 1481 1504 10 1134 
1669917980 1466 1487 10 1135 
1669917982 1463 1493 9 1130 
1669917984 1397 1488 9 1125 
1669917986 1437 1497 9 1131 
1669917988 1440 1501 9 1133 
1669917990 1455 1504 9 1133 
1669917992 1446 1475 12 1134 
1669917994 1376 1502 8 1131 
1669917996 1432 1500 7 1135 
1669917998 1469 1503 8 1133 
1669918000 1452 1504 10 1135 
1669918002 1361 1483 9 1134 
1669918004 1357 1504 9 1135 
1669918006 1399 1505 8 1138 
1669918008 1458 1505 11 1132 
1669918010 1299 1502 7 1133 
1669918012 1376 1501 9 1132 
1669918014 1324 1499 7 1129 
1669918016 1418 1504 11 1137 
1669918018 1455 1502 9 1132 
1669918020 1484 1499 11 1133 
1669918022 1449 1502 10 1136 
1669918024 1465 1505 11 1135 
1669918026 1476 1500 8 1132 
1669918028 1486 1503 12 1133 
1669918030 1490 1509 12 1124 
1669918032 1401 1422 11 1126 
1669918034 1373 1495 8 1128 
1669918036 1442 1502 8 1133 
1669918038 1457 1505 10 1135 
1669918040 1447 1490 9 1135 
1669918042 1463 1502 9 1132 
1669918044 1463 1506 10 1136 
1669918046 1385 1504 9 1133 
1669918048 1457 1440 11 1132 
1669918050 1476 1507 14 1133 
1669918052 1479 1508 10 1132 
1669918054 1493 1506 8 1130 
1669918056 1498 1497 10 1125 
1669918058 1401 1498 9 1129 
1669918060 1450 1502 8 1132 
1669918062 1459 1500 10 1128 
1669918064 1464 1502 10 1126 
1669918066 1479 1496 13 1128 
1669918068 1373 1492 10 1130 
1669918070 1414 1500 6 1130 
1669918072 1435 1500 9 1127 
1669918074 1471 1501 9 1131 
1669918076 1482 1499 9 1126 
1669918078 1498 1497 7 1125 
1669918080 1468 1495 7 1123 
1669918082 1482 1496 11 1125 
1669918084 1459 1495 11 1122 
1669918086 1501 1497 9 1122 
1669918088 1500 1477 10 1123 
1669918090 1489 1495 10 1126 
1669918092 1497 1501 9 1123 
1669918094 1477 1497 7 1123 
1669918096 1460 1496 6 1123 
1669918098 1472 1493 11 1121 
1669918100 1485 1488 6 1124 
1669918102 1319 1479 9 1121 
1669918104 1359 1496 9 1119 
1669918106 1393 1478 10 1122 
1669918108 1351 1499 9 1123 
1669918110 1260 1499 11 1122 
1669918112 1364 1499 9 1119 
1669918114 1418 1499 8 1122 
1669918116 1449 1499 9 1124 
1669918118 1451 1499 11 1118 
1669918120 1375 1505 8 1126 
1669918122 1459 1496 11 1126 
1669918124 1464 1498 10 1124 
1669918126 1459 1498 10 1119 
1669918128 1490 1502 10 1122 
1669918130 1496 1488 7 1119 
1669918132 1476 1493 7 1120 
1669918134 1498 1486 9 1109 
1669918136 1495 1486 11 1114 
1669918138 1470 1474 8 1116 
1669918140 1462 1485 11 1113 
1669918142 1478 1482 11 1117 
1669918144 1375 1493 10 1120 
1669918146 1440 1479 11 1122 
1669918148 1440 1481 11 1115 
1669918150 1453 1485 11 1111 
1669918152 1372 1480 10 1124 
1669918154 1260 1485 9 1120 
1669918156 1380 1472 9 1120 
1669918158 1410 1487 11 1121 
1669918160 1455 1488 8 1122 
1669918162 1453 1454 9 1124 
1669918164 1471 1493 10 1123 
1669918166 1471 1429 9 1127 
1669918168 1401 1494 11 1127 
1669918170 1433 1497 9 1128 
1669918172 1373 1484 8 1127 
1669918174 1400 1491 7 1126 
1669918176 1448 1486 15 1130 
1669918178 1465 1476 10 1128 
1669918180 1476 1491 8 1130 
1669918182 1375 1490 8 1130 
1669918184 1412 1494 10 1132 
1669918186 1361 1495 10 1131 
1669918188 1406 1498 11 1135 
1669918190 1453 1499 10 1132 
1669918192 1481 1495 9 1130 
1669918194 1466 1431 11 1130 
1669918196 1391 1490 8 1130 
1669918198 1423 1486 9 1125 
1669918200 1461 1487 10 1129 
1669918202 1448 1493 9 1128 
1669918204 1473 1494 7 1129 
1669918206 1445 1493 8 1125 
1669918208 1472 1494 10 1127 
1669918210 1457 1472 10 1132 
1669918212 1453 1499 10 1129 
1669918214 1463 1497 8 1132 
1669918216 1478 1506 10 1135 
1669918218 1378 1500 9 1134 
1669918220 1420 1508 8 1137 
1669918222 1452 1517 10 1135 
1669918224 1452 1508 9 1129 
1669918226 1459 1499 9 1132 
1669918228 1482 1493 11 1128 
1669918230 1404 1506 6 1126 
1669918232 1469 1505 8 1130 
1669918234 1454 1507 12 1131 
1669918236 1455 1503 9 1130 
1669918238 1469 1498 11 1131 
1669918240 1482 1495 11 1123 
1669918242 1482 1500 9 1124 
1669918244 1489 1502 8 1129 
1669918246 1472 1502 8 1128 
1669918248 1458 1498 9 1122 
1669918250 1362 1502 11 1124 
1669918252 1455 1508 9 1127 
1669918254 1484 1512 8 1132 
1669918256 1482 1517 10 1130 
1669918258 1318 1503 10 1125 
1669918260 1327 1495 11 1123 
1669918262 1405 1496 10 1119 
1669918264 1451 1491 9 1121 
1669918266 1445 1496 10 1119 
1669918268 1439 1497 10 1121 
1669918270 1428 1477 10 1130 
1669918272 1369 1503 8 1129 
1669918274 1435 1503 9 1133 
1669918276 1453 1506 10 1128 
1669918278 1444 1498 8 1124 
1669918280 1364 1496 9 1133 
1669918282 1419 1490 9 1139 
1669918284 1460 1515 11 1137 
1669918286 1376 1505 9 1134 
1669918288 1443 1510 10 1135 
1669918290 1473 1505 10 1127 
1669918292 1451 1505 10 1129 
1669918294 1478 1501 9 1123 
1669918296 1451 1503 12 1125 
1669918298 1473 1491 9 1125 
1669918300 1481 1496 10 1127 
1669918302 1465 1503 10 1123 
1669918304 1441 1506 11 1129 
1669918306 1456 1509 9 1133 
1669918308 1450 1497 10 1131 
1669918310 1466 1483 12 1133 
1669918312 1480 1513 10 1137 
1669918314 1453 1504 8 1133 
1669918316 1460 1513 8 1132 
1669918318 1458 1501 12 1131 
1669918320 1462 1502 9 1128 
1669918322 1361 1515 9 1126 
1669918324 1442 1506 9 1134 
1669918326 1473 1506 10 1131 
1669918328 1447 1504 7 1132 
1669918330 1387 1502 10 1131 
1669918332 1427 1493 13 1130 
1669918334 1464 1493 8 1131 
1669918336 1437 1505 9 1137 
1669918338 1469 1507 11 1142 
1669918340 1454 1508 9 1137 
1669918342 1470 1473 8 1138 
1669918344 1469 1502 8 1133 
1669918346 1466 1474 9 1129 
1669918348 1445 1491 10 1137 
1669918350 1468 1509 10 1136 
1669918352 1393 1518 11 1144 
1669918354 1350 1513 9 1141 
1669918356 1414 1509 8 1141 
1669918358 1453 1509 12 1143 
1669918360 1436 1517 8 1140 
1669918362 1386 1514 11 1135 
1669918364 1435 1522 11 1137 
1669918366 1473 1513 9 1137 
1669918368 1453 1508 10 1126 
1669918370 1477 1502 9 1126 
1669918372 1477 1491 12 1122 
1669918374 1463 1506 11 1131 
1669918376 1379 1507 9 1133 
1669918378 1438 1483 12 1133 
1669918380 1438 1511 9 1131 
1669918382 1458 1542 9 1136 
1669918384 1445 1507 10 1130 
1669918386 1482 1499 11 1125 
1669918388 1465 1498 10 1123 
1669918390 1468 1500 8 1125 
1669918392 1386 1490 9 1121 
1669918394 1444 1489 11 1121 
1669918396 1463 1499 10 1120 
1669918398 1372 1502 8 1123 
1669918400 1431 1491 11 1120 
1669918402 1384 1506 7 1125 
1669918404 1444 1494 11 1127 
1669918406 1394 1500 7 1118 
1669918408 1344 1498 9 1119 
1669918410 1402 1489 10 1120 
1669918412 1456 1491 9 1110 
1669918414 1356 1484 8 1110 
1669918416 1338 1490 11 1114 
1669918418 1437 1494 9 1115 
1669918420 1453 1489 9 1116 
1669918422 1473 1489 9 1118 
1669918424 1376 1491 9 1118 
1669918426 1439 1497 11 1120 
1669918428 1384 1428 12 1119 
1669918430 1434 1496 10 1118 
1669918432 1461 1497 11 1118 
1669918434 1461 1496 9 1119 
1669918436 1449 1483 10 1121 
1669918438 1473 1497 11 1120 
1669918440 1413 1489 7 1117 
1669918442 1423 1497 10 1123 
1669918444 1441 1499 9 1126 
1669918446 1386 1522 9 1125 
1669918448 1416 1492 9 1127 
1669918450 1365 1489 8 1122 
1669918452 1429 1497 11 1126 
1669918454 1465 1511 7 1131 
1669918456 1475 1503 10 1127 
1669918458 1485 1499 9 1119 
1669918460 1379 1509 10 1132 
1669918462 1451 1506 11 1131 
1669918464 1469 1499 10 1129 
1669918466 1482 1501 7 1133 
1669918468 1483 1505 10 1130 
1669918470 1455 1498 9 1130 
1669918472 1459 1502 11 1131 
1669918474 1385 1487 9 1132 
1669918476 1423 1502 9 1129 
1669918478 1459 1501 10 1130 
1669918480 1487 1502 10 1134 
1669918482 1394 1507 8 1135 
1669918484 1421 1505 7 1133 
1669918486 1457 1505 10 1131 
1669918488 1474 1507 8 1136 
1669918490 1481 1508 9 1134 
1669918492 1413 1510 9 1132 
1669918494 1458 1492 8 1130 
1669918496 1461 1487 13 1135 
1669918498 1455 1501 10 1125 
1669918500 1464 1501 11 1126 
1669918502 1377 1498 11 1122 
1669918504 1439 1474 11 1126 
1669918506 1470 1500 10 1122 
1669918508 1482 1492 10 1123 
1669918510 1481 1495 9 1125 
1669918512 1472 1465 11 1126 
1669918514 1379 1508 8 1128 
1669918516 1432 1508 8 1125 
1669918518 1469 1498 11 1125 
1669918520 1462 1492 8 1125 
1669918522 1400 1503 9 1122 
1669918524 1450 1505 13 1122 
1669918526 1400 1459 10 1122 
1669918528 1346 1503 9 1121 
1669918530 1423 1501 7 1120 
1669918532 1455 1498 10 1122 
1669918534 1477 1496 9 1122 
1669918536 1462 1497 8 1118 
1669918538 1459 1496 11 1120 
1669918540 1368 1497 8 1120 
1669918542 1418 1493 9 1121 
1669918544 1426 1500 11 1121 
1669918546 1444 1495 7 1122 
1669918548 1461 1497 9 1121 
1669918550 1479 1499 10 1123 
1669918552 1485 1491 10 1120 
1669918554 1490 1500 11 1122 
1669918556 1401 1493 12 1126 
1669918558 1384 1504 11 1124 
1669918560 1367 1502 9 1126 
1669918562 1419 1488 11 1124 
1669918564 1353 1500 9 1124 
1669918566 1412 1505 11 1124 
1669918568 1421 1511 7 1130 
1669918570 1367 1504 8 1124 
1669918572 1442 1509 9 1127 
1669918574 1456 1508 11 1130 
1669918576 1475 1509 12 1130 
1669918578 1473 1509 7 1129 
1669918580 1466 1510 10 1126 
1669918582 1469 1509 9 1127 
1669918584 1490 1501 8 1128 
1669918586 1381 1514 10 1126 
1669918588 1361 1504 9 1127 
1669918590 1426 1505 9 1125 
1669918592 1438 1500 8 1126 
1669918594 1479 1505 11 1128 
1669918596 1381 1494 7 1122 
1669918598 1425 1499 10 1122 
1669918600 1449 1487 10 1129 
1669918602 1468 1511 9 1126 
1669918604 1455 1504 8 1128 
1669918606 1479 1505 10 1135 
1669918608 1479 1500 8 1126 
1669918610 1489 1504 7 1121 
1669918612 1485 1502 8 1125 
1669918614 1463 1502 10 1123 
1669918616 1461 1501 9 1124 
1669918618 1478 1506 9 1126 
1669918620 1477 1498 9 1130 
1669918622 1483 1511 9 1133 
1669918624 1462 1517 10 1133 
1669918626 1489 1510 9 1133 
1669918628 1478 1503 11 1127 
1669918630 1449 1509 10 1129 
1669918632 1469 1507 9 1128 
1669918634 1484 1506 9 1128 
1669918636 1455 1515 8 1129 
1669918638 1403 1493 9 1134 
1669918640 1372 1508 9 1131 
1669918642 1455 1490 10 1127 
1669918644 1380 1510 9 1121 
1669918646 1439 1509 6 1129 
1669918648 1455 1506 9 1125 
1669918650 1469 1510 10 1135 
1669918652 1442 1523 7 1131 
1669918654 1479 1512 8 1129 
1669918656 1471 1508 12 1128 
1669918658 1397 1516 8 1129 
1669918660 1361 1505 10 1127 
1669918662 1406 1514 11 1128 
1669918664 1450 1511 6 1131 
1669918666 1430 1513 7 1130 
1669918668 1469 1505 8 1127 
1669918670 1381 1498 10 1125 
1669918672 1454 1513 11 1128 
1669918674 1480 1515 12 1128 
1669918676 1473 1513 11 1127 
1669918678 1404 1516 10 1129 
1669918680 1450 1508 9 1125 
1669918682 1469 1512 11 1126 
1669918684 1391 1501 12 1129 
1669918686 1349 1496 10 1126 
1669918688 1331 1514 9 1130 
1669918690 1327 1452 9 1133 
1669918692 1417 1517 8 1134 
1669918694 1382 1516 8 1138 
1669918696 1426 1522 9 1138 
1669918698 1448 1524 10 1136 
1669918700 1369 1525 9 1142 
1669918702 1458 1524 8 1134 
1669918704 1472 1518 9 1138 
1669918706 1480 1519 10 1141 
1669918708 1481 1504 10 1136 
1669918710 1308 1460 10 1134 
1669918712 1395 1519 10 1136 
1669918714 1339 1517 8 1133 
1669918716 1326 1511 9 1133 
1669918718 1413 1515 8 1132 
1669918720 1344 1518 9 1134 
1669918722 1438 1498 7 1137 
1669918724 1371 1515 9 1134 
1669918726 1327 1523 12 1137 
1669918728 1335 1517 10 1135 
1669918730 1403 1513 11 1142 
1669918732 1456 1525 10 1143 
1669918734 1451 1516 10 1142 
1669918736 1390 1531 10 1146 
1669918738 1354 1541 8 1155 
1669918740 1409 1531 8 1145 
1669918742 1441 1525 11 1138 
1669918744 1457 1527 8 1146 
1669918746 1478 1525 7 1144 
1669918748 1464 1519 10 1140 
1669918750 1363 1513 9 1136 
1669918752 1415 1519 10 1139 
1669918754 1425 1525 10 1141 
1669918756 1421 1524 7 1141 
1669918758 1454 1528 8 1145 
1669918760 1469 1537 12 1149 
1669918762 1452 1536 10 1150 
1669918764 1479 1529 11 1143 
1669918766 1461 1523 11 1142 
1669918768 1389 1521 11 1137 
1669918770 1416 1525 10 1139 
1669918772 1453 1521 8 1136 
1669918774 1480 1514 11 1135 
1669918776 1382 1533 10 1135 
1669918778 1449 1522 10 1136 
1669918780 1451 1522 8 1130 
1669918782 1382 1524 8 1131 
1669918784 1451 1520 10 1132 
1669918786 1386 1521 9 1129 
1669918788 1432 1519 9 1127 
1669918790 1447 1520 9 1128 
1669918792 1472 1518 12 1127 
1669918794 1453 1519 8 1128 
1669918796 1377 1511 10 1126 
1669918798 1439 1516 10 1125 
1669918800 1455 1519 11 1124 
1669918802 1387 1516 7 1124 
1669918804 1441 1515 7 1121 
1669918806 1373 1513 10 1125 
1669918808 1414 1513 9 1122 
1669918810 1460 1507 10 1129 
1669918812 1473 1519 10 1126 
1669918814 1475 1514 11 1124 
1669918816 1483 1513 9 1121 
1669918818 1455 1512 9 1123 
1669918820 1465 1507 8 1124 
1669918822 1481 1526 9 1118 
1669918824 1465 1504 9 1119 
1669918826 1484 1517 11 1122 
1669918828 1486 1527 11 1126 
1669918830 1489 1513 9 1126 
1669918832 1468 1508 11 1128 
1669918834 1379 1512 10 1128 
1669918836 1464 1487 8 1123 
1669918838 1450 1510 9 1126 
1669918840 1473 1515 9 1132 
1669918842 1460 1521 7 1129 
1669918844 1480 1509 10 1127 
1669918846 1469 1518 12 1128 
1669918848 1389 1508 8 1119 
1669918850 1444 1508 8 1121 
1669918852 1375 1526 9 1120 
1669918854 1346 1507 10 1122 
1669918856 1436 1512 11 1125 
1669918858 1380 1512 9 1126 
1669918860 1349 1509 9 1122 
1669918862 1410 1506 9 1123 
1669918864 1444 1504 10 1122 
1669918866 1450 1506 11 1126 
1669918868 1485 1516 10 1126 
1669918870 1456 1508 9 1124 
1669918872 1371 1503 7 1122 
1669918874 1354 1504 11 1122 
1669918876 1427 1505 9 1121 
1669918878 1461 1484 9 1123 
1669918880 1441 1502 9 1126 
1669918882 1446 1497 9 1123 
1669918884 1400 1494 11 1126 
1669918886 1449 1505 9 1125 
1669918888 1450 1504 11 1126 
1669918890 1449 1507 6 1124 
1669918892 1469 1492 8 1121 
1669918894 1465 1508 12 1127 
1669918896 1374 1500 11 1125 
1669918898 1325 1509 7 1130 
1669918900 1414 1499 11 1128 
1669918902 1283 1460 11 1127 
1669918904 1381 1506 12 1129 
1669918906 1408 1504 8 1128 
1669918908 1454 1505 8 1126 
1669918910 1381 1507 8 1128 
1669918912 1369 1504 10 1128 
1669918914 1353 1505 10 1120 
1669918916 1323 1506 9 1124 
1669918918 1399 1490 11 1125 
1669918920 1448 1482 11 1129 
1669918922 1372 1491 10 1120 
1669918924 1431 1497 8 1119 
1669918926 1453 1499 8 1118 
1669918928 1456 1495 8 1114 
1669918930 1491 1494 10 1119 
1669918932 1490 1493 8 1116 
1669918934 1495 1483 9 1112 
1669918936 1481 1491 8 1116 
1669918938 1465 1499 10 1120 
1669918940 1460 1500 9 1117 
1669918942 1448 1492 10 1117 
1669918944 1438 1489 10 1113 
1669918946 1442 1489 10 1114 
1669918948 1452 1490 11 1112 
1669918950 1462 1478 10 1112 
1669918952 1479 1485 11 1111 
1669918954 1484 1487 10 1110 
1669918956 1472 1489 11 1112 
1669918958 1454 1484 8 1115 
1669918960 1466 1488 9 1113 
1669918962 1378 1486 11 1113 
1669918964 1423 1483 10 1114 
1669918966 1459 1489 10 1110 
1669918968 1461 1484 12 1116 
1669918970 1477 1493 9 1115 
1669918972 1386 1481 12 1117 
1669918974 1425 1492 7 1118 
1669918976 1431 1482 10 1117 
1669918978 1449 1489 10 1114 
1669918980 1478 1488 10 1111 
1669918982 1457 1486 8 1111 
1669918984 1475 1485 11 1116 
1669918986 1491 1479 9 1113 
1669918988 1457 1490 6 1114 
1669918990 1474 1486 7 1119 
1669918992 1454 1487 10 1115 
1669918994 1469 1487 10 1119 
1669918996 1475 1485 8 1117 
1669918998 1452 1484 9 1116 
1669919000 1385 1486 10 1118 
1669919002 1426 1486 10 1118 
1669919004 1442 1485 7 1118 
1669919006 1459 1486 13 1119 
1669919008 1442 1478 12 1119 
1669919010 1472 1479 10 1125 
1669919012 1475 1492 9 1123 
1669919014 1491 1494 10 1123 
1669919016 1494 1486 11 1121 
1669919018 1486 1484 11 1121 
1669919020 1461 1490 8 1123 
1669919022 1488 1448 10 1122 
1669919024 1472 1490 9 1122 
1669919026 1398 1495 9 1127 
1669919028 1445 1482 6 1128 
1669919030 1380 1477 7 1127 
1669919032 1369 1492 9 1123 
1669919034 1353 1493 10 1127 
1669919036 1442 1492 9 1127 
1669919038 1441 1501 9 1129 
1669919040 1461 1438 11 1132 
1669919042 1456 1508 9 1132 
1669919044 1404 1503 9 1128 
1669919046 1460 1500 8 1125 
1669919048 1446 1495 10 1127 
1669919050 1379 1475 11 1124 
1669919052 1436 1494 9 1122 
1669919054 1442 1492 10 1123 
1669919056 1461 1493 9 1122 
1669919058 1485 1489 10 1120 
1669919060 1465 1486 9 1118 
1669919062 1459 1489 10 1120 
1669919064 1469 1491 12 1125 
1669919066 1485 1482 9 1121 
1669919068 1449 1494 10 1120 
1669919070 1477 1486 10 1118 
1669919072 1472 1485 10 1118 
1669919074 1457 1488 10 1119 
1669919076 1474 1495 8 1121 
1669919078 1369 1498 11 1124 
1669919080 1348 1488 10 1128 
1669919082 1443 1482 8 1125 
1669919084 1465 1488 9 1118 
1669919086 1473 1485 8 1116 
1669919088 1389 1485 9 1115 
1669919090 1416 1485 12 1117 
1669919092 1430 1482 10 1117 
1669919094 1452 1492 10 1119 
1669919096 1468 1503 12 1125 
1669919098 1386 1494 10 1122 
1669919100 1474 1492 11 1119 
1669919102 1483 1490 9 1120 
1669919104 1455 1490 10 1122 
1669919106 1458 1492 10 1124 
1669919108 1459 1486 10 1121 
1669919110 1467 1491 10 1124 
1669919112 1481 1492 9 1124 
1669919114 1401 1494 9 1121 
1669919116 1439 1489 11 1118 
1669919118 1371 1488 10 1121 
1669919120 1420 1493 8 1122 
1669919122 1441 1488 9 1120 
1669919124 1433 1490 10 1123 
1669919126 1421 1488 6 1122 
1669919128 1461 1488 9 1125 
1669919130 1467 1492 9 1120 
1669919132 1481 1492 9 1123 
1669919134 1389 1491 10 1122 
1669919136 1418 1427 9 1122 
1669919138 1372 1483 8 1122 
1669919140 1432 1495 6 1123 
1669919142 1360 1484 11 1126 
1669919144 1440 1494 11 1125 
1669919146 1442 1500 9 1127 
1669919148 1447 1494 10 1125 
1669919150 1458 1495 8 1126 
1669919152 1367 1491 10 1128 
1669919154 1343 1477 12 1127 
1669919156 1432 1495 7 1127 
1669919158 1448 1499 12 1129 
1669919160 1292 1498 7 1128 
1669919162 1294 1435 10 1130 
1669919164 1402 1468 8 1130 
1669919166 1427 1498 9 1126 
1669919168 1440 1495 10 1128 
1669919170 1353 1506 9 1134 
1669919172 1347 1512 7 1135 
1669919174 1397 1508 9 1138 
1669919176 1453 1503 11 1132 
1669919178 1484 1500 10 1131 
1669919180 1398 1499 9 1129 
1669919182 1452 1482 8 1129 
1669919184 1456 1492 13 1130 
1669919186 1479 1498 7 1129 
1669919188 1455 1501 7 1130 
1669919190 1462 1502 10 1129 
1669919192 1441 1509 7 1132 
1669919194 1368 1505 9 1130 
1669919196 1416 1501 10 1135 
1669919198 1449 1517 11 1139 
1669919200 1463 1518 10 1132 
1669919202 1396 1508 11 1136 
1669919204 1419 1506 6 1132 
1669919206 1456 1498 9 1126 
1669919208 1374 1520 7 1120 
1669919210 1448 1500 7 1123 
1669919212 1466 1494 11 1126 
1669919214 1361 1496 8 1123 
1669919216 1426 1497 9 1125 
1669919218 1436 1489 9 1123 
1669919220 1446 1496 9 1126 
1669919222 1296 1498 10 1121 
1669919224 1382 1486 12 1119 
1669919226 1338 1499 8 1120 
1669919228 1335 1489 8 1120 
1669919230 1349 1480 8 1114 
1669919232 1431 1482 10 1120 
1669919234 1440 1477 12 1112 
1669919236 1356 1466 8 1118 
1669919238 1434 1500 8 1117 
1669919240 1460 1478 9 1116 
1669919242 1366 1477 8 1116 
1669919244 1344 1479 10 1120 
1669919246 1405 1472 10 1121 
1669919248 1443 1481 10 1122 
1669919250 1479 1484 8 1120 
1669919252 1492 1471 11 1118 
1669919254 1413 1476 10 1117 
1669919256 1437 1480 12 1121 
1669919258 1462 1487 9 1121 
1669919260 1388 1486 9 1123 
1669919262 1420 1479 8 1127 
1669919264 1479 1473 7 1117 
1669919266 1478 1456 7 1120 
1669919268 1487 1476 9 1117 
1669919270 1475 1471 12 1117 
1669919272 1366 1464 9 1120 
1669919274 1431 1435 8 1120 
1669919276 1451 1478 7 1122 
1669919278 1448 1478 10 1127 
1669919280 1433 1486 8 1128 
1669919282 1370 1479 8 1126 
1669919284 1428 1481 9 1129 
1669919286 1358 1477 10 1127 
1669919288 1430 1482 10 1127 
1669919290 1439 1454 7 1130 
1669919292 1476 1479 8 1128 
1669919294 1471 1475 10 1127 
1669919296 1433 1478 9 1129 
1669919298 1432 1484 8 1132 
1669919300 1281 1485 10 1131 
1669919302 1381 1487 9 1134 
1669919304 1331 1463 10 1130 
1669919306 1429 1488 8 1131 
1669919308 1462 1490 10 1131 
1669919310 1375 1485 8 1134 
1669919312 1451 1485 8 1133 
1669919314 1467 1488 9 1134 
1669919316 1464 1487 10 1138 
1669919318 1453 1492 11 1133 
1669919320 1462 1485 8 1132 
1669919322 1384 1489 12 1132 
1669919324 1355 1489 10 1136 
1669919326 1431 1477 9 1136 
1669919328 1458 1480 7 1141 
1669919330 1478 1487 10 1138 
1669919332 1477 1487 9 1140 
1669919334 1308 1488 9 1140 
1669919336 1336 1507 8 1136 
1669919338 1393 1489 10 1138 
1669919340 1355 1493 8 1142 
1669919342 1421 1484 12 1139 
1669919344 1451 1493 8 1141 
1669919346 1469 1487 7 1142 
1669919348 1477 1487 8 1139 
1669919350 1487 1497 9 1140 
1669919352 1485 1490 9 1136 
1669919354 1393 1491 9 1139 
1669919356 1418 1480 11 1138 
1669919358 1456 1504 12 1141 
1669919360 1449 1490 8 1139 
1669919362 1471 1497 10 1142 
1669919364 1394 1497 8 1140 
1669919366 1452 1497 10 1136 
1669919368 1465 1489 9 1137 
1669919370 1469 1489 9 1135 
1669919372 1455 1493 11 1140 
1669919374 1459 1496 8 1138 
1669919376 1461 1468 10 1138 
1669919378 1487 1492 10 1139 
1669919380 1381 1490 8 1135 
1669919382 1450 1486 7 1131 
1669919384 1454 1495 6 1135 
1669919386 1476 1491 9 1134 
1669919388 1487 1482 10 1136 
1669919390 1382 1484 9 1133 
1669919392 1421 1493 12 1133 
1669919394 1444 1496 10 1134 
1669919396 1469 1490 10 1135 
1669919398 1482 1492 8 1136 
1669919400 1482 1494 7 1135 
1669919402 1455 1484 9 1134 
1669919404 1451 1477 13 1136 
1669919406 1472 1500 8 1134 
1669919408 1473 1489 9 1136 
1669919410 1449 1498 10 1138 
1669919412 1482 1497 10 1139 
1669919414 1380 1496 10 1136 
1669919416 1344 1494 9 1138 
1669919418 1398 1498 9 1139 
1669919420 1462 1499 10 1139 
1669919422 1453 1500 9 1137 
1669919424 1377 1495 10 1136 
1669919426 1344 1494 8 1134 
1669919428 1407 1491 7 1137 
1669919430 1440 1495 7 1139 
1669919432 1430 1497 9 1137 
1669919434 1473 1490 9 1134 
1669919436 1472 1498 10 1138 
1669919438 1461 1502 9 1140 
1669919440 1395 1499 9 1137 
1669919442 1440 1504 8 1139 
1669919444 1391 1503 9 1141 
1669919446 1448 1489 8 1135 
1669919448 1468 1482 8 1139 
1669919450 1369 1494 11 1142 
1669919452 1448 1500 10 1138 
1669919454 1464 1505 9 1139 
1669919456 1451 1499 9 1140 
1669919458 1383 1475 8 1139 
1669919460 1409 1506 10 1139 
1669919462 1363 1487 9 1140 
1669919464 1347 1502 9 1140 
1669919466 1313 1505 12 1139 
1669919468 1383 1504 8 1140 
1669919470 1445 1507 10 1137 
1669919472 1390 1496 7 1136 
1669919474 1345 1507 7 1135 
1669919476 1417 1501 12 1137 
1669919478 1430 1495 7 1134 
1669919480 1447 1501 8 1141 
1669919482 1437 1500 12 1138 
1669919484 1464 1503 14 1135 
1669919486 1466 1529 13 1135 
1669919488 1482 1500 9 1135 
1669919490 1408 1492 12 1135 
1669919492 1415 1475 9 1139 
1669919494 1463 1505 9 1141 
1669919496 1486 1501 9 1137 
1669919498 1460 1494 9 1137 
1669919500 1380 1500 11 1135 
1669919502 1413 1502 11 1138 
1669919504 1362 1490 11 1136 
1669919506 1436 1491 9 1133 
1669919508 1447 1495 8 1132 
1669919510 1362 1497 10 1133 
1669919512 1423 1498 10 1131 
1669919514 1430 1494 11 1132 
1669919516 1474 1454 10 1124 
1669919518 1461 1495 9 1126 
1669919520 1360 1498 10 1125 
1669919522 1413 1497 5 1132 
1669919524 1420 1495 10 1128 
1669919526 1461 1498 12 1128 
1669919528 1483 1489 10 1126 
1669919530 1465 1489 10 1121 
1669919532 1441 1497 9 1128 
1669919534 1437 1494 11 1132 
1669919536 1476 1500 10 1130 
1669919538 1479 1497 13 1129 
1669919540 1449 1497 9 1129 
1669919542 1441 1500 11 1132 
1669919544 1452 1499 11 1134 
1669919546 1472 1487 11 1131 
1669919548 1467 1501 10 1133 
1669919550 1479 1503 12 1135 
1669919552 1494 1496 6 1135 
1669919554 1480 1487 7 1133 
1669919556 1465 1500 11 1133 
1669919558 1463 1498 11 1131 
1669919560 1452 1498 10 1134 
1669919562 1466 1497 10 1129 
1669919564 1378 1503 11 1131 
1669919566 1447 1494 8 1135 
1669919568 1460 1503 10 1133 
1669919570 1452 1508 9 1132 
1669919572 1454 1504 9 1131 
1669919574 1469 1491 8 1133 
1669919576 1375 1505 9 1135 
1669919578 1453 1497 7 1132 
1669919580 1452 1505 10 1132 
1669919582 1467 1493 8 1131 
1669919584 1454 1497 7 1131 
1669919586 1462 1505 8 1131 
1669919588 1464 1504 11 1133 
1669919590 1448 1508 8 1133 
1669919592 1370 1501 11 1127 
1669919594 1437 1499 9 1126 
1669919596 1349 1495 10 1126 
1669919598 1339 1500 10 1126 
1669919600 1435 1501 8 1130 
1669919602 1468 1496 8 1123 
1669919604 1475 1498 9 1124 
1669919606 1304 1486 11 1123 
1669919608 1319 1501 10 1124 
1669919610 1432 1500 9 1124 
1669919612 1442 1504 12 1121 
1669919614 1442 1503 10 1121 
1669919616 1374 1501 11 1124 
1669919618 1445 1524 8 1116 
1669919620 1393 1496 10 1122 
1669919622 1475 1498 9 1121 
1669919624 1381 1497 9 1120 
1669919626 1362 1500 12 1120 
1669919628 1418 1492 6 1113 
1669919630 1438 1459 10 1112 
1669919632 1445 1473 11 1112 
1669919634 1459 1466 11 1116 
1669919636 1471 1468 8 1114 
1669919638 1467 1473 11 1112 
1669919640 1499 1476 9 1114 
1669919642 1483 1477 10 1117 
1669919644 1388 1472 10 1117 
1669919646 1439 1441 10 1113 
1669919648 1458 1468 11 1110 
1669919650 1470 1466 10 1109 
1669919652 1481 1466 11 1109 
1669919654 1450 1466 11 1112 
1669919656 1482 1462 11 1107 
1669919658 1488 1487 11 1106 
1669919660 1476 1460 8 1109 
1669919662 1448 1476 8 1112 
1669919664 1376 1461 11 1109 
1669919666 1429 1450 9 1109 
1669919668 1455 1462 10 1107 
1669919670 1450 1448 13 1105 
1669919672 1462 1445 8 1108 
1669919674 1479 1414 8 1108 
1669919676 1404 1464 6 1111 
1669919678 1362 1458 8 1109 
1669919680 1435 1461 9 1108 
1669919682 1382 1449 10 1102 
1669919684 1426 1447 10 1103 
1669919686 1461 1446 10 1105 
1669919688 1442 1440 11 1100 
1669919690 1439 1447 8 1098 
1669919692 1357 1448 12 1100 
1669919694 1415 1438 9 1102 
1669919696 1448 1448 7 1103 
1669919698 1393 1450 8 1104 
1669919700 1444 1450 10 1109 
1669919702 1430 1455 8 1112 
1669919704 1438 1468 11 1118 
1669919706 1461 1465 9 1113 
1669919708 1469 1456 10 1116 
1669919710 1462 1460 8 1114 
1669919712 1481 1460 10 1114 
1669919714 1494 1456 10 1113 
1669919716 1470 1456 10 1113 
1669919718 1468 1451 10 1110 
1669919720 1458 1456 7 1109 
1669919722 1472 1476 10 1114 
1669919724 1485 1467 10 1113 
1669919726 1379 1460 9 1108 
1669919728 1360 1458 10 1109 
1669919730 1436 1455 9 1109 
1669919732 1452 1460 7 1110 
1669919734 1369 1461 11 1111 
1669919736 1426 1453 10 1113 
1669919738 1369 1460 10 1108 
1669919740 1440 1463 9 1110 
1669919742 1371 1493 10 1114 
1669919744 1453 1454 9 1113 
1669919746 1478 1466 9 1115 
1669919748 1473 1459 8 1113 
1669919750 1376 1458 10 1108 
1669919752 1346 1458 10 1106 
1669919754 1317 1459 9 1107 
1669919756 1388 1457 9 1108 
1669919758 1444 1456 9 1106 
1669919760 1373 1453 9 1106 
1669919762 1432 1451 9 1107 
1669919764 1456 1448 9 1104 
1669919766 1299 1440 10 1106 
1669919768 1412 1449 9 1105 
1669919770 1368 1445 9 1104 
1669919772 1414 1441 9 1102 
1669919774 1444 1439 10 1104 
1669919776 1445 1444 9 1105 
1669919778 1442 1445 11 1108 
1669919780 1366 1445 10 1107 
1669919782 1345 1445 10 1107 
1669919784 1346 1447 11 1108 
1669919786 1323 1450 13 1112 
1669919788 1428 1450 9 1110 
1669919790 1365 1447 10 1112 
1669919792 1345 1449 9 1112 
1669919794 1332 1448 10 1114 
1669919796 1433 1444 11 1114 
1669919798 1456 1438 8 1111 
1669919800 1471 1451 7 1116 
1669919802 1375 1450 9 1117 
1669919804 1450 1450 11 1118 
1669919806 1480 1421 10 1119 
1669919808 1401 1452 8 1115 
1669919810 1421 1455 7 1116 
1669919812 1373 1451 10 1115 
1669919814 1340 1443 11 1113 
1669919816 1387 1434 9 1112 
1669919818 1439 1447 11 1113 
1669919820 1373 1442 11 1112 
1669919822 1440 1441 6 1111 
1669919824 1366 1451 6 1116 
1669919826 1461 1443 11 1110 
1669919828 1382 1451 7 1114 
1669919830 1423 1449 10 1116 
1669919832 1456 1450 10 1113 
1669919834 1450 1453 10 1116 
1669919836 1358 1439 11 1111 
1669919838 1431 1446 7 1111 
1669919840 1430 1447 10 1114 
1669919842 1436 1445 7 1112 
1669919844 1368 1446 10 1114 
1669919846 1452 1434 9 1110 
1669919848 1454 1431 8 1117 
1669919850 1448 1416 10 1114 
1669919852 1433 1430 7 1114 
1669919854 1367 1435 8 1114 
1669919856 1450 1437 10 1114 
1669919858 1465 1448 10 1116 
1669919860 1483 1447 8 1121 
1669919862 1390 1476 12 1121 
1669919864 1441 1440 9 1122 
1669919866 1449 1453 10 1122 
1669919868 1454 1454 11 1120 
1669919870 1483 1450 8 1122 
1669919872 1474 1445 10 1123 
1669919874 1444 1452 8 1117 
1669919876 1463 1450 7 1121 
1669919878 1442 1448 11 1122 
1669919880 1454 1458 11 1118 
1669919882 1460 1443 7 1122 
1669919884 1485 1435 12 1123 
1669919886 1461 1448 12 1121 
1669919888 1446 1450 10 1124 
1669919890 1450 1430 10 1127 
1669919892 1381 1437 9 1124 
1669919894 1359 1458 7 1128 
1669919896 1404 1415 8 1132 
1669919898 1422 1456 8 1128 
1669919900 1370 1444 9 1128 
1669919902 1418 1454 12 1131 
1669919904 1361 1452 12 1127 
1669919906 1411 1453 11 1130 
1669919908 1424 1458 9 1130 
1669919910 1469 1452 12 1138 
1669919912 1454 1471 11 1140 
1669919914 1480 1466 10 1140 
1669919916 1396 1474 10 1138 
1669919918 1422 1450 10 1132 
1669919920 1377 1468 10 1134 
1669919922 1367 1470 8 1128 
1669919924 1355 1448 8 1123 
1669919926 1401 1456 7 1123 
1669919928 1445 1456 8 1122 
1669919930 1450 1457 7 1121 
1669919932 1434 1456 10 1118 
1669919934 1443 1460 10 1125 
1669919936 1474 1457 9 1122 
1669919938 1466 1444 8 1115 
1669919940 1453 1435 12 1110 
1669919942 1372 1434 8 1111 
1669919944 1418 1438 11 1116 
1669919946 1458 1446 9 1121 
1669919948 1379 1425 9 1121 
1669919950 1446 1440 9 1124 
1669919952 1459 1429 8 1121 
1669919954 1434 1440 7 1124 
1669919956 1360 1442 9 1118 
1669919958 1317 1428 9 1120 
1669919960 1335 1440 10 1123 
1669919962 1419 1447 9 1120 
1669919964 1447 1452 7 1275 
1669919966 1460 1447 10 1310 
1669919968 1467 1450 10 1323 
1669919970 1372 1452 10 1311 
1669919972 1411 1451 8 1325 
1669919974 1457 1448 11 1295 
1669919976 1456 1449 10 1213 
1669919978 1443 1441 10 1252 
1669919980 1473 1436 12 1180 
1669919982 1451 1450 10 1254 
1669919984 1461 1439 12 1276 
1669919986 1480 1451 12 1278 
1669919988 1496 1453 13 1207 
1669919990 1470 1454 12 1273 
1669919992 1480 1453 8 1300 
1669919994 1458 1454 12 1295 
1669919996 1455 1458 9 1283 
1669919998 1446 1450 7 1272 
1669920000 1463 1466 11 1288 
1669920002 1394 1459 10 1290 
1669920004 1453 1463 8 1313 
1669920006 1453 1459 8 1189 
1669920008 1443 1441 11 1247 
1669920010 1450 1451 10 1281 
1669920012 1425 1455 8 1180 
1669920014 1441 1457 10 1272 
1669920016 1386 1459 9 1283 
1669920018 1407 1456 9 1274 
1669920020 1426 1455 9 1268 
1669920022 1280 1454 12 1251 
1669920024 1416 1459 9 1276 
1669920026 1450 1455 10 1282 
1669920028 1474 1452 7 1195 
1669920030 1461 1455 11 1238 
1669920032 1465 1448 8 1286 
1669920034 1398 1456 10 1189 
1669920036 1353 1448 9 1248 
1669920038 1403 1451 7 1263 
1669920040 1334 1462 9 1239 
1669920042 1345 1463 12 1190 
1669920044 1448 1458 7 1264 
1669920046 1456 1456 7 1191 
1669920048 1442 1470 8 1173 
1669920050 1465 1491 8 1248 
1669920052 1384 1420 8 1274 
1669920054 1449 1465 8 1203 
1669920056 1449 1469 10 1181 
1669920058 1431 1462 9 1230 
1669920060 1351 1461 11 1266 
1669920062 1394 1462 11 1256 
1669920064 1422 1464 9 1194 
1669920066 1440 1467 12 1269 
1669920068 1421 1477 11 1282 
1669920070 1462 1471 9 1288 
1669920072 1489 1476 8 1218 
1669920074 1484 1466 8 1179 
1669920076 1401 1479 9 1247 
1669920078 1355 1477 9 1271 
1669920080 1337 1463 7 1271 
1669920082 1422 1472 9 1298 
1669920084 1451 1465 9 1290 
1669920086 1382 1474 9 1287 
1669920088 1443 1474 11 1304 
1669920090 1454 1473 11 1282 
1669920092 1484 1479 9 1300 
1669920094 1505 1471 10 1315 
1669920096 1467 1468 10 1320 
1669920098 1399 1465 8 1220 
1669920100 1454 1461 10 1281 
1669920102 1461 1472 10 1274 
1669920104 1493 1468 11 1281 
1669920106 1486 1479 12 1120 
1669920108 1305 1472 10 1201 
1669920110 1416 1465 8 1177 
1669920112 1355 1478 11 1237 
1669920114 1426 1485 11 1182 
1669920116 1469 1476 11 1221 
1669920118 1462 1410 10 1248 
1669920120 1463 1477 8 1262 
1669920122 1385 1479 9 1285 
1669920124 1414 1483 12 1273 
1669920126 1461 1484 10 1291 
1669920128 1433 1478 6 1302 
1669920130 1361 1478 9 1292 
1669920132 1419 1480 11 1186 
1669920134 1364 1478 11 1168 
1669920136 1433 1472 10 1248 
1669920138 1386 1474 9 1239 
1669920140 1437 1486 10 1269 
1669920142 1452 1488 9 1264 
1669920144 1453 1484 13 1287 
1669920146 1460 1477 8 1303 
1669920148 1473 1482 9 1266 
1669920150 1391 1487 9 1182 
1669920152 1437 1463 12 1241 
1669920154 1445 1480 13 1182 
1669920156 1372 1477 10 1233 
1669920158 1436 1478 11 1281 
1669920160 1473 1481 6 1303 
1669920162 1451 1470 7 1307 
1669920164 1445 1468 10 1289 
1669920166 1471 1480 10 1306 
1669920168 1390 1474 10 1211 
1669920170 1440 1457 8 1279 
1669920172 1444 1486 10 1287 
1669920174 1431 1485 10 1207 
1669920176 1463 1455 11 1256 
1669920178 1464 1481 8 1290 
1669920180 1452 1474 11 1278 
1669920182 1474 1479 10 1114 
1669920184 1473 1478 11 1236 
1669920186 1403 1473 9 1247 
1669920188 1431 1459 6 1285 
1669920190 1439 1473 8 1296 
1669920192 1444 1481 11 1199 
1669920194 1359 1487 7 1241 
1669920196 1445 1489 9 1192 
1669920198 1457 1491 8 1243 
1669920200 1485 1476 13 1252 
1669920202 1485 1488 10 1292 
1669920204 1380 1476 9 1278 
1669920206 1421 1484 11 1277 
1669920208 1417 1479 8 1263 
1669920210 1381 1440 8 1277 
1669920212 1411 1467 9 1198 
1669920214 1429 1477 9 1271 
1669920216 1424 1477 9 1276 
1669920218 1444 1458 11 1269 
1669920220 1443 1442 10 1295 
1669920222 1430 1474 11 1261 
1669920224 1458 1473 9 1194 
1669920226 1459 1475 10 1232 
1669920228 1303 1473 10 1275 
1669920230 1386 1471 8 1281 
1669920232 1441 1464 11 1280 
1669920234 1457 1474 10 1288 
1669920236 1388 1473 8 1189 
1669920238 1410 1462 8 1267 
1669920240 1446 1468 12 1276 
1669920242 1456 1474 11 1284 
1669920244 1407 1459 10 1306 
1669920246 1460 1478 8 1314 
1669920248 1470 1474 8 1210 
1669920250 1460 1482 9 1253 
1669920252 1464 1463 11 1255 
1669920254 1499 1473 7 1281 
1669920256 1478 1473 12 1301 
1669920258 1483 1468 8 1294 
1669920260 1468 1474 11 1301 
1669920262 1450 1482 8 1185 
1669920264 1439 1480 11 1180 
1669920266 1474 1497 9 1241 
1669920268 1473 1484 5 1246 
1669920270 1505 1497 7 1262 
1669920272 1498 1491 11 1186 
1669920274 1480 1480 9 1218 
1669920276 1397 1481 9 1192 
1669920278 1420 1480 10 1265 
1669920280 1443 1471 9 1277 
1669920282 1440 1467 10 1284 
1669920284 1358 1470 8 1169 
1669920286 1399 1467 10 1252 
1669920288 1440 1480 9 1277 
1669920290 1473 1482 7 1275 
1669920292 1446 1483 9 1253 
1669920294 1470 1476 9 1274 
1669920296 1401 1482 10 1203 
1669920298 1424 1468 11 1164 
1669920300 1477 1480 11 1247 
1669920302 1484 1477 9 1250 
1669920304 1400 1473 8 1281 
1669920306 1459 1479 12 1291 
1669920308 1444 1484 10 1198 
1669920310 1434 1486 9 1239 
1669920312 1454 1479 8 1202 
1669920314 1476 1481 9 1248 
1669920316 1401 1480 10 1187 
1669920318 1451 1482 10 1279 
1669920320 1430 1438 10 1287 
1669920322 1465 1493 9 1315 
1669920324 1430 1485 9 1291 
1669920326 1440 1494 10 1306 
1669920328 1366 1514 11 1281 
1669920330 1404 1486 10 1302 
1669920332 1351 1455 9 1275 
1669920334 1340 1489 11 1268 
1669920336 1431 1472 9 1126 
1669920338 1465 1491 8 1221 
1669920340 1372 1483 8 1263 
1669920342 1422 1493 10 1286 
1669920344 1465 1498 12 1202 
1669920346 1478 1497 10 1277 
1669920348 1479 1501 7 1249 
1669920350 1474 1499 9 1194 
1669920352 1464 1494 13 1231 
1669920354 1498 1480 8 1278 
1669920356 1477 1479 8 1184 
1669920358 1451 1481 10 1256 
1669920360 1485 1466 11 1274 
1669920362 1471 1475 12 1302 
1669920364 1387 1477 8 1187 
1669920366 1402 1437 10 1175 
1669920368 1420 1477 10 1242 
1669920370 1460 1485 10 1183 
1669920372 1484 1482 9 1235 
1669920374 1463 1486 12 1247 
1669920376 1470 1476 8 1272 
1669920378 1399 1473 12 1287 
1669920380 1437 1471 7 1279 
1669920382 1430 1477 11 1259 
1669920384 1429 1481 10 1278 
1669920386 1473 1479 11 1124 
1669920388 1389 1481 7 1234 
1669920390 1356 1477 11 1263 
1669920392 1417 1463 9 1276 
1669920394 1379 1474 9 1282 
1669920396 1463 1471 9 1202 
1669920398 1399 1462 8 1274 
1669920400 1366 1473 10 1260 
1669920402 1330 1476 10 1292 
1669920404 1333 1482 11 1204 
1669920406 1400 1472 9 1259 
1669920408 1436 1443 8 1278 
1669920410 1362 1463 10 1296 
1669920412 1413 1459 11 1277 
1669920414 1451 1455 8 1210 
1669920416 1379 1458 12 1243 
1669920418 1408 1451 10 1277 
1669920420 1346 1462 8 1300 
1669920422 1423 1452 10 1225 
1669920424 1354 1395 9 1253 
1669920426 1442 1472 11 1185 
1669920428 1468 1474 8 1266 
1669920430 1458 1464 11 1282 
1669920432 1450 1464 9 1274 
1669920434 1460 1469 10 1297 
1669920436 1459 1469 11 1267 
1669920438 1447 1466 10 1189 
1669920440 1370 1463 7 1174 
1669920442 1347 1473 9 1247 
1669920444 1419 1466 12 1279 
1669920446 1452 1468 7 1297 
1669920448 1470 1472 10 1214 
1669920450 1383 1462 12 1145 
1669920452 1416 1473 8 1136 
1669920454 1433 1468 9 1218 
1669920456 1447 1451 9 1266 
1669920458 1294 1468 10 1260 
1669920460 1322 1461 12 1283 
1669920462 1313 1471 9 1249 
1669920464 1413 1472 8 1201 
1669920466 1362 1494 8 1164 
1669920468 1419 1470 9 1218 
1669920470 1428 1471 12 1181 
1669920472 1422 1466 13 1153 
1669920474 1445 1463 12 1238 
1669920476 1489 1441 9 1253 
1669920478 1452 1458 11 1261 
1669920480 1465 1463 10 1277 
1669920482 1464 1462 10 1200 
1669920484 1384 1463 8 1231 
1669920486 1426 1470 11 1254 
1669920488 1377 1465 12 1285 
1669920490 1456 1464 12 1295 
1669920492 1464 1460 9 1289 
1669920494 1476 1467 11 1296 
1669920496 1390 1474 10 1205 
1669920498 1407 1480 9 1251 
1669920500 1440 1468 7 1275 
1669920502 1468 1469 11 1255 
1669920504 1452 1476 12 1284 
1669920506 1480 1474 7 1195 
1669920508 1468 1464 10 1275 
1669920510 1453 1467 9 1292 
1669920512 1469 1468 11 1294 
1669920514 1458 1459 12 1209 
1669920516 1461 1463 11 1238 
1669920518 1454 1463 8 1190 
1669920520 1469 1456 8 1259 
1669920522 1476 1467 10 1280 
1669920524 1457 1459 9 1190 
1669920526 1486 1459 11 1252 
1669920528 1466 1444 8 1283 
1669920530 1441 1465 10 1175 
1669920532 1468 1455 9 1245 
1669920534 1489 1459 9 1240 
1669920536 1495 1465 11 1182 
1669920538 1396 1464 9 1226 
1669920540 1431 1456 9 1236 
1669920542 1373 1443 10 1276 
1669920544 1347 1469 10 1298 
1669920546 1426 1467 12 1311 
1669920548 1448 1454 9 1279 
1669920550 1460 1459 9 1291 
1669920552 1477 1456 11 1253 
1669920554 1485 1460 8 1180 
1669920556 1479 1461 10 1238 
1669920558 1480 1464 9 1183 
1669920560 1458 1463 10 1146 
1669920562 1396 1462 13 1127 
1669920564 1450 1460 10 1223 
1669920566 1446 1465 12 1243 
1669920568 1434 1463 11 1267 
1669920570 1463 1464 10 1268 
1669920572 1492 1459 11 1281 
1669920574 1494 1457 11 1267 
1669920576 1469 1467 10 1177 
1669920578 1448 1467 10 1276 
1669920580 1485 1470 9 1198 
1669920582 1457 1450 9 1171 
1669920584 1368 1469 11 1166 
1669920586 1357 1474 11 1142 
1669920588 1332 1466 10 1220 
1669920590 1434 1470 10 1166 
1669920592 1468 1470 6 1170 
1669920594 1446 1472 11 1241 
1669920596 1441 1469 10 1256 
1669920598 1458 1444 10 1194 
1669920600 1434 1469 7 1244 
1669920602 1467 1467 12 1280 
1669920604 1397 1468 12 1273 
1669920606 1419 1469 9 1277 
1669920608 1455 1467 12 1268 
1669920610 1400 1459 10 1297 
1669920612 1432 1458 8 1309 
1669920614 1472 1453 9 1221 
1669920616 1474 1447 9 1253 
1669920618 1485 1457 8 1265 
1669920620 1487 1457 11 1177 
1669920622 1479 1458 7 1254 
1669920624 1454 1457 8 1270 
1669920626 1489 1456 7 1283 
1669920628 1461 1455 9 1287 
1669920630 1462 1460 11 1282 
1669920632 1466 1482 9 1286 
1669920634 1391 1466 8 1197 
1669920636 1358 1461 8 1089 
1669920638 1419 1461 8 1199 
1669920640 1434 1460 7 1239 
1669920642 1356 1464 11 1253 
1669920644 1411 1466 10 1183 
1669920646 1438 1465 9 1251 
1669920648 1457 1463 12 1281 
1669920650 1461 1467 10 1296 
1669920652 1445 1461 9 1274 
1669920654 1451 1446 11 1268 
1669920656 1456 1468 10 1194 
1669920658 1449 1459 11 1179 
1669920660 1469 1454 10 1261 
1669920662 1474 1460 5 1199 
1669920664 1470 1461 11 1262 
1669920666 1462 1466 9 1249 
1669920668 1445 1476 7 1274 
1669920670 1384 1422 7 1198 
1669920672 1428 1464 8 1246 
1669920674 1477 1462 7 1266 
1669920676 1494 1454 8 1293 
1669920678 1476 1458 11 1263 
1669920680 1459 1456 9 1268 
1669920682 1454 1462 12 1302 
1669920684 1386 1459 10 1279 
1669920686 1433 1462 12 1194 
1669920688 1453 1463 11 1163 
1669920690 1472 1463 8 1236 
1669920692 1478 1458 12 1285 
1669920694 1485 1465 9 1309 
1669920696 1392 1458 9 1302 
1669920698 1454 1468 10 1328 
1669920700 1363 1460 11 1298 
1669920702 1347 1460 9 1283 
1669920704 1333 1460 11 1266 
1669920706 1418 1459 11 1288 
1669920708 1459 1461 8 1283 
1669920710 1449 1467 9 1264 
1669920712 1472 1463 10 1311 
1669920714 1488 1459 8 1305 
1669920716 1480 1457 8 1302 
1669920718 1500 1449 12 1306 
1669920720 1410 1455 8 1300 
1669920722 1438 1454 10 1213 
1669920724 1434 1458 10 1250 
1669920726 1394 1447 10 1277 
1669920728 1429 1462 11 1269 
1669920730 1454 1458 11 1212 
1669920732 1476 1456 8 1273 
1669920734 1456 1438 12 1287 
1669920736 1467 1458 8 1184 
1669920738 1450 1456 8 1229 
1669920740 1459 1446 9 1265 
1669920742 1474 1456 11 1275 
1669920744 1473 1452 10 1287 
1669920746 1485 1421 10 1282 
1669920748 1397 1452 11 1208 
1669920750 1453 1454 13 1185 
1669920752 1440 1452 11 1236 
1669920754 1361 1450 10 1178 
1669920756 1413 1445 10 1078 
1669920758 1347 1442 11 1176 
1669920760 1416 1451 10 1134 
1669920762 1460 1454 10 1159 
1669920764 1480 1457 12 1135 
1669920766 1451 1464 8 1129 
1669920768 1460 1459 9 1142 
1669920770 1379 1446 9 1204 
1669920772 1438 1452 12 1264 
1669920774 1483 1449 11 1248 
1669920776 1483 1451 10 1188 
1669920778 1470 1453 11 1159 
1669920780 1492 1445 12 1153 
1669920782 1461 1445 11 1228 
1669920784 1384 1458 10 1284 
1669920786 1450 1460 9 1287 
1669920788 1477 1467 11 1289 
1669920790 1484 1466 10 1306 
1669920792 1489 1463 13 1294 
1669920794 1497 1456 9 1285 
1669920796 1474 1460 9 1192 
1669920798 1461 1450 9 1174 
1669920800 1493 1444 9 1227 
1669920802 1446 1445 11 1233 
1669920804 1466 1445 9 1233 
1669920806 1377 1449 10 1279 
1669920808 1411 1448 9 1282 
1669920810 1377 1459 10 1268 
1669920812 1451 1462 10 1280 
1669920814 1468 1452 11 1287 
1669920816 1373 1454 10 1306 
1669920818 1447 1450 10 1309 
1669920820 1445 1456 10 1310 
1669920822 1398 1458 11 1214 
1669920824 1425 1450 12 1274 
1669920826 1433 1457 10 1199 
1669920828 1444 1458 9 1264 
1669920830 1455 1462 10 1274 
1669920832 1471 1459 8 1209 
1669920834 1447 1461 8 1244 
1669920836 1487 1463 8 1192 
1669920838 1492 1461 10 1248 
1669920840 1393 1447 11 1240 
1669920842 1457 1454 14 1246 
1669920844 1394 1459 13 1277 
1669920846 1436 1454 10 1191 
1669920848 1434 1456 9 1248 
1669920850 1469 1460 11 1239 
1669920852 1466 1456 10 1291 
1669920854 1443 1461 9 1261 
1669920856 1431 1465 10 1279 
1669920858 1430 1468 12 1303 
1669920860 1436 1470 10 1290 
1669920862 1464 1463 10 1301 
1669920864 1470 1461 12 1215 
1669920866 1477 1460 10 1184 
1669920868 1396 1462 8 1070 
1669920870 1453 1460 9 1195 
1669920872 1367 1448 12 1235 
1669920874 1322 1465 9 1252 
1669920876 1420 1496 7 1267 
1669920878 1461 1481 12 1289 
1669920880 1451 1465 11 1285 
1669920882 1439 1468 9 1284 
1669920884 1462 1477 7 1256 
1669920886 1460 1491 10 1200 
1669920888 1385 1480 9 1218 
1669920890 1272 1463 8 1167 
1669920892 1376 1464 11 1252 
1669920894 1432 1462 10 1277 
1669920896 1433 1466 11 1284 
1669920898 1354 1457 9 1288 
1669920900 1331 1469 9 1286 
1669920902 1345 1471 8 1287 
1669920904 1394 1479 8 1183 
1669920906 1448 1462 10 1254 
1669920908 1292 1480 10 1272 
1669920910 1330 1491 10 1210 
1669920912 1428 1493 9 1244 
1669920914 1364 1492 8 1185 
1669920916 1344 1461 8 1138 
1669920918 1441 1406 11 1205 
1669920920 1459 1481 8 1146 
1669920922 1483 1484 8 1165 
1669920924 1497 1495 9 1233 
1669920926 1490 1491 9 1241 
1669920928 1470 1480 7 1178 
1669920930 1452 1489 8 1074 
1669920932 1470 1483 8 1110 
1669920934 1391 1465 11 1131 
1669920936 1416 1478 13 1214 
1669920938 1367 1475 12 1272 
1669920940 1408 1477 10 1309 
1669920942 1356 1478 12 1273 
1669920944 1415 1470 9 1297 
1669920946 1450 1476 9 1306 
1669920948 1450 1464 11 1286 
1669920950 1468 1494 10 1294 
1669920952 1450 1482 9 1196 
1669920954 1470 1484 7 1239 
1669920956 1459 1484 9 1285 
1669920958 1476 1480 9 1284 
1669920960 1460 1482 10 1203 
1669920962 1377 1483 10 1242 
1669920964 1433 1481 11 1261 
1669920966 1460 1468 10 1296 
1669920968 1453 1474 9 1258 
1669920970 1468 1483 9 1262 
1669920972 1398 1467 10 1193 
1669920974 1416 1473 6 1253 
1669920976 1373 1475 12 1255 
1669920978 1437 1474 11 1187 
1669920980 1458 1478 10 1250 
1669920982 1484 1477 12 1195 
1669920984 1493 1464 13 1180 
1669920986 1482 1462 9 1234 
1669920988 1385 1468 8 1170 
1669920990 1361 1474 7 1216 
1669920992 1392 1459 12 1247 
1669920994 1428 1452 12 1102 
1669920996 1481 1455 13 1135 
1669920998 1463 1466 9 1227 
1669921000 1452 1464 9 1262 
1669921002 1462 1472 8 1254 
1669921004 1471 1480 7 1286 
1669921006 1407 1461 9 1281 
1669921008 1350 1465 10 1263 
1669921010 1434 1467 9 1273 
1669921012 1459 1465 10 1291 
1669921014 1437 1467 8 1204 
1669921016 1371 1467 12 1172 
1669921018 1438 1457 11 1245 
1669921020 1468 1452 10 1280 
1669921022 1485 1457 12 1271 
1669921024 1443 1464 11 1281 
1669921026 1472 1471 12 1293 
1669921028 1482 1472 9 1285 
1669921030 1404 1463 7 1249 
1669921032 1421 1450 9 1248 
1669921034 1360 1447 8 1185 
1669921036 1341 1465 10 1264 
1669921038 1340 1472 11 1277 
1669921040 1436 1462 12 1279 
1669921042 1461 1458 8 1177 
1669921044 1443 1462 9 1152 
1669921046 1441 1459 11 1217 
1669921048 1440 1465 10 1171 
1669921050 1476 1465 11 1160 
1669921052 1477 1474 9 1239 
1669921054 1494 1462 11 1242 
1669921056 1459 1454 9 1191 
1669921058 1450 1458 11 1162 
1669921060 1470 1465 11 1139 
1669921062 1442 1466 10 1229 
1669921064 1452 1455 8 1173 
1669921066 1290 1464 11 1238 
1669921068 1422 1433 11 1271 
1669921070 1381 1462 11 1262 
1669921072 1346 1471 9 1176 
1669921074 1414 1464 8 1255 
1669921076 1444 1465 8 1171 
1669921078 1463 1465 10 1251 
1669921080 1363 1468 10 1164 
1669921082 1447 1468 8 1263 
1669921084 1472 1467 10 1302 
1669921086 1392 1470 9 1190 
1669921088 1364 1473 11 1256 
1669921090 1341 1481 9 1169 
1669921092 1411 1476 9 1246 
1669921094 1462 1469 11 1247 
1669921096 1379 1462 7 1240 
1669921098 1358 1441 9 1185 
1669921100 1420 1465 8 1257 
1669921102 1443 1455 11 1259 
1669921104 1465 1485 7 1247 
1669921106 1476 1469 10 1264 
1669921108 1492 1463 9 1203 
1669921110 1455 1460 11 1231 
1669921112 1435 1455 9 1242 
1669921114 1354 1452 11 1094 
1669921116 1339 1451 11 1209 
1669921118 1447 1455 9 1268 
1669921120 1477 1456 10 1288 
1669921122 1366 1454 9 1270 
1669921124 1335 1467 9 1188 
1669921126 1400 1456 9 1236 
1669921128 1350 1463 11 1252 
1669921130 1355 1463 12 1278 
1669921132 1423 1478 9 1300 
1669921134 1356 1459 7 1290 
1669921136 1430 1446 12 1289 
1669921138 1357 1446 10 1291 
1669921140 1439 1450 10 1305 
1669921142 1455 1456 10 1294 
1669921144 1461 1447 8 1283 
1669921146 1461 1452 7 1214 
1669921148 1476 1461 12 1149 
1669921150 1480 1464 8 1138 
1669921152 1468 1462 12 1216 
1669921154 1402 1461 13 1087 
1669921156 1450 1465 12 1139 
1669921158 1472 1465 11 1150 
1669921160 1488 1464 10 1213 
1669921162 1479 1461 9 1259 
1669921164 1378 1458 9 1098 
1669921166 1449 1469 13 1122 
1669921168 1456 1467 8 1225 
1669921170 1473 1464 9 1171 
1669921172 1469 1464 14 1261 
1669921174 1464 1457 9 1244 
1669921176 1399 1465 8 1179 
1669921178 1452 1464 7 1224 
1669921180 1470 1466 9 1270 
1669921182 1492 1460 13 1205 
1669921184 1389 1468 11 1163 
1669921186 1452 1459 13 1213 
1669921188 1468 1444 12 1158 
1669921190 1375 1475 10 1223 
1669921192 1439 1470 7 1244 
1669921194 1443 1471 9 1259 
1669921196 1423 1470 10 1291 
1669921198 1452 1472 11 1193 
