1669921202 1357 1458 7 1200 
1669921205 1414 1447 12 1253 
1669921207 1427 1449 10 1286 
1669921209 1439 1412 11 1284 
1669921211 1438 1455 11 1197 
1669921213 1441 1465 11 1227 
1669921215 1471 1435 11 1237 
1669921217 1464 1474 9 1260 
1669921219 1382 1431 8 1168 
1669921221 1418 1460 8 1172 
1669921223 1469 1464 10 1164 
1669921225 1453 1466 13 1244 
1669921227 1451 1457 8 1195 
1669921229 1472 1464 10 1167 
1669921231 1443 1467 7 1231 
1669921233 1451 1457 8 1259 
1669921235 1449 1454 8 1257 
1669921237 1458 1447 12 1179 
1669921239 1455 1457 12 1262 
1669921241 1482 1458 9 1269 
1669921243 1477 1457 8 1183 
1669921245 1482 1463 7 1225 
1669921247 1503 1464 12 1188 
1669921249 1488 1458 11 1255 
1669921251 1454 1457 11 1240 
1669921253 1392 1467 10 1153 
1669921255 1430 1460 8 1258 
1669921257 1482 1461 8 1194 
1669921259 1376 1462 8 1168 
1669921261 1347 1461 9 1210 
1669921263 1445 1454 7 1253 
1669921265 1465 1459 10 1288 
1669921267 1477 1448 8 1209 
1669921269 1454 1459 11 1179 
1669921271 1463 1456 10 1253 
1669921273 1449 1451 12 1272 
1669921275 1483 1430 8 1294 
1669921277 1378 1442 11 1191 
1669921279 1432 1454 10 1181 
1669921281 1457 1457 12 1230 
1669921283 1447 1455 9 1171 
1669921285 1471 1462 10 1167 
1669921287 1470 1451 9 1248 
1669921289 1368 1441 12 1199 
1669921291 1402 1435 12 1261 
1669921293 1421 1445 8 1250 
1669921295 1383 1473 10 1286 
1669921297 1359 1440 10 1284 
1669921299 1361 1446 7 1288 
1669921301 1256 1445 12 1286 
1669921303 1396 1445 11 1295 
1669921305 1428 1447 12 1277 
1669921307 1455 1440 11 1254 
1669921309 1437 1449 11 1255 
1669921311 1435 1448 12 1199 
1669921313 1442 1453 9 1255 
1669921315 1364 1448 9 1252 
1669921317 1322 1439 9 1166 
1669921319 1415 1452 10 1254 
1669921321 1431 1457 10 1303 
1669921323 1433 1458 9 1287 
1669921325 1440 1460 10 1298 
1669921327 1449 1460 10 1297 
1669921329 1449 1456 11 1292 
1669921331 1457 1452 10 1300 
1669921333 1374 1460 13 1259 
1669921335 1401 1463 10 1196 
1669921337 1436 1449 10 1274 
1669921339 1453 1454 9 1284 
1669921341 1475 1453 9 1272 
1669921343 1395 1436 10 1252 
1669921345 1444 1450 10 1303 
1669921347 1439 1451 11 1285 
1669921349 1361 1451 11 1256 
1669921351 1447 1440 11 1273 
1669921353 1430 1454 12 1290 
1669921355 1454 1447 11 1191 
1669921357 1489 1451 9 1244 
1669921359 1404 1451 8 1258 
1669921361 1433 1451 9 1191 
1669921363 1276 1448 11 1237 
1669921365 1383 1455 11 1169 
1669921367 1426 1455 12 1071 
1669921369 1366 1451 14 1122 
1669921371 1453 1454 9 1205 
1669921373 1377 1454 9 1076 
1669921375 1442 1444 7 1214 
1669921377 1385 1453 12 1171 
1669921379 1420 1453 8 1179 
1669921381 1461 1456 12 1264 
1669921383 1460 1445 9 1265 
1669921385 1373 1454 11 1277 
1669921387 1427 1459 11 1274 
1669921389 1480 1453 10 1200 
1669921391 1470 1456 9 1257 
1669921393 1492 1467 13 1273 
1669921395 1490 1467 11 1189 
1669921397 1476 1459 12 1078 
1669921399 1459 1468 11 1135 
1669921401 1449 1472 11 1230 
1669921403 1443 1475 8 1244 
1669921405 1296 1465 12 1249 
1669921407 1384 1478 10 1268 
1669921409 1461 1474 8 1191 
1669921411 1448 1454 12 1176 
1669921413 1383 1467 12 1254 
1669921415 1342 1493 9 1272 
1669921417 1342 1471 9 1295 
1669921419 1419 1472 8 1193 
1669921421 1418 1473 11 1259 
1669921423 1436 1470 10 1264 
1669921425 1369 1472 8 1165 
1669921427 1410 1472 11 1148 
1669921429 1456 1472 11 1162 
1669921431 1382 1471 12 1223 
1669921433 1440 1473 9 1093 
1669921435 1464 1468 11 1126 
1669921437 1464 1470 10 1234 
1669921439 1462 1469 10 1247 
1669921441 1467 1477 8 1265 
1669921443 1375 1473 9 1272 
1669921445 1421 1475 11 1278 
1669921447 1470 1473 11 1298 
1669921449 1468 1473 9 1284 
1669921451 1484 1471 12 1298 
1669921453 1478 1474 12 1295 
1669921455 1460 1480 11 1265 
1669921457 1443 1477 9 1281 
1669921459 1433 1479 8 1278 
1669921461 1443 1482 12 1197 
1669921463 1470 1476 9 1230 
1669921465 1374 1474 12 1242 
1669921467 1424 1478 9 1278 
1669921469 1430 1472 11 1178 
1669921471 1376 1474 10 1162 
1669921473 1433 1474 12 1225 
1669921475 1433 1475 10 1147 
1669921477 1430 1465 12 1147 
1669921479 1462 1466 9 1233 
1669921481 1444 1473 10 1265 
1669921483 1447 1461 10 1274 
1669921485 1374 1474 7 1187 
1669921487 1407 1467 9 1252 
1669921489 1426 1474 11 1248 
1669921491 1470 1472 11 1177 
1669921493 1383 1475 10 1226 
1669921495 1429 1483 12 1278 
1669921497 1440 1472 9 1292 
1669921499 1285 1476 11 1272 
1669921501 1325 1471 11 1283 
1669921503 1381 1482 11 1175 
1669921505 1420 1475 10 1252 
1669921507 1441 1484 7 1274 
1669921509 1468 1476 13 1209 
1669921511 1462 1460 12 1167 
1669921513 1483 1485 11 1234 
1669921515 1403 1484 11 1267 
1669921517 1447 1485 10 1267 
1669921519 1373 1487 10 1185 
1669921521 1430 1507 10 1078 
1669921523 1389 1490 8 1131 
1669921525 1432 1448 10 1236 
1669921527 1443 1482 10 1260 
1669921529 1394 1474 10 1184 
1669921531 1434 1478 9 1253 
1669921533 1291 1474 9 1168 
1669921535 1388 1459 9 1245 
1669921537 1432 1454 11 1103 
1669921539 1361 1475 9 1148 
1669921541 1447 1467 9 1220 
1669921543 1453 1463 10 1240 
1669921545 1390 1473 11 1164 
1669921547 1457 1468 10 1261 
1669921549 1466 1466 9 1185 
1669921551 1458 1467 11 1230 
1669921553 1484 1481 9 1270 
1669921555 1489 1484 10 1295 
1669921557 1477 1482 13 1193 
1669921559 1487 1481 10 1279 
1669921561 1383 1478 8 1300 
1669921563 1450 1474 11 1306 
1669921565 1483 1485 11 1286 
1669921567 1485 1517 9 1259 
1669921569 1464 1481 9 1273 
1669921571 1476 1480 10 1287 
1669921573 1470 1467 8 1301 
1669921575 1441 1487 11 1205 
1669921577 1456 1464 10 1269 
1669921579 1480 1475 8 1271 
1669921581 1461 1470 13 1197 
1669921583 1469 1485 9 1229 
1669921585 1484 1483 13 1177 
1669921587 1484 1484 9 1252 
1669921589 1460 1483 9 1260 
1669921591 1459 1468 12 1193 
1669921593 1365 1486 10 1167 
1669921595 1424 1477 10 1253 
1669921597 1434 1481 9 1282 
1669921599 1468 1473 7 1280 
1669921601 1453 1471 11 1259 
1669921603 1370 1468 12 1259 
1669921605 1406 1477 9 1253 
1669921607 1438 1482 15 1190 
1669921609 1466 1483 10 1243 
1669921611 1466 1487 10 1266 
1669921613 1412 1487 8 1168 
1669921615 1464 1485 11 1254 
1669921617 1303 1486 8 1186 
1669921619 1422 1484 10 1182 
1669921621 1372 1482 11 1247 
1669921623 1420 1479 9 1192 
1669921625 1450 1474 11 1267 
1669921627 1447 1480 10 1281 
1669921629 1444 1458 13 1174 
1669921631 1462 1477 7 1224 
1669921633 1381 1451 10 1267 
1669921635 1430 1484 6 1170 
1669921637 1371 1479 10 1070 
1669921639 1450 1478 12 1206 
1669921641 1462 1478 10 1237 
1669921643 1445 1479 10 1253 
1669921645 1468 1472 10 1300 
1669921647 1456 1471 9 1277 
1669921649 1449 1465 8 1303 
1669921651 1427 1463 10 1264 
1669921653 1449 1463 12 1279 
1669921655 1445 1461 11 1262 
1669921657 1359 1476 10 1270 
1669921659 1422 1482 11 1285 
1669921661 1442 1481 12 1290 
1669921663 1437 1473 8 1204 
1669921665 1463 1482 11 1254 
1669921667 1460 1469 11 1195 
1669921669 1458 1473 8 1170 
1669921671 1366 1472 9 1138 
1669921673 1424 1461 9 1158 
1669921675 1381 1479 10 1237 
1669921677 1344 1454 9 1252 
1669921679 1404 1471 10 1170 
1669921681 1421 1468 9 1220 
1669921683 1433 1469 10 1246 
1669921685 1460 1478 8 1162 
1669921687 1474 1483 11 1217 
1669921689 1480 1470 11 1271 
1669921691 1385 1481 10 1282 
1669921693 1448 1483 8 1203 
1669921695 1350 1483 11 1231 
1669921697 1391 1484 10 1159 
1669921699 1434 1472 11 1159 
1669921701 1425 1493 11 1229 
1669921703 1463 1492 11 1195 
1669921705 1449 1485 7 1158 
1669921707 1373 1484 9 1139 
1669921709 1421 1489 9 1238 
1669921711 1367 1493 11 1249 
1669921713 1425 1493 8 1259 
1669921715 1430 1493 9 1247 
1669921717 1360 1496 11 1265 
1669921719 1410 1497 10 1273 
1669921721 1423 1496 9 1273 
1669921723 1424 1491 12 1189 
1669921725 1466 1495 9 1228 
1669921727 1365 1490 12 1274 
1669921729 1453 1492 8 1169 
1669921731 1365 1491 10 1233 
1669921733 1447 1485 12 1249 
1669921735 1436 1491 11 1279 
1669921737 1474 1488 12 1205 
1669921739 1413 1482 10 1271 
1669921741 1464 1472 11 1202 
1669921743 1456 1478 11 1249 
1669921745 1479 1467 7 1246 
1669921747 1387 1479 10 1266 
1669921749 1436 1476 9 1249 
1669921751 1462 1482 12 1285 
1669921753 1473 1485 12 1184 
1669921755 1372 1490 10 1261 
1669921757 1435 1485 7 1259 
1669921759 1458 1487 11 1277 
1669921761 1376 1479 13 1249 
1669921763 1438 1482 10 1286 
1669921765 1449 1483 9 1287 
1669921767 1442 1478 9 1272 
1669921769 1364 1508 7 1276 
1669921771 1434 1474 10 1276 
1669921773 1450 1469 8 1263 
1669921775 1370 1484 11 1198 
1669921777 1412 1469 8 1269 
1669921779 1440 1485 6 1260 
1669921781 1379 1447 10 1190 
1669921783 1437 1483 8 1141 
1669921785 1444 1484 11 1146 
1669921787 1462 1455 10 1242 
1669921789 1360 1421 9 1241 
1669921791 1352 1483 9 1240 
1669921793 1426 1477 10 1263 
1669921795 1413 1461 10 1297 
1669921797 1444 1465 12 1176 
1669921799 1468 1466 11 1149 
1669921801 1439 1471 14 1241 
1669921803 1465 1467 10 1276 
1669921805 1448 1463 11 1289 
1669921807 1382 1462 10 1270 
1669921809 1341 1467 10 1201 
1669921811 1431 1466 7 1249 
1669921813 1427 1471 10 1268 
1669921815 1356 1472 10 1164 
1669921817 1407 1473 10 1247 
1669921819 1447 1478 9 1179 
1669921821 1453 1444 11 1140 
1669921823 1464 1461 10 1245 
1669921825 1436 1458 11 1227 
1669921827 1435 1465 13 1180 
1669921829 1441 1463 10 1255 
1669921831 1367 1464 11 1166 
1669921833 1424 1471 11 1231 
1669921835 1431 1477 10 1265 
1669921837 1443 1472 11 1281 
1669921839 1461 1458 10 1300 
1669921841 1448 1470 8 1196 
1669921843 1470 1462 9 1274 
1669921845 1454 1491 12 1155 
1669921847 1464 1476 12 1245 
1669921849 1362 1476 10 1238 
1669921851 1452 1470 12 1280 
1669921853 1385 1478 9 1107 
1669921855 1427 1480 9 1223 
1669921857 1452 1469 11 1254 
1669921859 1461 1481 12 1284 
1669921861 1480 1483 10 1186 
1669921863 1482 1486 12 1253 
1669921865 1481 1478 9 1104 
1669921867 1466 1483 11 1218 
1669921869 1373 1484 9 1151 
1669921871 1428 1483 9 1217 
1669921873 1438 1479 10 1273 
1669921875 1462 1475 7 1265 
1669921877 1446 1489 10 1282 
1669921879 1464 1416 11 1281 
1669921881 1463 1491 10 1254 
1669921883 1389 1492 10 1266 
1669921885 1432 1486 9 1273 
1669921887 1447 1489 9 1206 
1669921889 1383 1486 11 1248 
1669921891 1444 1480 12 1288 
1669921893 1478 1466 11 1252 
1669921895 1453 1481 12 1091 
1669921897 1452 1476 9 1226 
1669921899 1470 1469 11 1225 
1669921901 1432 1485 10 1250 
1669921903 1334 1517 9 1240 
1669921905 1402 1487 11 1194 
1669921907 1386 1481 8 1240 
1669921909 1431 1472 9 1273 
1669921911 1441 1457 12 1273 
1669921913 1440 1454 11 1178 
1669921915 1464 1462 11 1217 
1669921917 1444 1461 12 1180 
1669921919 1350 1468 9 1247 
1669921921 1424 1463 9 1234 
1669921923 1434 1458 7 1260 
1669921925 1445 1465 9 1263 
1669921927 1425 1468 10 1095 
1669921929 1431 1481 11 1203 
1669921931 1425 1461 9 1244 
1669921933 1274 1446 11 1156 
1669921935 1305 1461 10 1228 
1669921937 1415 1467 12 1176 
1669921939 1431 1470 9 1225 
1669921941 1457 1478 12 1253 
1669921943 1464 1486 13 1264 
1669921945 1379 1485 12 1177 
1669921947 1358 1478 8 1147 
1669921949 1432 1479 9 1216 
1669921951 1357 1480 11 1242 
1669921953 1435 1484 8 1165 
1669921955 1358 1481 11 1213 
1669921957 1402 1475 9 1221 
1669921959 1443 1476 12 1237 
1669921961 1444 1476 9 1248 
1669921963 1469 1478 12 1271 
1669921965 1465 1477 12 1283 
1669921967 1462 1477 10 1280 
1669921969 1386 1478 11 1261 
1669921971 1421 1477 10 1285 
1669921973 1456 1477 9 1194 
1669921975 1445 1482 10 1245 
1669921977 1469 1475 9 1259 
1669921979 1446 1481 10 1160 
1669921981 1389 1479 8 1210 
1669921983 1449 1482 7 1260 
1669921985 1359 1483 10 1280 
1669921987 1344 1484 9 1259 
1669921989 1424 1473 9 1280 
1669921991 1432 1485 9 1283 
1669921993 1459 1486 12 1265 
1669921995 1472 1474 10 1196 
1669921997 1451 1468 10 1240 
1669921999 1469 1477 13 1165 
1669922001 1435 1473 10 1242 
1669922003 1451 1468 9 1240 
1669922005 1430 1466 12 1174 
1669922007 1463 1504 9 1073 
1669922009 1388 1481 8 1199 
1669922011 1423 1482 10 1261 
1669922013 1448 1486 11 1259 
1669922015 1433 1476 10 1279 
1669922017 1445 1488 7 1202 
1669922019 1461 1488 11 1253 
1669922021 1478 1487 11 1244 
1669922023 1459 1490 10 1269 
1669922025 1485 1497 10 1171 
1669922027 1479 1490 7 1243 
1669922029 1460 1491 10 1245 
1669922031 1451 1487 9 1241 
1669922033 1428 1482 7 1250 
1669922035 1441 1493 11 1191 
1669922037 1462 1488 10 1231 
1669922039 1479 1474 11 1173 
1669922041 1456 1486 12 1163 
1669922043 1438 1491 11 1224 
1669922045 1450 1482 7 1163 
1669922047 1446 1466 8 1237 
1669922049 1447 1463 9 1254 
1669922051 1434 1476 13 1252 
1669922053 1431 1477 7 1227 
1669922055 1435 1472 10 1242 
1669922057 1471 1481 11 1191 
1669922059 1465 1474 11 1156 
1669922061 1456 1471 10 1246 
1669922063 1473 1480 10 1265 
1669922065 1467 1483 9 1266 
1669922067 1472 1480 8 1176 
1669922069 1475 1479 10 1248 
1669922071 1379 1481 11 1265 
1669922073 1261 1479 10 1247 
1669922075 1367 1479 8 1190 
1669922077 1435 1472 10 1245 
1669922079 1361 1449 12 1261 
1669922081 1426 1487 9 1212 
1669922083 1386 1479 9 1232 
1669922085 1355 1476 8 1166 
1669922087 1452 1480 11 1148 
1669922089 1429 1481 11 1211 
1669922091 1431 1478 12 1232 
1669922093 1374 1483 12 1246 
1669922095 1334 1479 9 1261 
1669922097 1417 1465 10 1247 
1669922099 1427 1479 9 1251 
1669922101 1358 1482 9 1264 
1669922103 1344 1482 10 1254 
1669922105 1310 1488 10 1280 
1669922107 1412 1482 10 1286 
1669922109 1359 1490 7 1280 
1669922111 1408 1466 8 1262 
1669922113 1451 1486 11 1269 
1669922115 1434 1477 8 1253 
1669922117 1430 1484 10 1268 
1669922119 1469 1474 12 1287 
1669922121 1434 1474 10 1292 
1669922123 1437 1472 12 1098 
1669922125 1350 1482 11 1194 
1669922127 1426 1478 9 1221 
1669922129 1428 1513 7 1261 
1669922131 1454 1490 9 1240 
1669922133 1472 1485 9 1244 
1669922135 1465 1490 12 1250 
1669922137 1453 1481 11 1254 
1669922139 1438 1489 9 1271 
1669922141 1435 1477 9 1273 
1669922143 1435 1493 9 1258 
1669922145 1440 1486 9 1290 
1669922147 1360 1489 10 1273 
1669922149 1404 1493 11 1255 
1669922151 1433 1497 8 1188 
1669922153 1356 1492 9 1238 
1669922155 1443 1490 12 1186 
1669922157 1432 1494 12 1243 
1669922159 1460 1491 10 1241 
1669922161 1428 1508 8 1169 
1669922163 1451 1490 9 1217 
1669922165 1466 1488 13 1221 
1669922167 1474 1476 11 1229 
1669922169 1451 1490 8 1164 
1669922171 1373 1493 7 1225 
1669922173 1408 1481 12 1273 
1669922175 1446 1497 10 1294 
1669922177 1453 1490 10 1263 
1669922179 1470 1495 10 1254 
1669922181 1481 1487 7 1248 
1669922183 1476 1487 9 1167 
1669922185 1471 1482 11 1241 
1669922187 1462 1479 11 1236 
1669922189 1362 1485 7 1244 
1669922191 1449 1485 7 1268 
1669922193 1439 1487 9 1272 
1669922195 1446 1476 11 1275 
1669922197 1366 1474 13 1225 
1669922199 1330 1474 10 1250 
1669922201 1430 1464 10 1158 
1669922203 1461 1471 8 1220 
1669922205 1454 1479 9 1253 
1669922207 1442 1482 12 1094 
1669922209 1467 1475 10 1126 
1669922211 1384 1499 9 1192 
1669922213 1272 1478 10 1153 
1669922215 1370 1485 10 1238 
1669922217 1416 1487 8 1266 
1669922219 1374 1480 8 1275 
1669922221 1436 1475 10 1271 
1669922223 1426 1478 9 1177 
1669922225 1450 1470 8 1142 
1669922227 1458 1469 8 1115 
1669922229 1470 1477 14 1221 
1669922231 1443 1477 13 1147 
1669922233 1457 1479 10 1233 
1669922235 1476 1465 9 1268 
1669922237 1496 1481 7 1268 
1669922239 1386 1472 9 1278 
1669922241 1428 1478 10 1290 
1669922243 1431 1480 11 1261 
1669922245 1443 1483 10 1277 
1669922247 1447 1477 12 1166 
1669922249 1461 1475 9 1229 
1669922251 1467 1481 12 1171 
1669922253 1464 1469 10 1244 
1669922255 1299 1477 7 1145 
1669922257 1412 1473 9 1225 
1669922259 1417 1466 8 1168 
1669922261 1440 1472 12 1222 
1669922263 1357 1468 9 1246 
1669922265 1402 1477 7 1180 
1669922267 1354 1464 9 1157 
1669922269 1411 1464 10 1225 
1669922271 1416 1476 9 1255 
1669922273 1436 1475 10 1246 
1669922275 1460 1471 8 1185 
1669922277 1476 1464 9 1234 
1669922279 1459 1472 8 1142 
1669922281 1473 1476 12 1145 
1669922283 1374 1470 11 1121 
1669922285 1418 1463 12 1116 
1669922287 1366 1474 13 1137 
1669922289 1418 1474 9 1236 
1669922291 1447 1481 9 1239 
1669922293 1437 1478 11 1181 
1669922295 1461 1470 10 1130 
1669922297 1354 1460 10 1216 
1669922299 1434 1471 7 1264 
1669922301 1441 1486 6 1244 
1669922303 1473 1471 10 1255 
1669922305 1467 1482 12 1265 
1669922307 1454 1450 9 1175 
1669922309 1465 1471 8 1066 
1669922311 1452 1474 11 1203 
1669922313 1479 1479 11 1172 
1669922315 1405 1467 9 1227 
1669922317 1440 1472 8 1262 
1669922319 1442 1468 11 1242 
1669922321 1446 1466 6 1176 
1669922323 1425 1465 12 1226 
1669922325 1467 1460 9 1163 
1669922327 1438 1466 9 1233 
1669922329 1436 1458 8 1162 
1669922331 1431 1462 10 1242 
1669922333 1448 1487 8 1261 
1669922335 1450 1454 11 1234 
1669922337 1389 1468 10 1077 
1669922339 1444 1464 10 1191 
1669922341 1453 1461 10 1076 
1669922343 1445 1463 12 1209 
1669922345 1364 1467 8 1157 
1669922347 1407 1467 9 1241 
1669922349 1351 1464 7 1222 
1669922351 1411 1464 9 1249 
1669922353 1428 1457 6 1175 
1669922355 1459 1467 8 1247 
1669922357 1432 1463 7 1254 
1669922359 1439 1460 14 1174 
1669922361 1446 1462 9 1209 
1669922363 1444 1464 13 1250 
1669922365 1434 1463 8 1179 
1669922367 1371 1459 8 1240 
1669922369 1346 1469 7 1247 
1669922371 1334 1464 8 1174 
1669922373 1352 1464 11 1129 
1669922375 1421 1464 10 1201 
1669922377 1462 1467 12 1261 
1669922379 1448 1463 10 1237 
1669922381 1434 1463 10 1142 
1669922383 1455 1470 11 1238 
1669922385 1442 1472 9 1245 
1669922387 1441 1464 10 1185 
1669922389 1429 1498 12 1229 
1669922391 1459 1473 9 1183 
1669922393 1480 1471 10 1229 
1669922395 1440 1458 12 1266 
1669922397 1462 1468 7 1190 
1669922399 1281 1467 6 1197 
1669922401 1419 1469 11 1234 
1669922403 1434 1467 11 1165 
1669922405 1449 1465 10 1155 
1669922407 1462 1470 7 1236 
1669922409 1406 1458 13 1162 
1669922411 1365 1469 10 1250 
1669922413 1429 1470 10 1189 
1669922415 1417 1450 9 1205 
1669922417 1411 1470 9 1152 
1669922419 1450 1471 10 1151 
1669922421 1425 1474 8 1136 
1669922423 1447 1470 10 1220 
1669922425 1365 1478 9 1148 
1669922427 1339 1476 9 1201 
1669922429 1439 1445 7 1158 
1669922431 1378 1477 8 1145 
1669922433 1401 1471 8 1237 
1669922435 1444 1480 8 1090 
1669922437 1469 1475 11 1131 
1669922439 1460 1479 9 1142 
1669922441 1462 1477 10 1200 
1669922443 1385 1474 10 1242 
1669922445 1455 1475 10 1177 
1669922447 1467 1473 9 1240 
1669922449 1480 1478 11 1227 
1669922451 1473 1476 8 1267 
1669922453 1462 1476 9 1268 
1669922455 1387 1459 7 1256 
1669922457 1365 1461 8 1256 
1669922459 1447 1472 7 1267 
1669922461 1440 1460 8 1253 
1669922463 1418 1478 7 1251 
1669922465 1460 1476 11 1250 
1669922467 1466 1473 12 1174 
1669922469 1451 1478 8 1150 
1669922471 1469 1474 9 1220 
1669922473 1477 1481 10 1242 
1669922475 1488 1476 10 1266 
1669922477 1479 1472 12 1276 
1669922479 1377 1460 10 1252 
1669922481 1412 1466 9 1178 
1669922483 1423 1469 7 1245 
1669922485 1349 1457 8 1239 
1669922487 1420 1466 6 1176 
1669922489 1452 1462 7 1133 
1669922491 1434 1469 12 1239 
1669922493 1436 1473 11 1248 
1669922495 1440 1455 10 1269 
1669922497 1454 1462 8 1276 
1669922499 1460 1440 11 1264 
1669922501 1368 1463 13 1264 
1669922503 1362 1463 10 1169 
1669922505 1337 1464 10 1209 
1669922507 1327 1467 8 1232 
1669922509 1427 1459 8 1162 
1669922511 1465 1472 12 1251 
1669922513 1463 1462 9 1227 
1669922515 1475 1483 7 1263 
1669922517 1475 1450 10 1277 
1669922519 1473 1473 9 1256 
1669922521 1437 1477 11 1164 
1669922523 1381 1472 8 1062 
1669922525 1439 1471 10 1193 
1669922527 1453 1474 9 1213 
1669922529 1436 1474 9 1158 
1669922531 1457 1460 9 1209 
1669922533 1463 1474 10 1261 
1669922535 1363 1474 9 1241 
1669922537 1426 1470 8 1173 
1669922539 1451 1468 9 1163 
1669922541 1438 1478 10 1152 
1669922543 1439 1480 8 1136 
1669922545 1467 1471 8 1145 
1669922547 1464 1481 10 1149 
1669922549 1489 1483 11 1154 
1669922551 1448 1477 8 1134 
1669922553 1369 1476 9 1194 
1669922555 1453 1470 9 1077 
1669922557 1438 1477 11 1135 
1669922559 1454 1481 11 1207 
1669922561 1445 1478 11 1232 
1669922563 1366 1464 9 1172 
1669922565 1338 1482 7 1234 
1669922567 1413 1483 10 1269 
1669922569 1448 1482 9 1285 
1669922571 1425 1478 8 1192 
1669922573 1456 1470 12 1250 
1669922575 1380 1473 10 1256 
1669922577 1408 1475 9 1169 
1669922579 1417 1477 11 1225 
1669922581 1420 1409 9 1255 
1669922583 1420 1477 12 1151 
1669922585 1441 1479 9 1216 
1669922587 1445 1480 10 1253 
1669922589 1450 1478 9 1261 
1669922591 1441 1482 9 1272 
1669922593 1436 1486 9 1258 
1669922595 1383 1488 9 1266 
1669922597 1440 1477 9 1187 
1669922599 1283 1478 6 1147 
1669922601 1315 1483 9 1207 
1669922603 1416 1481 10 1255 
1669922605 1442 1478 7 1246 
1669922607 1476 1483 8 1158 
1669922609 1463 1487 8 1143 
1669922611 1465 1482 9 1236 
1669922613 1446 1489 11 1254 
1669922615 1375 1489 11 1262 
1669922617 1447 1510 9 1260 
1669922619 1396 1484 10 1235 
1669922621 1367 1486 5 1265 
1669922623 1404 1424 10 1247 
1669922625 1436 1479 9 1265 
1669922627 1429 1508 10 1180 
1669922629 1366 1484 11 1230 
1669922631 1413 1483 9 1256 
1669922633 1359 1481 8 1236 
1669922635 1421 1482 9 1258 
1669922637 1460 1479 7 1239 
1669922639 1465 1478 9 1248 
1669922641 1467 1486 7 1232 
1669922643 1395 1484 9 1243 
1669922645 1419 1477 7 1242 
1669922647 1433 1490 7 1246 
1669922649 1473 1481 9 1164 
1669922651 1470 1483 10 1220 
1669922653 1384 1481 8 1062 
1669922655 1438 1477 8 1194 
1669922657 1485 1482 6 1247 
1669922659 1471 1489 9 1250 
1669922661 1408 1484 11 1245 
1669922663 1459 1483 10 1256 
1669922665 1476 1481 9 1176 
1669922667 1367 1480 8 1147 
1669922669 1434 1479 10 1224 
1669922671 1455 1481 7 1251 
1669922673 1363 1477 12 1163 
1669922675 1438 1467 9 1132 
1669922677 1363 1482 8 1227 
1669922679 1426 1478 11 1177 
1669922681 1419 1479 7 1209 
1669922683 1451 1479 8 1231 
1669922685 1422 1463 9 1080 
1669922687 1363 1468 9 1204 
1669922689 1352 1477 14 1252 
1669922691 1338 1464 12 1172 
1669922693 1417 1455 11 1216 
1669922695 1369 1462 9 1250 
1669922697 1417 1465 9 1194 
1669922699 1448 1459 12 1227 
1669922701 1434 1471 12 1249 
1669922703 1470 1475 10 1259 
1669922705 1474 1474 7 1267 
1669922707 1446 1480 8 1280 
1669922709 1371 1470 8 1175 
1669922711 1430 1476 9 1154 
1669922713 1361 1466 8 1200 
1669922715 1426 1469 9 1142 
1669922717 1358 1473 10 1144 
1669922719 1440 1477 8 1236 
1669922721 1360 1476 9 1170 
1669922723 1429 1477 8 1232 
1669922725 1463 1476 11 1240 
1669922727 1402 1475 10 1149 
1669922729 1442 1477 7 1217 
1669922731 1458 1476 8 1247 
1669922733 1463 1477 9 1235 
1669922735 1464 1476 11 1237 
1669922737 1463 1477 11 1261 
1669922739 1461 1477 8 1247 
1669922741 1431 1477 11 1244 
1669922743 1470 1483 12 1154 
1669922745 1449 1471 8 1245 
1669922747 1427 1475 11 1155 
1669922749 1448 1471 8 1129 
1669922751 1471 1461 10 1225 
1669922753 1373 1466 9 1242 
1669922755 1358 1461 10 1156 
1669922757 1341 1463 11 1130 
1669922759 1390 1479 10 1141 
1669922761 1410 1480 9 1228 
1669922763 1440 1479 12 1245 
1669922765 1454 1474 10 1275 
1669922767 1444 1477 8 1176 
1669922769 1432 1479 9 1212 
1669922771 1470 1476 14 1258 
1669922773 1484 1452 9 1174 
1669922775 1482 1469 11 1238 
1669922777 1496 1470 11 1254 
1669922779 1499 1472 10 1279 
1669922781 1473 1493 10 1157 
1669922783 1469 1473 9 1231 
1669922785 1465 1474 11 1244 
1669922787 1383 1478 12 1236 
1669922789 1445 1480 11 1261 
1669922791 1459 1481 10 1270 
1669922793 1463 1483 9 1276 
1669922795 1477 1481 8 1247 
1669922797 1444 1479 8 1278 
1669922799 1450 1482 8 1249 
1669922801 1431 1481 10 1254 
1669922803 1443 1484 9 1178 
1669922805 1465 1485 8 1227 
1669922807 1480 1480 10 1275 
1669922809 1471 1472 10 1179 
1669922811 1468 1465 9 1229 
1669922813 1436 1458 7 1235 
1669922815 1461 1478 8 1181 
1669922817 1463 1471 9 1158 
1669922819 1470 1474 9 1222 
1669922821 1390 1414 12 1223 
1669922823 1343 1476 9 1241 
1669922825 1334 1483 9 1229 
1669922827 1412 1460 10 1268 
1669922829 1453 1482 11 1105 
1669922831 1444 1485 7 1111 
1669922833 1365 1484 7 1184 
1669922835 1441 1472 6 1160 
1669922837 1287 1469 9 1201 
1669922839 1335 1483 10 1228 
1669922841 1428 1486 11 1260 
1669922843 1285 1488 8 1236 
1669922845 1397 1481 11 1185 
1669922847 1442 1476 11 1155 
1669922849 1453 1489 12 1229 
1669922851 1367 1486 12 1253 
1669922853 1436 1484 13 1179 
1669922855 1358 1482 12 1135 
1669922857 1424 1471 12 1229 
1669922859 1352 1481 8 1136 
1669922861 1408 1471 8 1240 
1669922863 1449 1489 7 1168 
1669922865 1440 1484 6 1152 
1669922867 1373 1480 9 1204 
1669922869 1417 1478 8 1249 
1669922871 1432 1479 11 1239 
1669922873 1427 1459 11 1159 
1669922875 1442 1467 7 1157 
1669922877 1452 1482 9 1210 
1669922879 1454 1484 11 1152 
1669922881 1379 1476 11 1147 
1669922883 1452 1480 10 1221 
1669922885 1349 1479 8 1259 
1669922887 1331 1475 9 1223 
1669922889 1377 1480 10 1241 
1669922891 1414 1486 7 1239 
1669922893 1429 1484 9 1249 
1669922895 1440 1445 11 1246 
1669922897 1467 1483 9 1240 
1669922899 1362 1484 14 1160 
1669922901 1401 1483 12 1149 
1669922903 1415 1479 12 1234 
1669922905 1459 1487 8 1158 
1669922907 1379 1484 10 1128 
1669922909 1452 1489 10 1248 
1669922911 1377 1495 9 1221 
1669922913 1415 1490 9 1234 
1669922915 1364 1491 7 1236 
1669922917 1325 1487 8 1270 
1669922919 1314 1490 11 1255 
1669922921 1410 1487 11 1269 
1669922923 1449 1485 12 1183 
1669922925 1464 1491 8 1255 
1669922927 1439 1494 10 1267 
1669922929 1441 1493 9 1235 
1669922931 1449 1496 14 1251 
1669922933 1461 1497 9 1255 
1669922935 1460 1493 11 1269 
1669922937 1449 1490 12 1186 
1669922939 1470 1484 12 1225 
1669922941 1480 1487 11 1230 
1669922943 1462 1492 11 1260 
1669922945 1397 1484 7 1249 
1669922947 1418 1493 7 1243 
1669922949 1448 1481 10 1237 
1669922951 1424 1484 9 1182 
1669922953 1362 1516 11 1234 
1669922955 1445 1486 7 1265 
1669922957 1464 1492 9 1250 
1669922959 1466 1494 3 1191 
1669922961 1431 1487 11 1221 
1669922963 1359 1490 11 1218 
1669922965 1360 1484 8 1174 
1669922967 1431 1484 12 1219 
1669922969 1457 1493 8 1242 
1669922971 1444 1472 9 1233 
1669922973 1472 1488 8 1160 
1669922975 1370 1484 7 1226 
1669922977 1433 1488 8 1086 
1669922979 1453 1487 8 1217 
1669922981 1453 1486 9 1149 
1669922983 1464 1491 10 1148 
1669922985 1478 1491 10 1219 
1669922987 1480 1477 7 1261 
1669922989 1475 1510 9 1260 
1669922991 1381 1490 12 1279 
1669922993 1443 1489 8 1195 
1669922995 1421 1492 10 1172 
1669922997 1445 1511 10 1205 
1669922999 1440 1494 9 1179 
1669923001 1356 1497 12 1242 
1669923003 1423 1493 10 1271 
1669923005 1443 1483 13 1188 
1669923007 1437 1493 9 1221 
1669923009 1469 1491 9 1184 
1669923011 1479 1483 10 1252 
1669923013 1493 1487 8 1247 
1669923015 1469 1495 10 1084 
1669923017 1448 1484 8 1123 
1669923019 1457 1486 12 1225 
1669923021 1483 1490 9 1245 
1669923023 1470 1473 7 1237 
1669923025 1446 1485 10 1241 
1669923027 1466 1478 9 1254 
1669923029 1469 1481 11 1268 
1669923031 1471 1486 7 1253 
1669923033 1445 1490 10 1262 
1669923035 1474 1482 10 1255 
1669923037 1442 1483 10 1179 
1669923039 1447 1494 12 1066 
1669923041 1438 1493 11 1206 
1669923043 1446 1494 10 1229 
1669923045 1431 1493 9 1260 
1669923047 1366 1490 8 1263 
1669923049 1414 1485 9 1253 
1669923051 1451 1485 11 1179 
1669923053 1461 1494 12 1223 
1669923055 1431 1506 8 1271 
1669923057 1464 1487 7 1103 
1669923059 1473 1502 10 1213 
1669923061 1470 1498 8 1266 
1669923063 1479 1494 7 1281 
1669923065 1452 1502 9 1188 
1669923067 1468 1499 9 1216 
1669923069 1448 1496 11 1164 
1669923071 1456 1485 11 1162 
1669923073 1467 1498 10 1224 
1669923075 1449 1489 9 1230 
1669923077 1484 1497 11 1263 
1669923079 1471 1493 8 1184 
1669923081 1294 1496 10 1225 
1669923083 1427 1495 11 1224 
1669923085 1460 1494 8 1082 
1669923087 1439 1491 12 1197 
1669923089 1468 1497 9 1248 
1669923091 1443 1504 10 1258 
1669923093 1361 1497 8 1243 
1669923095 1442 1497 10 1254 
1669923097 1470 1498 10 1266 
1669923099 1453 1497 13 1242 
1669923101 1401 1497 11 1240 
1669923103 1340 1489 10 1163 
1669923105 1394 1496 9 1228 
1669923107 1459 1490 10 1271 
1669923109 1447 1494 10 1253 
1669923111 1382 1493 10 1283 
1669923113 1409 1481 9 1253 
1669923115 1349 1499 9 1255 
1669923117 1402 1497 9 1175 
1669923119 1344 1481 9 1226 
1669923121 1412 1494 10 1268 
1669923123 1340 1498 11 1236 
1669923125 1423 1476 8 1181 
1669923127 1453 1498 11 1214 
1669923129 1491 1497 9 1170 
1669923131 1382 1493 8 1136 
1669923133 1420 1495 10 1116 
1669923135 1456 1499 8 1154 
1669923137 1461 1498 8 1125 
1669923139 1365 1492 9 1222 
1669923141 1267 1498 11 1236 
1669923143 1308 1492 8 1266 
1669923145 1325 1494 10 1252 
1669923147 1415 1495 14 1189 
1669923149 1424 1491 10 1247 
1669923151 1442 1485 8 1250 
1669923153 1439 1493 10 1270 
1669923155 1431 1495 8 1282 
1669923157 1461 1492 11 1167 
1669923159 1447 1496 11 1064 
1669923161 1443 1491 11 1096 
1669923163 1469 1491 9 1208 
1669923165 1484 1488 9 1176 
1669923167 1476 1493 11 1227 
1669923169 1380 1483 8 1252 
1669923171 1421 1491 8 1172 
1669923173 1460 1499 14 1160 
1669923175 1480 1485 7 1229 
1669923177 1473 1491 10 1237 
1669923179 1441 1486 12 1258 
1669923181 1442 1490 10 1273 
1669923183 1459 1487 8 1100 
1669923185 1469 1485 10 1210 
1669923187 1445 1492 9 1238 
1669923189 1459 1495 8 1173 
1669923191 1460 1493 9 1145 
1669923193 1442 1494 13 1144 
1669923195 1377 1523 8 1224 
1669923197 1368 1493 6 1256 
1669923199 1438 1490 10 1276 
1669923201 1436 1493 9 1273 
1669923203 1442 1499 11 1171 
1669923205 1456 1499 15 1238 
1669923207 1395 1494 7 1171 
1669923209 1437 1496 9 1222 
1669923211 1384 1500 11 1223 
1669923213 1414 1486 8 1165 
1669923215 1460 1507 7 1240 
1669923217 1469 1486 11 1159 
1669923219 1374 1495 11 1144 
1669923221 1351 1495 13 1230 
1669923223 1422 1498 12 1175 
1669923225 1463 1495 10 1159 
1669923227 1462 1491 9 1131 
1669923229 1458 1502 9 1191 
1669923231 1445 1504 11 1253 
1669923233 1466 1501 11 1249 
1669923235 1480 1499 9 1176 
1669923237 1481 1493 9 1216 
1669923239 1478 1494 12 1266 
1669923241 1387 1497 11 1240 
1669923243 1450 1497 12 1271 
1669923245 1447 1485 10 1278 
1669923247 1436 1503 10 1282 
1669923249 1449 1487 9 1251 
1669923251 1465 1502 5 1263 
1669923253 1479 1501 10 1276 
1669923255 1453 1499 10 1285 
1669923257 1455 1497 11 1269 
1669923259 1483 1497 10 1272 
1669923261 1467 1499 9 1170 
1669923263 1373 1497 12 1254 
1669923265 1445 1498 7 1257 
1669923267 1451 1494 9 1240 
1669923269 1288 1497 9 1219 
1669923271 1319 1495 11 1168 
1669923273 1411 1494 12 1159 
1669923275 1440 1501 10 1216 
1669923277 1463 1502 9 1154 
1669923279 1356 1503 7 1133 
1669923281 1415 1499 8 1215 
1669923283 1445 1493 7 1263 
1669923285 1441 1494 9 1240 
1669923287 1446 1462 8 1238 
1669923289 1442 1504 6 1260 
1669923291 1378 1494 10 1260 
1669923293 1416 1504 11 1192 
1669923295 1448 1500 9 1264 
1669923297 1464 1500 11 1247 
1669923299 1448 1495 12 1240 
1669923301 1368 1498 9 1154 
1669923303 1413 1491 9 1229 
1669923305 1419 1517 9 1264 
1669923307 1372 1498 9 1262 
1669923309 1372 1493 10 1261 
1669923311 1431 1496 9 1270 
1669923313 1444 1504 9 1272 
1669923315 1467 1503 9 1279 
1669923317 1463 1498 8 1189 
1669923319 1468 1495 9 1156 
1669923321 1438 1489 10 1210 
1669923323 1452 1497 7 1242 
1669923325 1288 1497 11 1234 
1669923327 1338 1487 10 1278 
1669923329 1354 1495 7 1272 
1669923331 1414 1493 12 1189 
1669923333 1447 1491 10 1170 
1669923335 1440 1495 10 1156 
1669923337 1429 1489 8 1228 
1669923339 1463 1491 8 1177 
1669923341 1294 1491 11 1055 
1669923343 1398 1492 12 1198 
1669923345 1455 1491 11 1238 
1669923347 1469 1489 12 1238 
1669923349 1295 1491 11 1222 
1669923351 1394 1495 10 1237 
1669923353 1439 1492 10 1268 
1669923355 1471 1499 8 1268 
1669923357 1477 1493 9 1276 
1669923359 1441 1496 6 1095 
1669923361 1455 1491 9 1197 
1669923363 1462 1499 7 1245 
1669923365 1481 1475 11 1235 
1669923367 1446 1490 9 1224 
1669923369 1437 1500 11 1250 
1669923371 1349 1499 9 1254 
1669923373 1426 1501 10 1195 
1669923375 1457 1497 10 1176 
1669923377 1472 1501 9 1154 
1669923379 1380 1497 8 1139 
1669923381 1457 1500 8 1119 
1669923383 1434 1503 10 1134 
1669923385 1437 1492 8 1232 
1669923387 1461 1503 7 1225 
1669923389 1454 1501 8 1232 
1669923391 1367 1497 12 1137 
1669923393 1402 1499 10 1148 
1669923395 1354 1500 9 1150 
1669923397 1429 1493 10 1163 
1669923399 1468 1504 8 1224 
1669923401 1474 1504 8 1240 
1669923403 1482 1507 8 1283 
1669923405 1450 1500 12 1281 
1669923407 1463 1509 9 1286 
1669923409 1458 1498 10 1253 
1669923411 1466 1501 13 1181 
1669923413 1476 1506 7 1169 
1669923415 1396 1494 10 1223 
1669923417 1444 1488 8 1240 
1669923419 1279 1498 10 1218 
1669923421 1401 1494 12 1180 
1669923423 1443 1500 9 1234 
1669923425 1444 1501 11 1252 
1669923427 1480 1500 7 1276 
1669923429 1481 1496 9 1282 
1669923431 1393 1492 10 1186 
1669923433 1460 1494 11 1152 
1669923435 1363 1495 10 1236 
1669923437 1353 1500 12 1171 
1669923439 1445 1495 9 1256 
1669923441 1461 1504 9 1162 
1669923443 1444 1498 10 1258 
1669923445 1447 1500 8 1250 
1669923447 1455 1488 9 1243 
1669923449 1439 1501 7 1236 
1669923451 1439 1498 8 1181 
1669923453 1448 1498 8 1166 
1669923455 1358 1496 9 1190 
1669923457 1439 1497 8 1168 
1669923459 1448 1502 10 1247 
1669923461 1462 1498 11 1163 
1669923463 1461 1497 10 1153 
1669923465 1370 1497 8 1223 
1669923467 1445 1491 11 1165 
1669923469 1457 1492 8 1148 
1669923471 1443 1425 12 1208 
1669923473 1292 1490 10 1217 
1669923475 1394 1491 8 1270 
1669923477 1451 1490 10 1273 
1669923479 1459 1486 8 1285 
1669923481 1461 1485 10 1190 
1669923483 1450 1496 10 1141 
1669923485 1434 1490 9 1136 
1669923487 1477 1495 9 1235 
1669923489 1436 1484 9 1178 
1669923491 1462 1493 12 1267 
1669923493 1442 1490 12 1184 
1669923495 1464 1490 10 1158 
1669923497 1469 1491 10 1234 
1669923499 1479 1483 10 1262 
1669923501 1469 1496 8 1274 
1669923503 1472 1492 13 1200 
1669923505 1442 1490 7 1235 
1669923507 1430 1492 9 1226 
1669923509 1435 1490 8 1261 
1669923511 1446 1497 9 1265 
1669923513 1470 1495 7 1255 
1669923515 1431 1496 9 1170 
1669923517 1438 1490 12 1225 
1669923519 1443 1468 10 1261 
1669923521 1462 1494 11 1256 
1669923523 1389 1491 10 1178 
1669923525 1451 1496 9 1246 
1669923527 1487 1497 9 1262 
1669923529 1383 1493 10 1253 
1669923531 1445 1488 8 1168 
1669923533 1429 1501 11 1205 
1669923535 1434 1497 9 1149 
1669923537 1282 1498 9 1200 
1669923539 1324 1499 12 1256 
1669923541 1430 1489 9 1195 
1669923543 1420 1493 9 1228 
1669923545 1356 1497 11 1240 
1669923547 1435 1499 12 1262 
1669923549 1471 1497 11 1262 
1669923551 1451 1491 9 1275 
1669923553 1465 1500 11 1287 
1669923555 1429 1474 11 1242 
1669923557 1459 1490 7 1251 
1669923559 1468 1492 10 1251 
1669923561 1431 1493 8 1154 
1669923563 1476 1495 9 1074 
1669923565 1382 1492 11 1200 
1669923567 1346 1491 9 1142 
1669923569 1352 1519 7 1247 
1669923571 1340 1502 10 1177 
1669923573 1425 1496 10 1247 
1669923575 1440 1523 8 1250 
1669923577 1457 1496 10 1164 
1669923579 1429 1482 9 1159 
1669923581 1453 1494 11 1202 
1669923583 1482 1482 11 1155 
1669923585 1444 1504 11 1220 
1669923587 1464 1506 8 1169 
1669923589 1464 1501 10 1162 
1669923591 1375 1496 13 1129 
1669923593 1418 1499 9 1196 
1669923595 1366 1527 9 1209 
1669923597 1431 1508 9 1269 
1669923599 1445 1504 8 1170 
1669923601 1441 1510 7 1239 
1669923603 1480 1497 7 1244 
1669923605 1375 1502 12 1235 
1669923607 1414 1499 11 1231 
1669923609 1353 1503 10 1163 
1669923611 1432 1505 8 1237 
1669923613 1287 1485 11 1246 
1669923615 1392 1499 9 1238 
1669923617 1450 1502 11 1209 
1669923619 1441 1499 11 1163 
1669923621 1462 1496 10 1238 
1669923623 1455 1508 10 1238 
1669923625 1482 1502 10 1242 
1669923627 1470 1513 12 1246 
1669923629 1379 1460 12 1261 
1669923631 1429 1497 12 1255 
1669923633 1435 1513 9 1242 
1669923635 1456 1499 10 1244 
1669923637 1454 1498 9 1265 
1669923639 1428 1500 8 1252 
1669923641 1430 1505 10 1259 
1669923643 1449 1499 10 1182 
1669923645 1371 1501 10 1218 
1669923647 1415 1503 10 1240 
1669923649 1340 1499 10 1261 
1669923651 1396 1501 10 1190 
1669923653 1468 1500 9 1224 
1669923655 1461 1498 10 1250 
1669923657 1464 1495 10 1267 
1669923659 1463 1500 13 1242 
1669923661 1458 1504 11 1085 
1669923663 1448 1497 8 1210 
1669923665 1471 1500 11 1238 
1669923667 1461 1504 8 1280 
1669923669 1387 1501 10 1280 
1669923671 1415 1498 9 1266 
1669923673 1454 1497 9 1244 
1669923675 1434 1500 8 1185 
1669923677 1424 1487 10 1239 
1669923679 1425 1506 8 1247 
1669923681 1419 1507 11 1260 
1669923683 1440 1504 7 1270 
1669923685 1434 1508 8 1264 
1669923687 1367 1494 12 1183 
1669923689 1404 1509 9 1236 
1669923691 1448 1509 9 1255 
1669923693 1462 1510 12 1246 
1669923695 1296 1499 10 1249 
1669923697 1410 1506 8 1189 
1669923699 1449 1511 10 1253 
1669923701 1465 1484 11 1273 
1669923703 1468 1508 11 1274 
1669923705 1465 1504 12 1286 
1669923707 1289 1500 11 1172 
1669923709 1415 1503 10 1248 
1669923711 1393 1531 9 1173 
1669923713 1432 1501 9 1136 
1669923715 1454 1499 13 1135 
1669923717 1451 1508 8 1108 
1669923719 1454 1509 10 1213 
1669923721 1459 1507 7 1163 
1669923723 1474 1510 9 1159 
1669923725 1481 1499 7 1238 
1669923727 1485 1504 9 1164 
1669923729 1468 1512 10 1246 
1669923731 1447 1498 8 1242 
1669923733 1487 1524 9 1259 
1669923735 1451 1512 9 1197 
1669923737 1452 1505 12 1230 
1669923739 1478 1506 13 1258 
1669923741 1484 1503 11 1251 
1669923743 1443 1499 12 1250 
1669923745 1376 1508 9 1255 
1669923747 1416 1500 6 1178 
1669923749 1460 1513 12 1227 
1669923751 1468 1500 11 1241 
1669923753 1377 1507 8 1241 
1669923755 1425 1501 8 1262 
1669923757 1456 1510 7 1280 
1669923759 1443 1505 10 1188 
1669923761 1352 1504 8 1238 
1669923763 1434 1503 9 1195 
1669923765 1449 1507 10 1164 
1669923767 1453 1497 8 1151 
1669923769 1467 1508 7 1159 
1669923771 1448 1502 10 1227 
1669923773 1444 1501 11 1159 
1669923775 1446 1514 10 1145 
1669923777 1463 1502 9 1202 
1669923779 1451 1511 9 1218 
1669923781 1470 1507 10 1269 
1669923783 1434 1506 9 1272 
1669923785 1454 1508 11 1245 
1669923787 1451 1500 11 1250 
1669923789 1447 1508 9 1244 
1669923791 1446 1533 9 1246 
1669923793 1381 1512 9 1190 
1669923795 1358 1507 8 1141 
1669923797 1426 1501 10 1238 
1669923799 1464 1496 10 1270 
1669923801 1354 1500 9 1263 
1669923803 1443 1476 12 1290 
1669923805 1470 1499 7 1180 
1669923807 1455 1501 8 1232 
1669923809 1463 1506 11 1275 
1669923811 1438 1500 10 1187 
1669923813 1461 1505 8 1238 
1669923815 1461 1508 11 1261 
1669923817 1460 1503 8 1182 
1669923819 1467 1508 9 1152 
1669923821 1440 1505 9 1205 
1669923823 1458 1503 9 1149 
1669923825 1475 1503 10 1223 
1669923827 1383 1502 9 1224 
1669923829 1418 1491 8 1163 
1669923831 1360 1502 13 1234 
1669923833 1441 1525 8 1185 
1669923835 1461 1501 8 1160 
1669923837 1393 1496 10 1150 
1669923839 1355 1521 6 1241 
1669923841 1402 1495 11 1235 
1669923843 1438 1522 9 1261 
1669923845 1461 1507 9 1185 
1669923847 1445 1498 8 1147 
1669923849 1453 1502 10 1246 
1669923851 1451 1504 10 1294 
1669923853 1471 1500 9 1262 
1669923855 1485 1502 9 1211 
1669923857 1446 1499 8 1241 
1669923859 1460 1488 10 1290 
1669923861 1469 1487 10 1286 
1669923863 1472 1500 10 1266 
1669923865 1455 1504 10 1191 
1669923867 1462 1497 10 1234 
1669923869 1487 1499 7 1264 
1669923871 1480 1500 10 1195 
1669923873 1457 1497 10 1263 
1669923875 1432 1497 10 1240 
1669923877 1370 1498 9 1269 
1669923879 1414 1496 11 1276 
1669923881 1386 1503 9 1286 
1669923883 1417 1499 8 1193 
1669923885 1425 1491 10 1133 
1669923887 1456 1497 8 1210 
1669923889 1474 1499 8 1244 
1669923891 1389 1478 11 1262 
1669923893 1433 1503 9 1241 
1669923895 1458 1489 10 1296 
1669923897 1303 1499 8 1192 
1669923899 1411 1502 13 1165 
1669923901 1434 1488 10 1234 
1669923903 1460 1494 9 1264 
1669923905 1387 1505 9 1241 
1669923907 1433 1494 8 1267 
1669923909 1450 1497 8 1192 
1669923911 1460 1500 8 1235 
1669923913 1434 1482 9 1246 
1669923915 1387 1482 12 1186 
1669923917 1431 1458 9 1227 
1669923919 1437 1502 8 1257 
1669923921 1443 1472 11 1254 
1669923923 1453 1497 8 1241 
1669923925 1453 1492 12 1278 
1669923927 1374 1478 9 1237 
1669923929 1420 1494 12 1264 
1669923931 1430 1497 10 1276 
1669923933 1433 1492 10 1279 
1669923935 1455 1498 9 1284 
1669923937 1285 1507 6 1272 
1669923939 1295 1497 10 1254 
1669923941 1386 1502 7 1257 
1669923943 1458 1496 9 1214 
1669923945 1378 1498 9 1209 
1669923947 1426 1489 11 1169 
1669923949 1450 1529 11 1236 
1669923951 1369 1488 8 1267 
1669923953 1430 1496 9 1268 
1669923955 1369 1491 9 1100 
1669923957 1418 1504 8 1223 
1669923959 1444 1506 11 1163 
1669923961 1473 1494 8 1242 
1669923963 1373 1496 9 1221 
1669923965 1416 1500 9 1256 
1669923967 1356 1499 11 1264 
1669923969 1442 1503 10 1201 
1669923971 1427 1493 9 1228 
1669923973 1461 1502 9 1261 
1669923975 1450 1502 12 1275 
1669923977 1451 1506 9 1181 
1669923979 1386 1506 9 1207 
1669923981 1445 1495 11 1164 
1669923983 1381 1486 10 1240 
1669923985 1446 1497 4 1094 
1669923987 1359 1484 5 1138 
1669923989 1404 1499 10 1146 
1669923991 1448 1503 9 1059 
1669923993 1442 1508 10 1196 
1669923995 1472 1508 9 1239 
1669923997 1479 1513 10 1267 
1669923999 1478 1497 8 1248 
1669924001 1454 1510 7 1182 
1669924003 1456 1499 8 1162 
1669924005 1484 1500 7 1219 
1669924007 1481 1491 9 1234 
1669924009 1470 1504 8 1269 
1669924011 1472 1509 9 1268 
1669924013 1483 1506 10 1284 
1669924015 1451 1508 11 1253 
1669924017 1376 1514 10 1264 
1669924019 1429 1512 10 1282 
1669924021 1374 1508 9 1261 
1669924023 1421 1495 10 1183 
1669924025 1461 1507 8 1177 
1669924027 1456 1497 11 1246 
1669924029 1445 1510 10 1174 
1669924031 1383 1511 8 1130 
1669924033 1267 1496 13 1215 
1669924035 1369 1499 9 1240 
1669924037 1351 1503 10 1180 
1669924039 1430 1506 11 1237 
1669924041 1414 1513 9 1170 
1669924043 1441 1511 7 1245 
1669924045 1474 1483 8 1277 
1669924047 1443 1445 8 1282 
1669924049 1447 1502 9 1247 
1669924051 1432 1504 10 1249 
1669924053 1455 1495 10 1260 
1669924055 1445 1494 12 1290 
1669924057 1373 1507 8 1193 
1669924059 1436 1505 8 1144 
1669924061 1456 1508 11 1145 
1669924063 1478 1495 10 1247 
1669924065 1475 1433 8 1148 
1669924067 1299 1504 9 1115 
1669924069 1392 1488 9 1199 
1669924071 1348 1500 9 1145 
1669924073 1337 1495 9 1149 
1669924075 1416 1503 8 1160 
1669924077 1381 1501 8 1163 
1669924079 1437 1501 9 1213 
1669924081 1365 1504 8 1239 
1669924083 1439 1504 10 1247 
1669924085 1435 1498 9 1157 
1669924087 1434 1496 9 1133 
1669924089 1478 1507 10 1239 
1669924091 1484 1505 8 1258 
1669924093 1466 1487 12 1272 
1669924095 1357 1498 8 1281 
1669924097 1444 1494 12 1207 
1669924099 1462 1495 9 1248 
1669924101 1441 1502 9 1242 
1669924103 1371 1502 9 1163 
1669924105 1422 1507 9 1135 
1669924107 1451 1510 11 1223 
1669924109 1375 1500 8 1235 
1669924111 1433 1539 9 1177 
1669924113 1436 1485 9 1212 
1669924115 1457 1495 8 1253 
1669924117 1451 1513 10 1255 
1669924119 1359 1502 11 1252 
1669924121 1418 1497 8 1284 
1669924123 1442 1509 9 1273 
1669924125 1443 1512 9 1255 
1669924127 1470 1512 10 1280 
1669924129 1370 1509 8 1248 
1669924131 1370 1502 8 1273 
1669924133 1449 1498 9 1265 
1669924135 1460 1498 9 1173 
1669924137 1461 1503 10 1159 
1669924139 1445 1509 11 1121 
1669924141 1466 1507 9 1237 
1669924143 1448 1504 9 1238 
1669924145 1379 1507 10 1264 
1669924147 1433 1489 11 1238 
1669924149 1469 1505 10 1193 
1669924151 1454 1498 10 1266 
1669924153 1466 1498 9 1179 
1669924155 1432 1509 9 1217 
1669924157 1434 1499 9 1154 
1669924159 1433 1494 10 1214 
1669924161 1378 1512 6 1165 
1669924163 1440 1515 6 1162 
1669924165 1472 1507 9 1209 
1669924167 1476 1501 9 1161 
1669924169 1468 1507 8 1169 
1669924171 1451 1509 8 1226 
1669924173 1454 1495 9 1262 
1669924175 1394 1500 6 1279 
1669924177 1451 1493 9 1262 
1669924179 1381 1487 8 1277 
1669924181 1417 1502 11 1186 
1669924183 1453 1494 8 1229 
1669924185 1468 1501 13 1179 
1669924187 1453 1499 13 1225 
1669924189 1440 1503 8 1235 
1669924191 1430 1486 10 1248 
1669924193 1436 1505 11 1202 
1669924195 1437 1509 11 1223 
1669924197 1482 1495 8 1259 
1669924199 1370 1502 7 1267 
1669924201 1443 1500 7 1255 
1669924203 1435 1498 9 1237 
1669924205 1351 1512 6 1090 
1669924207 1422 1507 10 1195 
1669924209 1461 1512 7 1217 
1669924211 1486 1501 12 1241 
1669924213 1458 1471 7 1268 
1669924215 1457 1500 8 1183 
1669924217 1471 1497 8 1167 
1669924219 1476 1500 10 1227 
1669924221 1451 1494 12 1243 
1669924223 1467 1498 10 1187 
1669924225 1465 1502 11 1157 
1669924227 1479 1471 12 1230 
1669924229 1490 1499 8 1085 
1669924231 1377 1501 13 1188 
1669924233 1449 1498 10 1172 
1669924235 1471 1498 8 1249 
1669924237 1469 1500 7 1258 
1669924239 1374 1498 10 1245 
1669924241 1435 1497 8 1266 
1669924243 1472 1496 10 1257 
1669924245 1480 1499 9 1267 
1669924247 1459 1500 9 1187 
1669924249 1441 1500 11 1137 
1669924251 1445 1496 6 1150 
1669924253 1463 1500 9 1217 
1669924255 1478 1484 7 1251 
1669924257 1455 1491 9 1235 
1669924259 1482 1497 9 1098 
1669924261 1467 1500 12 1230 
1669924263 1395 1432 7 1266 
1669924265 1434 1492 11 1196 
1669924267 1438 1498 8 1254 
1669924269 1476 1491 11 1168 
1669924271 1452 1493 10 1251 
1669924273 1463 1486 10 1252 
1669924275 1393 1484 9 1249 
1669924277 1432 1489 10 1262 
1669924279 1381 1487 9 1169 
1669924281 1402 1486 10 1226 
1669924283 1430 1496 13 1236 
1669924285 1441 1495 8 1244 
1669924287 1437 1495 10 1277 
1669924289 1382 1493 9 1267 
1669924291 1430 1492 8 1175 
1669924293 1469 1478 10 1252 
1669924295 1368 1493 6 1239 
1669924297 1434 1496 11 1252 
1669924299 1371 1495 8 1164 
1669924301 1356 1497 9 1218 
1669924303 1434 1494 7 1238 
1669924305 1470 1493 7 1257 
1669924307 1493 1491 9 1266 
1669924309 1457 1490 10 1187 
1669924311 1452 1485 9 1174 
1669924313 1482 1491 11 1156 
1669924315 1479 1492 9 1233 
1669924317 1431 1491 8 1186 
1669924319 1462 1488 8 1161 
1669924321 1471 1485 10 1258 
1669924323 1473 1499 8 1275 
1669924325 1467 1506 10 1275 
1669924327 1461 1497 12 1285 
1669924329 1478 1497 9 1288 
1669924331 1391 1497 11 1186 
1669924333 1361 1495 7 1158 
1669924335 1339 1503 8 1230 
1669924337 1444 1499 8 1168 
1669924339 1442 1491 10 1164 
1669924341 1439 1494 12 1215 
1669924343 1455 1496 7 1263 
1669924345 1381 1501 8 1278 
1669924347 1429 1494 9 1115 
1669924349 1371 1496 7 1204 
1669924351 1452 1482 8 1265 
1669924353 1374 1496 7 1262 
1669924355 1435 1500 9 1176 
1669924357 1390 1500 9 1164 
1669924359 1439 1499 7 1225 
1669924361 1461 1499 7 1250 
1669924363 1462 1490 7 1283 
1669924365 1453 1496 11 1179 
1669924367 1456 1497 6 1239 
1669924369 1455 1502 6 1188 
1669924371 1365 1502 8 1237 
1669924373 1429 1499 8 1177 
1669924375 1460 1500 12 1233 
1669924377 1437 1494 9 1218 
1669924379 1446 1493 8 1239 
1669924381 1451 1496 11 1162 
1669924383 1366 1485 9 1223 
1669924385 1418 1486 6 1177 
1669924387 1441 1489 8 1176 
1669924389 1471 1496 11 1081 
1669924391 1468 1480 9 1197 
1669924393 1312 1489 11 1219 
1669924395 1429 1487 8 1175 
1669924397 1463 1491 6 1256 
1669924399 1478 1479 10 1184 
1669924401 1373 1480 7 1145 
1669924403 1443 1481 9 1241 
1669924405 1462 1482 7 1264 
1669924407 1384 1472 7 1172 
1669924409 1433 1483 9 1250 
1669924411 1437 1467 9 1284 
1669924413 1464 1476 11 1184 
1669924415 1370 1478 8 1068 
1669924417 1445 1482 9 1176 
1669924419 1375 1480 11 1129 
1669924421 1409 1469 10 1128 
1669924423 1343 1473 7 1208 
1669924425 1434 1472 10 1262 
1669924427 1427 1467 9 1264 
1669924429 1371 1479 9 1266 
1669924431 1465 1474 11 1252 
1669924433 1368 1473 10 1277 
1669924435 1400 1469 12 1263 
1669924437 1364 1483 10 1187 
1669924439 1352 1473 9 1242 
1669924441 1449 1472 9 1193 
1669924443 1442 1460 9 1244 
1669924445 1381 1474 12 1248 
1669924447 1447 1470 13 1195 
1669924449 1429 1464 6 1265 
1669924451 1452 1466 9 1280 
1669924453 1461 1468 9 1278 
1669924455 1453 1473 9 1259 
1669924457 1361 1450 7 1278 
1669924459 1443 1471 10 1298 
1669924461 1377 1466 10 1171 
1669924463 1433 1470 9 1232 
1669924465 1371 1467 10 1268 
1669924467 1420 1467 9 1275 
1669924469 1439 1468 7 1246 
1669924471 1378 1457 10 1277 
1669924473 1431 1448 11 1260 
1669924475 1377 1464 8 1267 
1669924477 1419 1470 9 1277 
1669924479 1472 1471 12 1205 
1669924481 1388 1460 8 1230 
1669924483 1433 1475 9 1244 
1669924485 1463 1479 9 1189 
1669924487 1467 1482 10 1259 
1669924489 1449 1475 8 1271 
1669924491 1360 1471 9 1249 
1669924493 1412 1481 8 1200 
1669924495 1367 1480 8 1266 
1669924497 1447 1472 11 1185 
1669924499 1435 1476 12 1243 
1669924501 1437 1472 9 1247 
1669924503 1362 1465 13 1164 
1669924505 1409 1469 10 1167 
1669924507 1460 1452 10 1245 
1669924509 1479 1466 12 1260 
1669924511 1476 1467 10 1251 
1669924513 1377 1464 10 1165 
1669924515 1445 1465 12 1136 
1669924517 1364 1459 9 1224 
1669924519 1432 1459 10 1262 
1669924521 1366 1443 10 1265 
1669924523 1431 1453 9 1199 
1669924525 1451 1484 11 1145 
1669924527 1442 1454 12 1143 
1669924529 1469 1463 9 1145 
1669924531 1467 1454 9 1142 
1669924533 1483 1455 9 1238 
1669924535 1458 1467 8 1269 
1669924537 1454 1447 7 1285 
1669924539 1465 1469 11 1288 
1669924541 1373 1471 10 1251 
1669924543 1430 1470 7 1278 
1669924545 1461 1477 9 1290 
1669924547 1366 1482 8 1200 
1669924549 1432 1477 8 1149 
1669924551 1416 1465 9 1222 
1669924553 1469 1477 12 1242 
1669924555 1479 1467 8 1287 
1669924557 1494 1470 11 1253 
1669924559 1487 1467 10 1262 
1669924561 1460 1473 12 1273 
1669924563 1462 1466 9 1171 
1669924565 1437 1467 7 1244 
1669924567 1385 1471 8 1258 
1669924569 1417 1476 7 1259 
1669924571 1433 1460 9 1250 
1669924573 1457 1459 14 1193 
1669924575 1443 1457 13 1248 
1669924577 1457 1478 13 1272 
1669924579 1397 1475 11 1270 
1669924581 1442 1487 9 1247 
1669924583 1471 1486 10 1291 
1669924585 1453 1483 10 1291 
1669924587 1467 1483 12 1106 
1669924589 1478 1490 9 1220 
1669924591 1449 1492 7 1227 
1669924593 1477 1483 9 1187 
1669924595 1492 1522 9 1237 
1669924597 1445 1485 7 1233 
1669924599 1468 1490 10 1255 
1669924601 1466 1487 9 1277 
1669924603 1471 1494 8 1248 
1669924605 1460 1489 10 1279 
1669924607 1465 1480 10 1288 
1669924609 1386 1484 9 1172 
1669924611 1418 1476 10 1243 
1669924613 1456 1482 7 1186 
1669924615 1460 1488 11 1242 
1669924617 1470 1486 11 1264 
1669924619 1455 1484 11 1266 
1669924621 1467 1488 10 1288 
1669924623 1469 1498 9 1262 
1669924625 1470 1499 10 1285 
1669924627 1487 1508 10 1170 
1669924629 1482 1492 11 1247 
1669924631 1454 1507 9 1171 
1669924633 1461 1493 8 1174 
1669924635 1461 1494 8 1243 
1669924637 1458 1501 6 1252 
1669924639 1369 1475 10 1248 
1669924641 1452 1517 9 1259 
1669924643 1434 1497 9 1280 
1669924645 1367 1502 7 1268 
1669924647 1359 1485 7 1273 
1669924649 1366 1496 9 1272 
1669924651 1423 1510 11 1211 
1669924653 1352 1498 11 1245 
1669924655 1436 1491 9 1273 
1669924657 1448 1512 8 1175 
1669924659 1440 1506 9 1212 
1669924661 1464 1503 9 1231 
1669924663 1472 1500 9 1171 
1669924665 1438 1489 9 1150 
1669924667 1403 1505 11 1221 
1669924669 1420 1503 7 1161 
1669924671 1445 1498 8 1245 
1669924673 1451 1511 11 1234 
1669924675 1447 1503 10 1278 
1669924677 1471 1500 10 1185 
1669924679 1454 1501 13 1247 
1669924681 1435 1518 11 1261 
1669924683 1439 1514 12 1289 
1669924685 1463 1511 11 1286 
1669924687 1439 1496 9 1282 
1669924689 1453 1498 10 1194 
1669924691 1462 1510 7 1155 
1669924693 1475 1503 8 1255 
1669924695 1473 1524 12 1188 
1669924697 1449 1489 11 1128 
1669924699 1379 1503 6 1135 
1669924701 1358 1493 11 1184 
1669924703 1323 1504 11 1239 
1669924705 1426 1506 9 1286 
1669924707 1432 1507 9 1268 
1669924709 1462 1516 10 1291 
1669924711 1442 1516 11 1286 
1669924713 1465 1522 10 1265 
1669924715 1368 1516 10 1291 
1669924717 1432 1522 9 1298 
1669924719 1354 1519 7 1183 
1669924721 1404 1523 12 1169 
1669924723 1452 1519 10 1237 
1669924725 1373 1515 9 1246 
1669924727 1451 1522 10 1188 
1669924729 1472 1524 10 1246 
1669924731 1472 1521 9 1272 
1669924733 1464 1523 7 1267 
1669924735 1373 1531 12 1264 
1669924737 1355 1523 8 1282 
1669924739 1340 1528 8 1105 
1669924741 1427 1530 9 1213 
1669924743 1437 1518 9 1268 
1669924745 1372 1529 10 1177 
1669924747 1426 1527 6 1256 
1669924749 1448 1524 8 1156 
1669924751 1372 1523 9 1217 
1669924753 1401 1522 8 1273 
1669924755 1418 1509 11 1182 
1669924757 1364 1524 6 1222 
1669924759 1335 1525 10 1243 
1669924761 1414 1525 12 1090 
1669924763 1442 1516 8 1121 
1669924765 1447 1527 7 1147 
1669924767 1438 1527 13 1209 
1669924769 1434 1515 7 1253 
1669924771 1467 1513 7 1172 
1669924773 1437 1522 9 1236 
1669924775 1470 1508 11 1175 
1669924777 1475 1522 8 1253 
1669924779 1376 1523 9 1258 
1669924781 1434 1513 8 1190 
1669924783 1445 1523 11 1228 
1669924785 1431 1521 12 1246 
1669924787 1469 1515 7 1172 
1669924789 1463 1516 8 1260 
1669924791 1456 1524 9 1241 
1669924793 1440 1454 11 1278 
1669924795 1474 1518 9 1257 
1669924797 1438 1510 9 1266 
1669924799 1436 1514 11 1196 
