1669924803 1437 1508 10 1225 
1669924806 1453 1516 8 1222 
1669924808 1484 1512 9 1170 
1669924810 1457 1516 9 1238 
1669924812 1458 1481 8 1165 
1669924814 1447 1515 8 1160 
1669924816 1459 1517 9 1240 
1669924818 1396 1517 9 1256 
1669924820 1356 1514 11 1232 
1669924822 1414 1515 11 1187 
1669924824 1354 1516 11 1253 
1669924826 1418 1520 10 1299 
1669924828 1455 1519 10 1203 
1669924830 1437 1516 13 1263 
1669924832 1439 1515 10 1276 
1669924834 1437 1519 12 1264 
1669924836 1464 1520 12 1287 
1669924838 1434 1522 10 1279 
1669924840 1440 1504 11 1118 
1669924842 1457 1512 10 1242 
1669924844 1389 1516 10 1174 
1669924846 1442 1520 10 1222 
1669924848 1465 1514 9 1243 
1669924850 1458 1519 7 1259 
1669924852 1431 1515 10 1172 
1669924854 1467 1517 13 1227 
1669924856 1473 1517 11 1235 
1669924858 1456 1521 7 1251 
1669924860 1466 1519 10 1262 
1669924862 1402 1503 8 1266 
1669924864 1432 1518 13 1249 
1669924866 1467 1515 12 1256 
1669924868 1301 1515 12 1266 
1669924870 1391 1516 11 1188 
1669924872 1340 1513 10 1254 
1669924874 1330 1510 10 1183 
1669924876 1382 1513 10 1262 
1669924878 1423 1511 8 1277 
1669924880 1445 1522 10 1173 
1669924882 1449 1501 13 1152 
1669924884 1275 1487 11 1182 
1669924886 1410 1498 10 1176 
1669924888 1382 1500 10 1256 
1669924890 1421 1505 9 1245 
1669924892 1447 1493 8 1269 
1669924894 1366 1506 13 1243 
1669924896 1331 1500 10 1244 
1669924898 1406 1500 10 1283 
1669924900 1447 1507 8 1259 
1669924902 1374 1506 8 1176 
1669924904 1352 1510 11 1132 
1669924906 1432 1505 8 1234 
1669924908 1446 1501 13 1257 
1669924910 1458 1509 12 1186 
1669924912 1481 1507 9 1223 
1669924914 1480 1508 14 1281 
1669924916 1459 1484 8 1284 
1669924918 1388 1503 10 1264 
1669924920 1454 1493 10 1289 
1669924922 1362 1502 10 1186 
1669924924 1405 1499 8 1261 
1669924926 1443 1506 11 1279 
1669924928 1431 1507 10 1271 
1669924930 1363 1495 10 1290 
1669924932 1448 1505 11 1213 
1669924934 1441 1503 9 1253 
1669924936 1464 1508 10 1191 
1669924938 1439 1504 13 1177 
1669924940 1469 1497 8 1158 
1669924942 1459 1504 9 1213 
1669924944 1474 1503 11 1173 
1669924946 1469 1511 10 1224 
1669924948 1385 1510 8 1162 
1669924950 1349 1506 10 1227 
1669924952 1426 1500 10 1277 
1669924954 1459 1501 10 1286 
1669924956 1481 1502 9 1269 
1669924958 1486 1491 8 1265 
1669924960 1484 1503 7 1280 
1669924962 1499 1502 10 1202 
1669924964 1471 1501 10 1252 
1669924966 1489 1498 12 1254 
1669924968 1473 1497 11 1175 
1669924970 1374 1500 14 1226 
1669924972 1425 1500 8 1183 
1669924974 1454 1503 8 1226 
1669924976 1478 1501 9 1271 
1669924978 1481 1496 8 1291 
1669924980 1443 1498 10 1288 
1669924982 1477 1498 9 1202 
1669924984 1370 1501 8 1248 
1669924986 1456 1482 11 1170 
1669924988 1456 1501 11 1151 
1669924990 1486 1502 10 1155 
1669924992 1452 1498 10 1151 
1669924994 1470 1529 10 1238 
1669924996 1480 1500 10 1273 
1669924998 1392 1499 9 1259 
1669925000 1454 1495 11 1273 
1669925002 1450 1494 10 1274 
1669925004 1444 1493 10 1293 
1669925006 1470 1482 10 1264 
1669925008 1485 1485 9 1208 
1669925010 1390 1476 7 1247 
1669925012 1426 1491 10 1176 
1669925014 1437 1483 11 1245 
1669925016 1439 1455 11 1255 
1669925018 1437 1483 10 1299 
1669925020 1458 1483 10 1273 
1669925022 1468 1486 8 1181 
1669925024 1447 1485 11 1242 
1669925026 1472 1492 11 1241 
1669925028 1479 1492 8 1183 
1669925030 1449 1489 11 1249 
1669925032 1444 1483 8 1271 
1669925034 1457 1488 10 1297 
1669925036 1453 1484 9 1281 
1669925038 1438 1473 7 1276 
1669925040 1437 1468 8 1284 
1669925042 1452 1483 11 1197 
1669925044 1362 1463 8 1161 
1669925046 1410 1484 6 1250 
1669925048 1454 1476 10 1167 
1669925050 1459 1482 7 1244 
1669925052 1450 1487 8 1180 
1669925054 1457 1486 12 1158 
1669925056 1439 1489 11 1220 
1669925058 1449 1487 11 1218 
1669925060 1452 1489 8 1174 
1669925062 1451 1490 9 1242 
1669925064 1459 1487 9 1248 
1669925066 1446 1481 10 1188 
1669925068 1479 1474 12 1258 
1669925070 1303 1489 10 1261 
1669925072 1389 1489 11 1244 
1669925074 1429 1494 8 1190 
1669925076 1434 1487 7 1250 
1669925078 1278 1486 9 1227 
1669925080 1409 1491 11 1278 
1669925082 1358 1492 12 1254 
1669925084 1342 1446 10 1283 
1669925086 1410 1491 8 1303 
1669925088 1427 1486 10 1310 
1669925090 1462 1488 7 1256 
1669925092 1459 1494 9 1278 
1669925094 1477 1508 10 1287 
1669925096 1379 1491 9 1274 
1669925098 1414 1492 10 1284 
1669925100 1424 1493 11 1193 
1669925102 1465 1490 10 1265 
1669925104 1441 1490 10 1249 
1669925106 1485 1484 10 1259 
1669925108 1386 1494 11 1168 
1669925110 1365 1491 11 1161 
1669925112 1397 1492 11 1236 
1669925114 1441 1492 9 1275 
1669925116 1456 1494 8 1204 
1669925118 1288 1483 10 1255 
1669925120 1405 1488 10 1256 
1669925122 1465 1489 11 1240 
1669925124 1378 1492 12 1259 
1669925126 1451 1489 9 1249 
1669925128 1450 1490 8 1272 
1669925130 1479 1489 9 1192 
1669925132 1457 1495 8 1180 
1669925134 1388 1483 9 1162 
1669925136 1429 1482 9 1243 
1669925138 1379 1489 8 1270 
1669925140 1451 1490 10 1199 
1669925142 1426 1489 10 1263 
1669925144 1454 1491 7 1244 
1669925146 1380 1488 9 1220 
1669925148 1357 1493 8 1174 
1669925150 1430 1496 8 1173 
1669925152 1460 1479 8 1260 
1669925154 1453 1478 11 1168 
1669925156 1459 1492 10 1262 
1669925158 1377 1493 14 1243 
1669925160 1440 1492 10 1252 
1669925162 1447 1507 11 1177 
1669925164 1459 1491 9 1235 
1669925166 1446 1493 10 1268 
1669925168 1457 1496 8 1253 
1669925170 1462 1488 14 1182 
1669925172 1292 1493 9 1197 
1669925174 1416 1493 11 1243 
1669925176 1463 1488 10 1274 
1669925178 1383 1494 11 1181 
1669925180 1421 1492 10 1267 
1669925182 1457 1491 11 1288 
1669925184 1375 1492 9 1181 
1669925186 1404 1495 7 1267 
1669925188 1462 1484 10 1295 
1669925190 1458 1497 10 1306 
1669925192 1466 1493 12 1308 
1669925194 1389 1485 11 1283 
1669925196 1439 1495 9 1292 
1669925198 1461 1494 9 1198 
1669925200 1490 1493 10 1163 
1669925202 1487 1489 8 1250 
1669925204 1384 1500 11 1232 
1669925206 1349 1494 10 1270 
1669925208 1421 1501 8 1287 
1669925210 1448 1501 11 1255 
1669925212 1443 1502 8 1261 
1669925214 1438 1504 9 1190 
1669925216 1360 1503 8 1161 
1669925218 1338 1503 9 1231 
1669925220 1419 1517 10 1280 
1669925222 1444 1504 9 1268 
1669925224 1367 1503 10 1267 
1669925226 1405 1492 8 1266 
1669925228 1443 1507 9 1286 
1669925230 1472 1498 13 1263 
1669925232 1470 1505 11 1182 
1669925234 1457 1508 10 1140 
1669925236 1455 1508 8 1242 
1669925238 1474 1508 10 1251 
1669925240 1467 1512 9 1198 
1669925242 1470 1511 12 1268 
1669925244 1466 1503 8 1269 
1669925246 1474 1507 7 1271 
1669925248 1477 1508 10 1285 
1669925250 1463 1493 9 1200 
1669925252 1450 1504 8 1266 
1669925254 1468 1486 10 1274 
1669925256 1457 1504 10 1294 
1669925258 1482 1492 9 1295 
1669925260 1437 1500 8 1280 
1669925262 1441 1501 10 1200 
1669925264 1466 1498 11 1246 
1669925266 1464 1507 11 1271 
1669925268 1450 1503 8 1192 
1669925270 1455 1506 10 1265 
1669925272 1365 1513 9 1272 
1669925274 1408 1517 13 1254 
1669925276 1436 1504 7 1241 
1669925278 1458 1489 10 1272 
1669925280 1390 1501 12 1252 
1669925282 1448 1500 9 1183 
1669925284 1451 1520 9 1247 
1669925286 1440 1510 10 1266 
1669925288 1447 1500 12 1186 
1669925290 1462 1511 12 1262 
1669925292 1485 1503 9 1185 
1669925294 1380 1520 8 1220 
1669925296 1444 1504 11 1230 
1669925298 1476 1502 8 1273 
1669925300 1448 1508 9 1264 
1669925302 1477 1511 13 1263 
1669925304 1475 1511 10 1287 
1669925306 1383 1509 10 1253 
1669925308 1445 1498 9 1272 
1669925310 1380 1508 11 1163 
1669925312 1446 1509 9 1240 
1669925314 1439 1501 6 1184 
1669925316 1366 1496 9 1239 
1669925318 1442 1502 7 1247 
1669925320 1438 1493 8 1275 
1669925322 1426 1501 12 1257 
1669925324 1438 1492 9 1273 
1669925326 1457 1505 10 1263 
1669925328 1450 1508 12 1259 
1669925330 1461 1508 10 1273 
1669925332 1372 1507 8 1189 
1669925334 1439 1496 8 1147 
1669925336 1355 1498 8 1146 
1669925338 1350 1506 12 1141 
1669925340 1252 1504 9 1215 
1669925342 1379 1465 11 1240 
1669925344 1412 1504 13 1179 
1669925346 1416 1505 9 1215 
1669925348 1450 1499 8 1089 
1669925350 1452 1495 11 1218 
1669925352 1446 1507 11 1230 
1669925354 1357 1490 12 1261 
1669925356 1424 1506 10 1210 
1669925358 1458 1505 12 1239 
1669925360 1370 1505 10 1242 
1669925362 1450 1506 10 1256 
1669925364 1477 1506 13 1180 
1669925366 1391 1509 8 1173 
1669925368 1455 1509 7 1245 
1669925370 1465 1504 9 1283 
1669925372 1474 1507 11 1252 
1669925374 1392 1508 11 1162 
1669925376 1366 1502 12 1216 
1669925378 1436 1509 10 1249 
1669925380 1368 1511 11 1256 
1669925382 1350 1511 14 1272 
1669925384 1439 1509 10 1201 
1669925386 1453 1511 12 1264 
1669925388 1452 1511 9 1240 
1669925390 1379 1504 11 1254 
1669925392 1443 1497 12 1163 
1669925394 1465 1506 9 1225 
1669925396 1377 1500 11 1160 
1669925398 1446 1507 10 1254 
1669925400 1441 1506 9 1232 
1669925402 1375 1511 1 1263 
1669925404 1449 1504 8 1281 
1669925406 1473 1500 8 1195 
1669925408 1458 1506 7 1222 
1669925410 1476 1508 9 1175 
1669925412 1482 1518 10 1222 
1669925414 1489 1517 10 1248 
1669925416 1376 1508 11 1166 
1669925418 1453 1513 11 1218 
1669925420 1468 1501 9 1254 
1669925422 1457 1508 10 1171 
1669925424 1472 1509 8 1247 
1669925426 1470 1515 11 1239 
1669925428 1404 1513 9 1256 
1669925430 1465 1509 9 1274 
1669925432 1492 1514 11 1277 
1669925434 1434 1521 9 1275 
1669925436 1458 1522 9 1248 
1669925438 1448 1512 10 1243 
1669925440 1473 1515 9 1268 
1669925442 1393 1502 10 1262 
1669925444 1462 1501 10 1264 
1669925446 1435 1501 9 1261 
1669925448 1461 1530 9 1103 
1669925450 1421 1512 12 1186 
1669925452 1415 1494 11 1244 
1669925454 1433 1507 8 1181 
1669925456 1462 1512 8 1261 
1669925458 1459 1516 9 1288 
1669925460 1485 1509 11 1191 
1669925462 1473 1517 11 1215 
1669925464 1455 1509 9 1260 
1669925466 1370 1513 10 1199 
1669925468 1401 1517 10 1263 
1669925470 1451 1505 9 1274 
1669925472 1463 1513 11 1247 
1669925474 1472 1506 9 1255 
1669925476 1466 1514 11 1173 
1669925478 1441 1516 9 1165 
1669925480 1474 1516 11 1222 
1669925482 1481 1518 13 1157 
1669925484 1439 1509 12 1243 
1669925486 1462 1506 9 1163 
1669925488 1455 1516 10 1068 
1669925490 1447 1510 13 1197 
1669925492 1443 1502 11 1239 
1669925494 1438 1512 12 1267 
1669925496 1487 1511 8 1207 
1669925498 1454 1498 10 1266 
1669925500 1461 1489 9 1235 
1669925502 1466 1498 9 1269 
1669925504 1448 1501 9 1194 
1669925506 1454 1466 9 1160 
1669925508 1474 1507 8 1155 
1669925510 1467 1505 11 1062 
1669925512 1479 1506 11 1207 
1669925514 1389 1503 13 1244 
1669925516 1355 1501 8 1250 
1669925518 1410 1503 9 1198 
1669925520 1463 1500 10 1179 
1669925522 1435 1505 9 1250 
1669925524 1462 1488 11 1278 
1669925526 1456 1483 10 1253 
1669925528 1468 1481 10 1261 
1669925530 1479 1489 10 1185 
1669925532 1473 1495 9 1251 
1669925534 1401 1470 9 1260 
1669925536 1436 1494 10 1194 
1669925538 1375 1480 9 1166 
1669925540 1423 1482 9 1156 
1669925542 1347 1489 9 1138 
1669925544 1449 1481 10 1251 
1669925546 1440 1490 10 1255 
1669925548 1443 1480 10 1161 
1669925550 1450 1491 7 1138 
1669925552 1437 1491 9 1198 
1669925554 1462 1489 11 1245 
1669925556 1473 1490 11 1227 
1669925558 1476 1493 11 1239 
1669925560 1444 1480 7 1242 
1669925562 1452 1502 10 1176 
1669925564 1459 1492 9 1233 
1669925566 1448 1494 11 1276 
1669925568 1380 1494 12 1187 
1669925570 1411 1477 12 1248 
1669925572 1427 1486 11 1259 
1669925574 1434 1483 11 1099 
1669925576 1426 1487 9 1200 
1669925578 1434 1486 10 1228 
1669925580 1477 1495 10 1255 
1669925582 1476 1490 9 1267 
1669925584 1378 1488 11 1266 
1669925586 1452 1491 12 1254 
1669925588 1359 1482 8 1150 
1669925590 1418 1489 11 1145 
1669925592 1425 1489 12 1216 
1669925594 1450 1482 9 1232 
1669925596 1367 1486 7 1223 
1669925598 1433 1482 8 1181 
1669925600 1453 1482 10 1250 
1669925602 1370 1517 10 1250 
1669925604 1427 1488 9 1189 
1669925606 1455 1491 5 1239 
1669925608 1438 1493 7 1245 
1669925610 1454 1494 10 1278 
1669925612 1374 1496 9 1272 
1669925614 1445 1494 8 1271 
1669925616 1459 1493 10 1283 
1669925618 1468 1488 8 1274 
1669925620 1479 1491 8 1267 
1669925622 1395 1492 10 1175 
1669925624 1352 1493 10 1172 
1669925626 1433 1488 11 1207 
1669925628 1437 1488 10 1239 
1669925630 1447 1486 10 1185 
1669925632 1464 1492 11 1246 
1669925634 1482 1487 12 1276 
1669925636 1454 1488 10 1192 
1669925638 1373 1496 9 1241 
1669925640 1344 1488 9 1252 
1669925642 1333 1493 10 1278 
1669925644 1414 1494 11 1217 
1669925646 1432 1477 10 1246 
1669925648 1474 1488 10 1252 
1669925650 1372 1473 10 1253 
1669925652 1412 1481 11 1272 
1669925654 1425 1472 11 1236 
1669925656 1441 1480 9 1250 
1669925658 1462 1467 10 1273 
1669925660 1471 1492 8 1175 
1669925662 1450 1487 12 1223 
1669925664 1474 1491 8 1173 
1669925666 1463 1485 12 1148 
1669925668 1472 1483 9 1222 
1669925670 1398 1491 9 1221 
1669925672 1429 1489 7 1275 
1669925674 1456 1495 11 1203 
1669925676 1433 1515 8 1174 
1669925678 1452 1483 11 1231 
1669925680 1435 1485 9 1158 
1669925682 1464 1488 9 1226 
1669925684 1473 1485 11 1236 
1669925686 1481 1482 9 1255 
1669925688 1477 1486 8 1244 
1669925690 1482 1482 9 1253 
1669925692 1444 1480 9 1272 
1669925694 1381 1478 12 1185 
1669925696 1344 1479 8 1255 
1669925698 1399 1483 10 1275 
1669925700 1426 1481 9 1267 
1669925702 1452 1478 11 1275 
1669925704 1470 1479 8 1287 
1669925706 1465 1482 8 1200 
1669925708 1480 1485 11 1170 
1669925710 1445 1489 8 1137 
1669925712 1461 1486 11 1212 
1669925714 1388 1484 10 1231 
1669925716 1431 1485 8 1087 
1669925718 1420 1489 9 1208 
1669925720 1456 1491 12 1265 
1669925722 1451 1480 9 1277 
1669925724 1379 1479 10 1247 
1669925726 1415 1487 13 1191 
1669925728 1469 1475 9 1221 
1669925730 1305 1472 8 1230 
1669925732 1316 1461 10 1269 
1669925734 1417 1489 9 1293 
1669925736 1414 1496 9 1249 
1669925738 1447 1526 8 1093 
1669925740 1454 1487 11 1212 
1669925742 1478 1491 8 1263 
1669925744 1474 1489 12 1163 
1669925746 1465 1488 10 1222 
1669925748 1389 1479 12 1167 
1669925750 1450 1491 8 1134 
1669925752 1365 1492 9 1219 
1669925754 1431 1492 11 1246 
1669925756 1447 1515 10 1279 
1669925758 1461 1481 11 1189 
1669925760 1478 1498 9 1239 
1669925762 1454 1492 10 1091 
1669925764 1446 1498 10 1226 
1669925766 1484 1486 11 1237 
1669925768 1450 1492 12 1240 
1669925770 1438 1491 7 1167 
1669925772 1459 1498 8 1247 
1669925774 1373 1499 11 1253 
1669925776 1339 1491 9 1235 
1669925778 1406 1498 10 1271 
1669925780 1434 1499 10 1260 
1669925782 1367 1499 12 1169 
1669925784 1406 1499 8 1164 
1669925786 1382 1497 9 1216 
1669925788 1348 1499 5 1141 
1669925790 1401 1502 9 1231 
1669925792 1416 1501 10 1278 
1669925794 1470 1502 10 1293 
1669925796 1492 1503 8 1273 
1669925798 1459 1500 9 1272 
1669925800 1455 1491 10 1253 
1669925802 1474 1504 7 1256 
1669925804 1477 1507 11 1276 
1669925806 1370 1503 7 1257 
1669925808 1329 1496 8 1194 
1669925810 1428 1504 9 1250 
1669925812 1464 1497 10 1284 
1669925814 1483 1505 7 1173 
1669925816 1472 1513 8 1246 
1669925818 1381 1496 10 1167 
1669925820 1340 1504 8 1118 
1669925822 1313 1503 9 1213 
1669925824 1424 1503 9 1237 
1669925826 1436 1502 12 1247 
1669925828 1457 1501 6 1187 
1669925830 1446 1506 11 1162 
1669925832 1454 1504 8 1245 
1669925834 1459 1504 8 1177 
1669925836 1440 1512 12 1219 
1669925838 1445 1516 9 1259 
1669925840 1450 1518 10 1275 
1669925842 1435 1512 9 1264 
1669925844 1434 1509 10 1250 
1669925846 1442 1504 14 1260 
1669925848 1424 1503 10 1272 
1669925850 1466 1508 12 1263 
1669925852 1442 1509 12 1276 
1669925854 1455 1506 11 1287 
1669925856 1438 1511 6 1277 
1669925858 1467 1509 8 1197 
1669925860 1478 1504 9 1165 
1669925862 1461 1505 12 1236 
1669925864 1294 1496 10 1129 
1669925866 1397 1507 10 1233 
1669925868 1448 1510 10 1179 
1669925870 1473 1503 9 1236 
1669925872 1371 1509 8 1253 
1669925874 1413 1510 11 1246 
1669925876 1338 1506 8 1270 
1669925878 1348 1535 7 1272 
1669925880 1332 1505 11 1242 
1669925882 1403 1508 9 1175 
1669925884 1419 1509 9 1176 
1669925886 1446 1499 11 1147 
1669925888 1468 1510 8 1068 
1669925890 1391 1512 8 1189 
1669925892 1455 1510 11 1245 
1669925894 1475 1508 10 1195 
1669925896 1444 1505 7 1261 
1669925898 1456 1512 8 1267 
1669925900 1434 1510 13 1107 
1669925902 1450 1511 10 1213 
1669925904 1471 1513 8 1241 
1669925906 1481 1507 8 1274 
1669925908 1372 1508 11 1260 
1669925910 1431 1503 9 1189 
1669925912 1424 1502 11 1166 
1669925914 1385 1494 10 1156 
1669925916 1428 1487 9 1241 
1669925918 1464 1495 11 1265 
1669925920 1438 1493 7 1272 
1669925922 1453 1487 10 1292 
1669925924 1454 1494 12 1181 
1669925926 1446 1488 12 1139 
1669925928 1468 1497 8 1234 
1669925930 1374 1506 10 1267 
1669925932 1361 1498 10 1282 
1669925934 1416 1503 9 1274 
1669925936 1358 1504 8 1184 
1669925938 1419 1493 10 1253 
1669925940 1425 1499 7 1266 
1669925942 1376 1503 9 1279 
1669925944 1448 1499 9 1175 
1669925946 1455 1503 11 1221 
1669925948 1461 1483 13 1240 
1669925950 1368 1504 10 1267 
1669925952 1415 1500 8 1294 
1669925954 1460 1498 10 1294 
1669925956 1455 1499 11 1280 
1669925958 1473 1502 8 1289 
1669925960 1391 1500 9 1279 
1669925962 1407 1499 12 1294 
1669925964 1465 1498 8 1295 
1669925966 1457 1523 11 1288 
1669925968 1451 1490 9 1289 
1669925970 1433 1502 7 1249 
1669925972 1432 1502 9 1284 
1669925974 1363 1507 9 1187 
1669925976 1417 1508 11 1245 
1669925978 1451 1501 10 1267 
1669925980 1445 1496 10 1295 
1669925982 1455 1501 11 1183 
1669925984 1459 1500 8 1154 
1669925986 1444 1497 11 1204 
1669925988 1368 1493 11 1165 
1669925990 1405 1503 7 1233 
1669925992 1449 1494 8 1268 
1669925994 1448 1502 10 1282 
1669925996 1447 1503 9 1179 
1669925998 1354 1501 8 1163 
1669926000 1426 1538 11 1243 
1669926002 1437 1515 12 1278 
1669926004 1375 1511 11 1165 
1669926006 1434 1515 11 1239 
1669926008 1453 1506 7 1187 
1669926010 1445 1499 11 1207 
1669926012 1457 1508 11 1253 
1669926014 1443 1506 9 1265 
1669926016 1457 1508 10 1185 
1669926018 1445 1501 10 1161 
1669926020 1439 1509 10 1153 
1669926022 1368 1498 9 1203 
1669926024 1329 1512 11 1228 
1669926026 1331 1504 12 1236 
1669926028 1421 1506 11 1271 
1669926030 1466 1510 10 1285 
1669926032 1460 1512 7 1180 
1669926034 1450 1505 10 1161 
1669926036 1441 1500 9 1229 
1669926038 1470 1514 9 1229 
1669926040 1464 1516 11 1253 
1669926042 1438 1517 8 1243 
1669926044 1357 1512 11 1263 
1669926046 1409 1516 8 1168 
1669926048 1364 1515 10 1239 
1669926050 1429 1512 10 1265 
1669926052 1469 1501 10 1295 
1669926054 1462 1506 9 1184 
1669926056 1389 1506 13 1221 
1669926058 1352 1505 10 1229 
1669926060 1426 1507 11 1268 
1669926062 1452 1529 9 1247 
1669926064 1467 1505 9 1196 
1669926066 1297 1506 12 1220 
1669926068 1239 1511 8 1259 
1669926070 1375 1513 8 1280 
1669926072 1335 1515 10 1269 
1669926074 1423 1510 11 1199 
1669926076 1439 1509 9 1266 
1669926078 1463 1508 10 1256 
1669926080 1380 1505 9 1262 
1669926082 1420 1501 12 1170 
1669926084 1351 1512 10 1212 
1669926086 1411 1500 11 1247 
1669926088 1426 1512 7 1235 
1669926090 1467 1509 9 1197 
1669926092 1463 1508 10 1255 
1669926094 1445 1488 11 1271 
1669926096 1368 1513 9 1252 
1669926098 1440 1512 10 1260 
1669926100 1443 1514 13 1188 
1669926102 1389 1508 10 1236 
1669926104 1334 1509 12 1245 
1669926106 1399 1517 8 1287 
1669926108 1425 1521 8 1284 
1669926110 1469 1512 10 1295 
1669926112 1460 1518 9 1193 
1669926114 1465 1504 10 1248 
1669926116 1402 1512 12 1087 
1669926118 1451 1513 13 1190 
1669926120 1444 1500 10 1151 
1669926122 1447 1509 8 1168 
1669926124 1361 1514 11 1234 
1669926126 1264 1516 10 1246 
1669926128 1224 1510 8 1178 
1669926130 1306 1500 9 1145 
1669926132 1388 1507 11 1157 
1669926134 1408 1511 12 1222 
1669926136 1465 1507 11 1233 
1669926138 1442 1515 9 1235 
1669926140 1440 1503 10 1165 
1669926142 1385 1512 8 1150 
1669926144 1333 1512 6 1240 
1669926146 1325 1507 10 1264 
1669926148 1409 1517 9 1275 
1669926150 1422 1511 9 1270 
1669926152 1368 1516 9 1167 
1669926154 1415 1507 10 1249 
1669926156 1460 1511 7 1271 
1669926158 1475 1513 11 1199 
1669926160 1453 1493 11 1238 
1669926162 1382 1513 11 1260 
1669926164 1425 1514 11 1185 
1669926166 1445 1499 13 1232 
1669926168 1292 1514 9 1250 
1669926170 1388 1513 10 1277 
1669926172 1432 1518 11 1271 
1669926174 1429 1508 11 1187 
1669926176 1363 1513 7 1250 
1669926178 1344 1513 11 1265 
1669926180 1257 1512 10 1272 
1669926182 1395 1512 11 1302 
1669926184 1441 1512 10 1296 
1669926186 1366 1510 9 1260 
1669926188 1442 1513 9 1203 
1669926190 1452 1516 12 1170 
1669926192 1472 1526 11 1211 
1669926194 1466 1506 7 1082 
1669926196 1458 1511 12 1135 
1669926198 1443 1520 9 1155 
1669926200 1452 1515 11 1212 
1669926202 1404 1517 10 1255 
1669926204 1423 1519 12 1266 
1669926206 1476 1515 9 1194 
1669926208 1480 1509 11 1174 
1669926210 1472 1502 8 1227 
1669926212 1488 1510 9 1168 
1669926214 1386 1512 12 1161 
1669926216 1343 1513 8 1241 
1669926218 1398 1515 11 1247 
1669926220 1443 1513 11 1265 
1669926222 1459 1518 9 1266 
1669926224 1391 1511 11 1262 
1669926226 1455 1513 7 1254 
1669926228 1377 1508 11 1266 
1669926230 1414 1516 8 1161 
1669926232 1429 1516 8 1250 
1669926234 1456 1516 11 1164 
1669926236 1451 1519 12 1241 
1669926238 1448 1510 8 1277 
1669926240 1462 1514 8 1253 
1669926242 1448 1505 9 1263 
1669926244 1471 1514 11 1272 
1669926246 1472 1513 10 1289 
1669926248 1461 1515 7 1247 
1669926250 1479 1515 8 1101 
1669926252 1361 1511 9 1188 
1669926254 1336 1509 9 1134 
1669926256 1416 1503 11 1134 
1669926258 1429 1496 9 1233 
1669926260 1349 1479 9 1148 
1669926262 1421 1502 9 1220 
1669926264 1383 1497 12 1241 
1669926266 1408 1509 8 1256 
1669926268 1460 1510 7 1284 
1669926270 1405 1508 7 1261 
1669926272 1441 1515 10 1283 
1669926274 1456 1508 10 1287 
1669926276 1463 1533 11 1295 
1669926278 1449 1507 8 1206 
1669926280 1432 1515 13 1084 
1669926282 1440 1511 10 1197 
1669926284 1454 1507 10 1150 
1669926286 1440 1518 10 1152 
1669926288 1373 1494 10 1213 
1669926290 1420 1515 11 1255 
1669926292 1277 1502 9 1245 
1669926294 1411 1508 9 1176 
1669926296 1410 1519 9 1238 
1669926298 1450 1508 10 1292 
1669926300 1370 1505 9 1286 
1669926302 1426 1517 9 1197 
1669926304 1449 1518 10 1174 
1669926306 1453 1518 9 1260 
1669926308 1455 1507 8 1170 
1669926310 1373 1514 8 1222 
1669926312 1451 1496 9 1262 
1669926314 1468 1507 7 1272 
1669926316 1451 1519 10 1287 
1669926318 1461 1516 10 1190 
1669926320 1294 1516 11 1169 
1669926322 1319 1515 10 1133 
1669926324 1411 1515 10 1150 
1669926326 1454 1517 9 1203 
1669926328 1479 1512 11 1235 
1669926330 1488 1515 8 1191 
1669926332 1481 1499 9 1227 
1669926334 1464 1511 11 1231 
1669926336 1461 1504 8 1162 
1669926338 1454 1511 12 1239 
1669926340 1442 1512 14 1273 
1669926342 1441 1531 9 1185 
1669926344 1472 1510 7 1227 
1669926346 1474 1513 9 1185 
1669926348 1447 1511 10 1251 
1669926350 1371 1503 10 1177 
1669926352 1337 1513 8 1262 
1669926354 1432 1513 10 1274 
1669926356 1460 1513 11 1284 
1669926358 1449 1502 7 1190 
1669926360 1377 1513 9 1156 
1669926362 1353 1516 10 1216 
1669926364 1403 1513 6 1242 
1669926366 1375 1513 6 1182 
1669926368 1447 1513 10 1231 
1669926370 1443 1530 10 1278 
1669926372 1474 1481 10 1304 
1669926374 1462 1513 9 1280 
1669926376 1396 1513 9 1251 
1669926378 1356 1535 10 1258 
1669926380 1406 1536 11 1240 
1669926382 1461 1487 13 1203 
1669926384 1453 1524 9 1254 
1669926386 1355 1509 11 1169 
1669926388 1425 1513 8 1159 
1669926390 1436 1509 9 1211 
1669926392 1459 1509 11 1262 
1669926394 1366 1512 10 1266 
1669926396 1404 1503 10 1292 
1669926398 1471 1511 10 1290 
1669926400 1384 1504 6 1289 
1669926402 1417 1517 11 1284 
1669926404 1427 1510 7 1299 
1669926406 1459 1506 9 1301 
1669926408 1469 1501 10 1304 
1669926410 1473 1507 7 1278 
1669926412 1469 1513 9 1287 
1669926414 1442 1515 7 1298 
1669926416 1449 1511 8 1314 
1669926418 1449 1508 6 1309 
1669926420 1461 1511 11 1289 
1669926422 1482 1503 9 1283 
1669926424 1480 1514 11 1185 
1669926426 1372 1511 9 1221 
1669926428 1425 1504 10 1242 
1669926430 1463 1514 9 1272 
1669926432 1481 1512 12 1290 
1669926434 1456 1508 7 1181 
1669926436 1473 1497 10 1271 
1669926438 1455 1510 11 1274 
1669926440 1476 1453 10 1202 
1669926442 1478 1506 9 1154 
1669926444 1479 1509 10 1127 
1669926446 1402 1504 10 1208 
1669926448 1458 1495 11 1264 
1669926450 1476 1502 9 1275 
1669926452 1435 1509 9 1244 
1669926454 1399 1509 11 1265 
1669926456 1416 1506 11 1251 
1669926458 1448 1508 10 1280 
1669926460 1458 1504 9 1250 
1669926462 1487 1491 10 1260 
1669926464 1407 1500 11 1192 
1669926466 1358 1505 9 1221 
1669926468 1430 1507 8 1162 
1669926470 1444 1508 11 1254 
1669926472 1462 1513 12 1179 
1669926474 1441 1522 9 1234 
1669926476 1462 1515 9 1276 
1669926478 1418 1495 9 1282 
1669926480 1413 1513 10 1274 
1669926482 1451 1514 11 1298 
1669926484 1436 1494 11 1255 
1669926486 1372 1491 8 1286 
1669926488 1430 1498 9 1177 
1669926490 1433 1501 10 1223 
1669926492 1436 1496 10 1268 
1669926494 1467 1494 9 1163 
1669926496 1473 1496 11 1220 
1669926498 1467 1498 11 1234 
1669926500 1487 1482 8 1165 
1669926502 1455 1499 11 1158 
1669926504 1442 1498 11 1131 
1669926506 1451 1485 12 1248 
1669926508 1374 1498 9 1159 
1669926510 1410 1497 9 1162 
1669926512 1368 1499 8 1234 
1669926514 1430 1496 11 1265 
1669926516 1445 1475 8 1172 
1669926518 1473 1504 7 1259 
1669926520 1456 1504 13 1273 
1669926522 1439 1509 7 1254 
1669926524 1442 1507 12 1097 
1669926526 1433 1509 9 1228 
1669926528 1377 1507 12 1237 
1669926530 1350 1503 11 1186 
1669926532 1419 1504 9 1171 
1669926534 1346 1501 10 1232 
1669926536 1338 1489 12 1267 
1669926538 1399 1500 9 1286 
1669926540 1435 1505 8 1273 
1669926542 1367 1503 11 1167 
1669926544 1409 1505 12 1138 
1669926546 1437 1508 11 1195 
1669926548 1383 1507 9 1156 
1669926550 1431 1505 11 1237 
1669926552 1460 1503 9 1172 
1669926554 1461 1505 11 1147 
1669926556 1462 1493 13 1133 
1669926558 1453 1499 10 1139 
1669926560 1459 1477 9 1227 
1669926562 1454 1499 8 1268 
1669926564 1466 1499 8 1272 
1669926566 1466 1498 11 1287 
1669926568 1476 1496 9 1190 
1669926570 1470 1489 8 1263 
1669926572 1454 1500 12 1182 
1669926574 1455 1498 9 1243 
1669926576 1482 1498 8 1189 
1669926578 1447 1499 9 1229 
1669926580 1430 1503 12 1233 
1669926582 1459 1497 10 1281 
1669926584 1439 1501 11 1210 
1669926586 1453 1504 11 1268 
1669926588 1476 1506 11 1283 
1669926590 1482 1508 8 1275 
1669926592 1493 1504 10 1279 
1669926594 1459 1510 8 1287 
1669926596 1438 1505 11 1282 
1669926598 1489 1501 11 1286 
1669926600 1466 1498 10 1202 
1669926602 1477 1484 10 1238 
1669926604 1446 1504 7 1250 
1669926606 1354 1502 9 1268 
1669926608 1444 1507 9 1280 
1669926610 1356 1501 9 1211 
1669926612 1321 1499 10 1248 
1669926614 1404 1498 10 1278 
1669926616 1415 1489 10 1201 
1669926618 1437 1488 12 1159 
1669926620 1438 1501 8 1237 
1669926622 1464 1501 11 1274 
1669926624 1301 1501 10 1264 
1669926626 1422 1503 11 1188 
1669926628 1345 1527 13 1168 
1669926630 1414 1491 10 1257 
1669926632 1457 1524 9 1251 
1669926634 1463 1500 10 1284 
1669926636 1482 1489 10 1288 
1669926638 1392 1496 8 1249 
1669926640 1433 1496 9 1276 
1669926642 1464 1483 5 1292 
1669926644 1391 1498 11 1274 
1669926646 1445 1496 10 1292 
1669926648 1461 1496 9 1283 
1669926650 1476 1491 9 1255 
1669926652 1380 1489 11 1202 
1669926654 1446 1488 8 1253 
1669926656 1444 1487 10 1292 
1669926658 1379 1491 8 1171 
1669926660 1342 1481 11 1224 
1669926662 1346 1484 10 1239 
1669926664 1413 1482 9 1250 
1669926666 1352 1495 9 1273 
1669926668 1447 1496 9 1277 
1669926670 1442 1495 11 1179 
1669926672 1447 1492 9 1247 
1669926674 1357 1499 10 1168 
1669926676 1442 1494 11 1244 
1669926678 1473 1495 10 1272 
1669926680 1481 1502 6 1199 
1669926682 1480 1495 8 1146 
1669926684 1481 1501 13 1220 
1669926686 1481 1493 10 1267 
1669926688 1470 1494 9 1108 
1669926690 1364 1473 12 1223 
1669926692 1427 1501 7 1245 
1669926694 1423 1494 11 1235 
1669926696 1479 1498 10 1187 
1669926698 1483 1498 11 1248 
1669926700 1391 1494 10 1270 
1669926702 1428 1504 13 1275 
1669926704 1420 1502 10 1291 
1669926706 1445 1488 9 1289 
1669926708 1470 1499 9 1291 
1669926710 1439 1497 9 1286 
1669926712 1449 1497 8 1292 
1669926714 1458 1507 10 1208 
1669926716 1475 1498 11 1161 
1669926718 1466 1505 8 1131 
1669926720 1450 1501 10 1216 
1669926722 1389 1498 9 1234 
1669926724 1344 1485 10 1261 
1669926726 1423 1496 9 1279 
1669926728 1431 1490 11 1282 
1669926730 1464 1518 8 1209 
1669926732 1456 1498 8 1186 
1669926734 1442 1497 8 1249 
1669926736 1379 1497 9 1277 
1669926738 1405 1501 11 1187 
1669926740 1443 1487 11 1157 
1669926742 1392 1506 10 1240 
1669926744 1452 1482 12 1280 
1669926746 1456 1505 10 1261 
1669926748 1471 1503 9 1283 
1669926750 1372 1500 9 1182 
1669926752 1446 1502 10 1144 
1669926754 1443 1512 12 1237 
1669926756 1443 1504 11 1153 
1669926758 1431 1506 12 1238 
1669926760 1447 1509 8 1271 
1669926762 1456 1498 9 1283 
1669926764 1458 1482 11 1248 
1669926766 1467 1494 10 1269 
1669926768 1470 1486 8 1192 
1669926770 1455 1495 12 1254 
1669926772 1400 1497 11 1174 
1669926774 1439 1491 9 1239 
1669926776 1435 1501 9 1249 
1669926778 1461 1504 11 1101 
1669926780 1457 1504 8 1101 
1669926782 1441 1508 8 1215 
1669926784 1448 1506 10 1253 
1669926786 1470 1499 11 1255 
1669926788 1436 1488 9 1250 
1669926790 1400 1505 12 1246 
1669926792 1455 1482 9 1188 
1669926794 1352 1497 9 1240 
1669926796 1364 1493 8 1283 
1669926798 1332 1501 10 1286 
1669926800 1405 1503 7 1279 
1669926802 1366 1498 8 1301 
1669926804 1422 1499 7 1304 
1669926806 1437 1499 7 1289 
1669926808 1453 1502 9 1186 
1669926810 1461 1487 9 1252 
1669926812 1368 1502 8 1248 
1669926814 1425 1489 7 1192 
1669926816 1438 1494 8 1245 
1669926818 1446 1476 11 1266 
1669926820 1467 1488 10 1278 
1669926822 1474 1519 10 1301 
1669926824 1437 1494 10 1209 
1669926826 1465 1491 10 1095 
1669926828 1473 1500 11 1123 
1669926830 1475 1495 9 1224 
1669926832 1408 1493 8 1160 
1669926834 1368 1495 9 1213 
1669926836 1433 1504 7 1243 
1669926838 1482 1494 11 1191 
1669926840 1474 1497 7 1164 
1669926842 1307 1495 9 1151 
1669926844 1416 1501 12 1160 
1669926846 1374 1503 11 1241 
1669926848 1344 1507 9 1182 
1669926850 1337 1497 10 1253 
1669926852 1339 1497 10 1259 
1669926854 1424 1505 8 1111 
1669926856 1469 1505 10 1148 
1669926858 1452 1500 7 1191 
1669926860 1369 1520 10 1136 
1669926862 1461 1491 11 1230 
1669926864 1297 1494 12 1243 
1669926866 1316 1491 10 1156 
1669926868 1418 1502 10 1237 
1669926870 1433 1504 8 1163 
1669926872 1367 1499 9 1233 
1669926874 1408 1506 7 1246 
1669926876 1467 1503 9 1192 
1669926878 1480 1494 10 1248 
1669926880 1356 1500 10 1270 
1669926882 1358 1504 10 1296 
1669926884 1338 1510 9 1251 
1669926886 1431 1503 10 1295 
1669926888 1450 1502 7 1274 
1669926890 1389 1505 10 1268 
1669926892 1429 1503 9 1288 
1669926894 1458 1499 9 1279 
1669926896 1441 1504 10 1199 
1669926898 1429 1503 7 1262 
1669926900 1478 1499 9 1253 
1669926902 1446 1498 11 1169 
1669926904 1462 1496 11 1155 
1669926906 1479 1492 11 1214 
1669926908 1460 1496 9 1216 
1669926910 1483 1500 10 1277 
1669926912 1494 1505 10 1284 
1669926914 1479 1495 9 1264 
1669926916 1401 1496 10 1264 
1669926918 1451 1505 9 1250 
1669926920 1460 1500 8 1298 
1669926922 1452 1494 9 1271 
1669926924 1373 1498 7 1269 
1669926926 1436 1504 9 1267 
1669926928 1362 1503 9 1181 
1669926930 1415 1502 9 1252 
1669926932 1373 1504 8 1192 
1669926934 1262 1502 7 1209 
1669926936 1306 1501 10 1238 
1669926938 1409 1522 8 1285 
1669926940 1457 1500 8 1213 
1669926942 1443 1499 9 1246 
1669926944 1360 1498 8 1274 
1669926946 1414 1500 8 1291 
1669926948 1465 1501 9 1277 
1669926950 1441 1505 9 1265 
1669926952 1458 1507 9 1187 
1669926954 1473 1509 10 1231 
1669926956 1451 1450 10 1279 
1669926958 1467 1512 9 1270 
1669926960 1484 1507 8 1209 
1669926962 1475 1503 9 1179 
1669926964 1471 1505 9 1259 
1669926966 1485 1500 10 1267 
1669926968 1455 1498 9 1265 
1669926970 1466 1491 10 1299 
1669926972 1465 1493 10 1282 
1669926974 1299 1502 10 1269 
1669926976 1411 1504 11 1275 
1669926978 1354 1478 11 1276 
1669926980 1440 1500 9 1117 
1669926982 1432 1478 10 1233 
1669926984 1459 1481 10 1256 
1669926986 1382 1498 8 1175 
1669926988 1352 1493 9 1164 
1669926990 1438 1492 10 1274 
1669926992 1473 1494 10 1204 
1669926994 1452 1488 9 1228 
1669926996 1465 1503 9 1249 
1669926998 1444 1490 11 1278 
1669927000 1462 1493 10 1271 
1669927002 1389 1494 12 1269 
1669927004 1422 1494 8 1262 
1669927006 1435 1499 10 1291 
1669927008 1438 1521 8 1302 
1669927010 1469 1495 10 1309 
1669927012 1472 1497 12 1309 
1669927014 1452 1496 8 1304 
1669927016 1443 1493 10 1310 
1669927018 1463 1491 12 1288 
1669927020 1378 1492 12 1250 
1669927022 1454 1491 9 1296 
1669927024 1467 1487 8 1275 
1669927026 1383 1484 8 1288 
1669927028 1268 1491 8 1099 
1669927030 1366 1493 11 1127 
1669927032 1414 1478 11 1121 
1669927034 1343 1495 10 1188 
1669927036 1435 1489 7 1234 
1669927038 1470 1492 8 1246 
1669927040 1463 1490 8 1248 
1669927042 1455 1493 11 1255 
1669927044 1362 1497 9 1155 
1669927046 1448 1494 13 1247 
1669927048 1467 1497 10 1278 
1669927050 1455 1492 10 1267 
1669927052 1439 1494 9 1283 
1669927054 1462 1499 8 1206 
1669927056 1466 1495 9 1243 
1669927058 1448 1499 9 1263 
1669927060 1445 1493 8 1285 
1669927062 1445 1497 8 1283 
1669927064 1474 1501 8 1288 
1669927066 1303 1502 8 1186 
1669927068 1420 1495 11 1251 
1669927070 1459 1495 8 1210 
1669927072 1466 1493 9 1165 
1669927074 1447 1488 8 1244 
1669927076 1356 1495 10 1182 
1669927078 1326 1501 11 1248 
1669927080 1330 1507 9 1235 
1669927082 1392 1502 9 1240 
1669927084 1353 1500 8 1279 
1669927086 1339 1493 8 1265 
1669927088 1406 1497 10 1256 
1669927090 1441 1509 7 1281 
1669927092 1347 1497 7 1100 
1669927094 1342 1500 10 1236 
1669927096 1416 1498 10 1284 
1669927098 1371 1491 9 1287 
1669927100 1408 1495 9 1286 
1669927102 1442 1502 10 1285 
1669927104 1455 1503 11 1176 
1669927106 1299 1500 8 1213 
1669927108 1407 1498 10 1271 
1669927110 1451 1486 13 1257 
1669927112 1453 1497 10 1197 
1669927114 1443 1504 9 1237 
1669927116 1468 1478 9 1275 
1669927118 1379 1502 8 1255 
1669927120 1459 1490 8 1120 
1669927122 1437 1497 11 1109 
1669927124 1485 1498 12 1214 
1669927126 1465 1495 8 1076 
1669927128 1378 1499 11 1202 
1669927130 1436 1504 7 1190 
1669927132 1466 1492 8 1170 
1669927134 1450 1506 9 1176 
1669927136 1452 1511 9 1253 
1669927138 1441 1507 8 1170 
1669927140 1471 1508 8 1138 
1669927142 1389 1509 8 1149 
1669927144 1411 1510 11 1123 
1669927146 1426 1506 10 1219 
1669927148 1415 1511 6 1169 
1669927150 1377 1510 9 1227 
1669927152 1442 1511 10 1171 
1669927154 1358 1513 7 1134 
1669927156 1331 1512 8 1134 
1669927158 1436 1507 12 1217 
1669927160 1438 1512 11 1242 
1669927162 1475 1508 7 1278 
1669927164 1456 1506 8 1269 
1669927166 1451 1498 9 1275 
1669927168 1441 1499 9 1209 
1669927170 1448 1506 9 1236 
1669927172 1384 1487 8 1163 
1669927174 1348 1506 8 1153 
1669927176 1392 1510 8 1066 
1669927178 1334 1497 9 1177 
1669927180 1428 1532 11 1227 
1669927182 1424 1514 9 1269 
1669927184 1446 1501 11 1181 
1669927186 1443 1500 9 1247 
1669927188 1472 1510 9 1238 
1669927190 1482 1511 10 1282 
1669927192 1485 1510 9 1290 
1669927194 1502 1510 11 1266 
1669927196 1460 1508 11 1255 
1669927198 1474 1505 12 1175 
1669927200 1436 1507 9 1224 
1669927202 1359 1505 8 1260 
1669927204 1361 1507 9 1274 
1669927206 1447 1497 9 1297 
1669927208 1458 1505 11 1206 
1669927210 1473 1500 12 1177 
1669927212 1483 1507 9 1251 
1669927214 1379 1499 10 1171 
1669927216 1451 1496 8 1251 
1669927218 1467 1496 10 1198 
1669927220 1446 1502 9 1175 
1669927222 1454 1504 12 1252 
1669927224 1379 1503 9 1231 
1669927226 1446 1498 11 1278 
1669927228 1451 1493 12 1212 
1669927230 1395 1506 11 1157 
1669927232 1435 1528 12 1230 
1669927234 1470 1491 8 1249 
1669927236 1453 1505 8 1178 
1669927238 1448 1511 11 1225 
1669927240 1484 1506 9 1191 
1669927242 1466 1487 8 1078 
1669927244 1381 1519 9 1222 
1669927246 1471 1505 9 1242 
1669927248 1454 1510 9 1275 
1669927250 1473 1506 8 1300 
1669927252 1359 1496 7 1244 
1669927254 1436 1502 10 1175 
1669927256 1462 1507 13 1165 
1669927258 1443 1502 9 1209 
1669927260 1452 1513 6 1178 
1669927262 1373 1502 11 1243 
1669927264 1413 1494 11 1255 
1669927266 1458 1504 9 1288 
1669927268 1448 1497 8 1217 
1669927270 1445 1493 10 1238 
1669927272 1462 1503 8 1192 
1669927274 1497 1495 9 1264 
1669927276 1457 1501 9 1274 
1669927278 1480 1502 9 1252 
1669927280 1460 1501 10 1277 
1669927282 1454 1502 14 1298 
1669927284 1383 1492 8 1193 
1669927286 1433 1485 9 1248 
1669927288 1465 1499 11 1250 
1669927290 1470 1501 9 1269 
1669927292 1472 1499 10 1286 
1669927294 1472 1504 8 1193 
1669927296 1451 1498 8 1151 
1669927298 1445 1499 10 1257 
1669927300 1386 1492 11 1275 
1669927302 1426 1497 10 1314 
1669927304 1440 1495 12 1291 
1669927306 1463 1499 8 1208 
1669927308 1488 1498 12 1238 
1669927310 1465 1502 7 1180 
1669927312 1449 1502 13 1233 
1669927314 1437 1495 7 1235 
1669927316 1474 1501 11 1263 
1669927318 1474 1490 9 1192 
1669927320 1472 1494 10 1158 
1669927322 1483 1491 9 1242 
1669927324 1397 1492 9 1262 
1669927326 1426 1503 11 1279 
1669927328 1449 1496 7 1273 
1669927330 1461 1479 12 1204 
1669927332 1460 1498 11 1224 
1669927334 1381 1498 10 1170 
1669927336 1442 1500 12 1161 
1669927338 1437 1500 13 1148 
1669927340 1438 1510 11 1155 
1669927342 1366 1506 8 1232 
1669927344 1351 1525 7 1254 
1669927346 1436 1501 11 1284 
1669927348 1376 1481 8 1281 
1669927350 1444 1492 10 1304 
1669927352 1438 1500 10 1317 
1669927354 1361 1495 8 1301 
1669927356 1402 1498 9 1292 
1669927358 1462 1496 10 1278 
1669927360 1476 1499 11 1285 
1669927362 1485 1498 10 1290 
1669927364 1407 1495 11 1270 
1669927366 1381 1513 12 1284 
1669927368 1419 1490 10 1304 
1669927370 1446 1523 11 1273 
1669927372 1367 1498 11 1287 
1669927374 1422 1495 11 1120 
1669927376 1447 1484 8 1053 
1669927378 1453 1499 12 1216 
1669927380 1450 1499 11 1243 
1669927382 1481 1501 9 1270 
1669927384 1494 1494 9 1289 
1669927386 1463 1493 12 1287 
1669927388 1481 1487 9 1196 
1669927390 1456 1499 11 1250 
1669927392 1452 1500 10 1254 
1669927394 1398 1498 12 1196 
1669927396 1360 1479 8 1255 
1669927398 1418 1499 11 1184 
1669927400 1429 1495 8 1259 
1669927402 1432 1492 10 1253 
1669927404 1466 1504 12 1280 
1669927406 1479 1499 11 1197 
1669927408 1481 1509 10 1263 
1669927410 1484 1498 7 1291 
1669927412 1453 1497 9 1293 
1669927414 1466 1505 11 1290 
1669927416 1456 1510 8 1212 
1669927418 1443 1509 10 1269 
1669927420 1472 1497 11 1275 
1669927422 1481 1502 11 1278 
1669927424 1381 1495 9 1175 
1669927426 1446 1500 9 1269 
1669927428 1416 1513 11 1236 
1669927430 1476 1513 8 1273 
1669927432 1459 1503 10 1193 
1669927434 1482 1497 12 1253 
1669927436 1489 1505 11 1279 
1669927438 1468 1504 9 1277 
1669927440 1470 1502 12 1301 
1669927442 1474 1501 10 1282 
1669927444 1390 1496 8 1173 
1669927446 1409 1487 8 1172 
1669927448 1457 1495 11 1167 
1669927450 1447 1480 9 1213 
1669927452 1469 1507 9 1256 
1669927454 1455 1532 10 1184 
1669927456 1381 1501 8 1247 
1669927458 1456 1526 12 1286 
1669927460 1362 1501 9 1269 
1669927462 1446 1500 10 1177 
1669927464 1459 1501 10 1254 
1669927466 1472 1502 11 1267 
1669927468 1458 1494 9 1261 
1669927470 1463 1502 10 1292 
1669927472 1479 1515 10 1206 
1669927474 1483 1507 9 1268 
1669927476 1474 1516 10 1300 
1669927478 1445 1508 10 1297 
1669927480 1499 1496 10 1237 
1669927482 1374 1516 8 1238 
1669927484 1446 1512 7 1270 
1669927486 1455 1515 7 1254 
1669927488 1462 1508 11 1172 
1669927490 1502 1511 11 1270 
1669927492 1495 1511 6 1306 
1669927494 1478 1516 9 1291 
1669927496 1470 1519 10 1257 
1669927498 1483 1509 8 1282 
1669927500 1485 1504 9 1187 
1669927502 1480 1516 14 1260 
1669927504 1474 1515 14 1285 
1669927506 1485 1499 10 1188 
1669927508 1451 1518 10 1252 
1669927510 1505 1515 10 1271 
1669927512 1387 1518 10 1279 
1669927514 1444 1512 11 1181 
1669927516 1453 1513 11 1162 
1669927518 1373 1516 7 1154 
1669927520 1429 1514 8 1247 
1669927522 1378 1517 8 1187 
1669927524 1393 1511 7 1241 
1669927526 1438 1517 10 1274 
1669927528 1472 1522 10 1202 
1669927530 1464 1510 8 1166 
1669927532 1390 1517 12 1140 
1669927534 1462 1518 11 1234 
1669927536 1450 1514 10 1254 
1669927538 1352 1520 10 1181 
1669927540 1275 1517 10 1254 
1669927542 1403 1510 11 1174 
1669927544 1425 1522 7 1224 
1669927546 1457 1521 8 1181 
1669927548 1479 1517 11 1191 
1669927550 1470 1511 8 1244 
1669927552 1372 1522 10 1265 
1669927554 1422 1524 9 1257 
1669927556 1455 1526 9 1179 
1669927558 1457 1523 11 1225 
1669927560 1469 1520 11 1273 
1669927562 1456 1504 11 1281 
1669927564 1451 1497 8 1198 
1669927566 1476 1526 12 1264 
1669927568 1461 1519 9 1269 
1669927570 1479 1521 11 1261 
1669927572 1407 1520 10 1275 
1669927574 1437 1518 8 1266 
1669927576 1425 1531 11 1179 
1669927578 1428 1510 10 1251 
1669927580 1373 1522 11 1165 
1669927582 1428 1517 10 1223 
1669927584 1442 1524 10 1174 
1669927586 1443 1527 9 1244 
1669927588 1458 1521 8 1275 
1669927590 1453 1513 9 1255 
1669927592 1450 1521 9 1280 
1669927594 1461 1517 11 1191 
1669927596 1461 1515 8 1171 
1669927598 1434 1516 10 1239 
1669927600 1452 1513 8 1273 
1669927602 1368 1528 10 1191 
1669927604 1447 1520 10 1272 
1669927606 1463 1524 8 1283 
1669927608 1376 1518 10 1283 
1669927610 1407 1519 10 1280 
1669927612 1443 1525 8 1273 
1669927614 1457 1529 10 1202 
1669927616 1392 1528 7 1232 
1669927618 1454 1520 9 1252 
1669927620 1358 1522 10 1159 
1669927622 1344 1522 10 1249 
1669927624 1442 1526 9 1257 
1669927626 1474 1525 10 1307 
1669927628 1472 1525 10 1294 
1669927630 1466 1523 10 1308 
1669927632 1304 1492 10 1297 
1669927634 1402 1527 10 1287 
1669927636 1418 1505 13 1216 
1669927638 1431 1520 10 1247 
1669927640 1457 1525 11 1178 
1669927642 1396 1527 12 1239 
1669927644 1445 1502 9 1278 
1669927646 1478 1534 10 1202 
1669927648 1383 1519 12 1246 
1669927650 1383 1520 11 1178 
1669927652 1412 1520 9 1260 
1669927654 1415 1514 10 1252 
1669927656 1299 1524 6 1253 
1669927658 1404 1527 12 1285 
1669927660 1348 1529 9 1190 
1669927662 1445 1518 7 1261 
1669927664 1453 1515 11 1248 
1669927666 1453 1499 8 1170 
1669927668 1399 1535 8 1230 
1669927670 1458 1518 13 1247 
1669927672 1483 1510 10 1290 
1669927674 1405 1519 9 1255 
1669927676 1347 1525 10 1276 
1669927678 1451 1515 9 1304 
1669927680 1362 1517 13 1269 
1669927682 1430 1518 14 1305 
1669927684 1451 1514 11 1265 
1669927686 1385 1509 12 1271 
1669927688 1424 1524 11 1269 
1669927690 1456 1519 9 1287 
1669927692 1433 1526 13 1278 
1669927694 1461 1513 9 1268 
1669927696 1451 1526 10 1300 
1669927698 1358 1529 8 1178 
1669927700 1414 1510 9 1239 
1669927702 1349 1453 11 1235 
1669927704 1403 1511 7 1173 
1669927706 1449 1522 8 1269 
1669927708 1477 1533 9 1218 
1669927710 1442 1526 12 1175 
1669927712 1453 1526 10 1274 
1669927714 1463 1529 11 1162 
1669927716 1498 1523 8 1229 
1669927718 1488 1527 8 1172 
1669927720 1473 1513 10 1255 
1669927722 1442 1523 10 1247 
1669927724 1378 1518 11 1175 
1669927726 1454 1524 10 1252 
1669927728 1352 1520 10 1242 
1669927730 1448 1513 12 1177 
1669927732 1444 1527 11 1229 
1669927734 1472 1525 10 1241 
1669927736 1497 1541 10 1253 
1669927738 1471 1524 10 1286 
1669927740 1496 1516 8 1274 
1669927742 1473 1530 10 1269 
1669927744 1452 1517 8 1194 
1669927746 1436 1507 9 1247 
1669927748 1428 1515 11 1193 
1669927750 1463 1524 9 1161 
1669927752 1458 1518 10 1251 
1669927754 1471 1510 11 1235 
1669927756 1437 1513 8 1174 
1669927758 1482 1526 10 1234 
1669927760 1450 1527 9 1263 
1669927762 1454 1524 13 1106 
1669927764 1448 1526 13 1236 
1669927766 1363 1515 10 1241 
1669927768 1437 1524 10 1193 
1669927770 1443 1522 8 1254 
1669927772 1493 1546 10 1214 
1669927774 1462 1531 8 1230 
1669927776 1369 1525 9 1226 
1669927778 1436 1523 6 1283 
1669927780 1456 1521 9 1262 
1669927782 1455 1535 9 1266 
1669927784 1478 1523 10 1255 
1669927786 1487 1527 7 1260 
1669927788 1448 1531 11 1263 
1669927790 1453 1527 8 1278 
1669927792 1484 1525 10 1214 
1669927794 1380 1530 12 1171 
1669927796 1461 1525 11 1273 
1669927798 1471 1526 10 1194 
1669927800 1375 1531 8 1123 
1669927802 1442 1534 8 1251 
1669927804 1477 1523 8 1293 
1669927806 1442 1518 8 1184 
1669927808 1442 1523 9 1263 
1669927810 1463 1530 7 1289 
1669927812 1462 1530 9 1193 
1669927814 1386 1523 13 1264 
1669927816 1411 1532 10 1281 
1669927818 1435 1528 12 1292 
1669927820 1389 1528 10 1294 
1669927822 1465 1526 10 1290 
1669927824 1471 1513 9 1195 
1669927826 1458 1525 13 1175 
1669927828 1469 1521 8 1170 
1669927830 1449 1528 10 1153 
1669927832 1448 1526 9 1171 
1669927834 1437 1528 13 1229 
1669927836 1444 1524 9 1092 
1669927838 1462 1513 12 1226 
1669927840 1468 1527 9 1183 
1669927842 1448 1462 10 1225 
1669927844 1478 1522 12 1272 
1669927846 1465 1514 9 1180 
1669927848 1362 1529 10 1240 
1669927850 1408 1527 6 1261 
1669927852 1437 1509 8 1195 
1669927854 1418 1521 11 1148 
1669927856 1376 1513 9 1219 
1669927858 1411 1526 12 1168 
1669927860 1454 1524 7 1244 
1669927862 1391 1514 11 1173 
1669927864 1441 1524 13 1224 
1669927866 1458 1541 9 1184 
1669927868 1440 1513 9 1179 
1669927870 1455 1519 9 1257 
1669927872 1296 1531 12 1232 
1669927874 1413 1524 8 1177 
1669927876 1424 1522 10 1162 
1669927878 1451 1525 8 1252 
1669927880 1406 1522 9 1278 
1669927882 1467 1526 9 1244 
1669927884 1311 1517 11 1242 
1669927886 1392 1525 10 1258 
1669927888 1434 1518 8 1268 
1669927890 1435 1525 9 1256 
1669927892 1439 1532 10 1284 
1669927894 1491 1523 10 1286 
1669927896 1465 1535 8 1293 
1669927898 1440 1533 8 1285 
1669927900 1455 1527 11 1271 
1669927902 1374 1522 11 1190 
1669927904 1261 1524 9 1240 
1669927906 1412 1524 7 1249 
1669927908 1454 1526 10 1249 
1669927910 1455 1526 9 1250 
1669927912 1467 1515 10 1296 
1669927914 1367 1532 12 1169 
1669927916 1366 1518 8 1242 
1669927918 1453 1518 9 1193 
1669927920 1430 1524 10 1230 
1669927922 1465 1521 11 1269 
1669927924 1383 1521 11 1179 
1669927926 1457 1519 10 1242 
1669927928 1477 1526 9 1279 
1669927930 1472 1527 10 1288 
1669927932 1479 1530 8 1306 
1669927934 1462 1525 9 1300 
1669927936 1402 1523 12 1293 
1669927938 1458 1518 11 1281 
1669927940 1475 1522 11 1296 
1669927942 1491 1519 9 1194 
1669927944 1452 1524 10 1169 
1669927946 1437 1498 10 1222 
1669927948 1446 1527 10 1248 
1669927950 1380 1523 11 1254 
1669927952 1428 1509 10 1286 
1669927954 1460 1520 8 1268 
1669927956 1376 1518 9 1181 
1669927958 1445 1509 8 1173 
1669927960 1387 1521 7 1235 
1669927962 1355 1519 11 1234 
1669927964 1315 1509 9 1239 
1669927966 1418 1515 10 1284 
1669927968 1418 1515 8 1299 
1669927970 1451 1524 9 1289 
1669927972 1471 1519 9 1291 
1669927974 1472 1518 6 1305 
1669927976 1361 1524 9 1168 
1669927978 1432 1535 9 1088 
1669927980 1451 1493 9 1103 
1669927982 1461 1524 7 1215 
1669927984 1501 1512 8 1293 
1669927986 1470 1513 8 1104 
1669927988 1386 1524 6 1212 
1669927990 1449 1511 8 1162 
1669927992 1445 1520 10 1251 
1669927994 1479 1513 11 1192 
1669927996 1463 1518 10 1260 
1669927998 1468 1501 7 1180 
1669928000 1444 1529 8 1161 
1669928002 1489 1522 11 1254 
1669928004 1466 1520 10 1174 
1669928006 1370 1523 11 1147 
1669928008 1436 1525 9 1210 
1669928010 1470 1517 10 1239 
1669928012 1397 1520 12 1251 
1669928014 1371 1505 10 1242 
1669928016 1321 1513 11 1187 
1669928018 1418 1526 10 1255 
1669928020 1451 1524 9 1245 
1669928022 1468 1484 10 1261 
1669928024 1368 1529 10 1249 
1669928026 1418 1525 10 1291 
1669928028 1467 1513 9 1293 
1669928030 1477 1520 9 1196 
1669928032 1388 1523 11 1235 
1669928034 1456 1522 10 1296 
1669928036 1443 1527 8 1109 
1669928038 1455 1521 12 1246 
1669928040 1395 1527 11 1277 
1669928042 1454 1524 11 1206 
1669928044 1484 1525 8 1248 
1669928046 1455 1524 12 1250 
1669928048 1390 1516 9 1182 
1669928050 1435 1522 9 1247 
1669928052 1452 1524 10 1273 
1669928054 1475 1529 7 1282 
1669928056 1464 1525 10 1265 
1669928058 1480 1528 10 1275 
1669928060 1460 1498 10 1265 
1669928062 1433 1530 8 1248 
1669928064 1395 1523 9 1288 
1669928066 1444 1526 8 1287 
1669928068 1380 1513 10 1284 
1669928070 1266 1521 6 1194 
1669928072 1305 1517 8 1181 
1669928074 1392 1521 9 1147 
1669928076 1333 1521 11 1129 
1669928078 1423 1515 8 1237 
1669928080 1474 1518 10 1195 
1669928082 1453 1517 11 1243 
1669928084 1441 1518 10 1160 
1669928086 1462 1517 8 1249 
1669928088 1478 1507 8 1285 
1669928090 1469 1525 10 1262 
1669928092 1456 1520 10 1284 
1669928094 1361 1515 11 1266 
1669928096 1461 1518 8 1303 
1669928098 1424 1520 9 1272 
1669928100 1365 1519 12 1254 
1669928102 1417 1507 9 1183 
1669928104 1430 1522 10 1251 
1669928106 1457 1515 8 1166 
1669928108 1452 1518 8 1229 
1669928110 1457 1514 11 1266 
1669928112 1474 1524 9 1284 
1669928114 1478 1512 9 1297 
1669928116 1475 1525 6 1300 
1669928118 1453 1520 10 1286 
1669928120 1385 1503 12 1271 
1669928122 1348 1515 8 1257 
1669928124 1332 1517 8 1257 
1669928126 1395 1517 11 1186 
1669928128 1458 1508 10 1239 
1669928130 1448 1517 9 1265 
1669928132 1447 1510 11 1237 
1669928134 1440 1513 11 1252 
1669928136 1470 1510 9 1183 
1669928138 1363 1506 10 1157 
1669928140 1407 1505 11 1165 
1669928142 1445 1513 10 1239 
1669928144 1461 1499 9 1251 
1669928146 1464 1518 9 1252 
1669928148 1364 1516 10 1286 
1669928150 1436 1518 7 1256 
1669928152 1462 1503 12 1198 
1669928154 1445 1515 10 1260 
1669928156 1477 1516 7 1238 
1669928158 1383 1502 10 1164 
1669928160 1460 1508 8 1078 
1669928162 1373 1511 9 1168 
1669928164 1334 1496 10 1154 
1669928166 1335 1508 11 1206 
1669928168 1433 1512 7 1165 
1669928170 1435 1516 10 1155 
1669928172 1456 1515 10 1251 
1669928174 1469 1493 10 1271 
1669928176 1460 1523 7 1264 
1669928178 1463 1513 11 1233 
1669928180 1466 1510 10 1297 
1669928182 1449 1507 12 1271 
1669928184 1451 1522 11 1273 
1669928186 1487 1506 7 1289 
1669928188 1458 1509 7 1287 
1669928190 1465 1517 9 1272 
1669928192 1366 1514 9 1175 
1669928194 1429 1513 10 1252 
1669928196 1451 1510 8 1196 
1669928198 1454 1509 9 1252 
1669928200 1450 1512 9 1279 
1669928202 1370 1508 11 1287 
1669928204 1432 1507 10 1270 
1669928206 1434 1500 11 1272 
1669928208 1468 1506 10 1299 
1669928210 1475 1507 7 1188 
1669928212 1490 1502 6 1280 
1669928214 1315 1507 11 1271 
1669928216 1370 1502 11 1254 
1669928218 1430 1511 11 1172 
1669928220 1440 1509 10 1242 
1669928222 1365 1507 11 1230 
1669928224 1423 1514 10 1279 
1669928226 1452 1508 11 1193 
1669928228 1377 1508 7 1232 
1669928230 1449 1515 9 1246 
1669928232 1467 1507 12 1197 
1669928234 1386 1515 8 1246 
1669928236 1442 1503 12 1187 
1669928238 1427 1537 10 1247 
1669928240 1381 1507 12 1190 
1669928242 1435 1505 10 1252 
1669928244 1374 1502 12 1243 
1669928246 1439 1510 8 1261 
1669928248 1452 1512 13 1281 
1669928250 1483 1508 12 1127 
1669928252 1449 1513 10 1224 
1669928254 1459 1509 12 1261 
1669928256 1464 1514 12 1184 
1669928258 1439 1517 7 1165 
1669928260 1468 1514 7 1228 
1669928262 1430 1523 10 1254 
1669928264 1486 1515 9 1259 
1669928266 1480 1506 11 1292 
1669928268 1465 1522 8 1197 
1669928270 1461 1517 8 1187 
1669928272 1412 1510 11 1251 
1669928274 1355 1509 11 1265 
1669928276 1404 1517 12 1187 
1669928278 1441 1513 9 1266 
1669928280 1461 1521 9 1243 
1669928282 1491 1511 12 1250 
1669928284 1473 1524 8 1246 
1669928286 1404 1537 9 1250 
1669928288 1432 1526 11 1111 
1669928290 1443 1525 8 1219 
1669928292 1493 1513 10 1280 
1669928294 1397 1518 11 1183 
1669928296 1353 1517 5 1244 
1669928298 1368 1519 11 1187 
1669928300 1421 1511 10 1263 
1669928302 1450 1522 11 1278 
1669928304 1472 1512 9 1293 
1669928306 1465 1524 10 1276 
1669928308 1487 1516 8 1274 
1669928310 1459 1512 9 1194 
1669928312 1476 1523 8 1233 
1669928314 1478 1515 12 1181 
1669928316 1499 1523 11 1233 
1669928318 1479 1519 9 1247 
1669928320 1467 1540 11 1251 
1669928322 1506 1502 12 1291 
1669928324 1454 1504 10 1192 
1669928326 1461 1516 9 1227 
1669928328 1462 1512 7 1253 
1669928330 1433 1520 8 1266 
1669928332 1464 1518 7 1245 
1669928334 1449 1508 8 1253 
1669928336 1462 1525 10 1261 
1669928338 1453 1524 11 1262 
1669928340 1495 1514 10 1304 
1669928342 1390 1540 6 1256 
1669928344 1450 1526 10 1252 
1669928346 1374 1518 6 1256 
1669928348 1356 1501 8 1255 
1669928350 1431 1520 9 1184 
1669928352 1439 1517 7 1222 
1669928354 1393 1511 10 1267 
1669928356 1448 1511 8 1179 
1669928358 1460 1512 9 1267 
1669928360 1459 1525 5 1267 
1669928362 1475 1512 9 1180 
1669928364 1391 1519 10 1247 
1669928366 1456 1517 10 1183 
1669928368 1380 1517 9 1246 
1669928370 1430 1518 7 1246 
1669928372 1487 1522 6 1292 
1669928374 1383 1525 8 1289 
1669928376 1461 1496 10 1183 
1669928378 1437 1523 13 1235 
1669928380 1429 1520 11 1255 
1669928382 1456 1522 9 1252 
1669928384 1495 1511 8 1266 
1669928386 1457 1516 10 1253 
1669928388 1451 1526 12 1253 
1669928390 1485 1523 10 1283 
1669928392 1482 1521 10 1280 
1669928394 1490 1532 9 1243 
1669928396 1457 1520 10 1170 
1669928398 1471 1518 11 1163 
