1669928402 1430 1517 9 1135 
1669928405 1412 1515 8 1121 
1669928407 1358 1509 12 1239 
1669928409 1337 1519 8 1174 
1669928411 1416 1513 10 1244 
1669928413 1453 1513 10 1246 
1669928415 1472 1523 12 1174 
1669928417 1385 1519 10 1212 
1669928419 1353 1507 13 1242 
1669928421 1414 1523 8 1294 
1669928423 1364 1520 7 1176 
1669928425 1335 1509 8 1138 
1669928427 1399 1510 10 1244 
1669928429 1427 1513 11 1232 
1669928431 1466 1509 10 1250 
1669928433 1479 1512 10 1265 
1669928435 1455 1511 8 1194 
1669928437 1463 1517 15 1149 
1669928439 1470 1506 11 1177 
1669928441 1451 1519 12 1236 
1669928443 1463 1518 10 1249 
1669928445 1388 1476 8 1182 
1669928447 1446 1510 9 1156 
1669928449 1380 1516 10 1203 
1669928451 1409 1518 9 1232 
1669928453 1467 1506 12 1261 
1669928455 1448 1509 10 1266 
1669928457 1460 1508 8 1259 
1669928459 1476 1506 9 1273 
1669928461 1484 1512 9 1279 
1669928463 1456 1522 10 1277 
1669928465 1466 1509 9 1193 
1669928467 1363 1517 10 1210 
1669928469 1253 1520 7 1135 
1669928471 1372 1503 10 1165 
1669928473 1437 1516 9 1162 
1669928475 1441 1509 7 1219 
1669928477 1419 1519 9 1248 
1669928479 1478 1498 8 1271 
1669928481 1442 1518 12 1201 
1669928483 1390 1502 9 1174 
1669928485 1425 1509 9 1206 
1669928487 1436 1519 11 1168 
1669928489 1291 1517 10 1146 
1669928491 1376 1522 8 1240 
1669928493 1350 1518 8 1184 
1669928495 1438 1523 8 1165 
1669928497 1428 1512 11 1237 
1669928499 1460 1513 8 1292 
1669928501 1405 1511 11 1119 
1669928503 1340 1515 9 1192 
1669928505 1334 1510 9 1227 
1669928507 1416 1517 10 1196 
1669928509 1381 1506 11 1255 
1669928511 1446 1502 11 1289 
1669928513 1441 1522 12 1285 
1669928515 1454 1510 6 1266 
1669928517 1481 1539 11 1184 
1669928519 1299 1515 9 1213 
1669928521 1419 1520 7 1269 
1669928523 1461 1458 8 1264 
1669928525 1470 1509 8 1198 
1669928527 1473 1495 8 1236 
1669928529 1482 1520 11 1203 
1669928531 1479 1514 9 1261 
1669928533 1467 1514 10 1257 
1669928535 1472 1449 10 1296 
1669928537 1439 1513 7 1263 
1669928539 1472 1516 9 1209 
1669928541 1470 1501 8 1244 
1669928543 1345 1521 10 1249 
1669928545 1427 1507 12 1259 
1669928547 1449 1510 7 1280 
1669928549 1442 1521 10 1294 
1669928551 1470 1509 10 1268 
1669928553 1495 1522 11 1288 
1669928555 1466 1510 10 1296 
1669928557 1467 1520 9 1284 
1669928559 1388 1516 11 1260 
1669928561 1433 1492 10 1307 
1669928563 1349 1513 10 1280 
1669928565 1446 1510 11 1278 
1669928567 1439 1528 11 1199 
1669928569 1385 1509 10 1263 
1669928571 1448 1503 8 1196 
1669928573 1363 1517 9 1234 
1669928575 1330 1515 12 1268 
1669928577 1390 1514 10 1292 
1669928579 1458 1524 8 1310 
1669928581 1466 1508 12 1192 
1669928583 1461 1503 10 1269 
1669928585 1461 1521 10 1292 
1669928587 1401 1517 8 1177 
1669928589 1425 1536 7 1166 
1669928591 1355 1514 8 1235 
1669928593 1428 1513 7 1270 
1669928595 1443 1531 10 1285 
1669928597 1463 1517 10 1292 
1669928599 1494 1519 9 1303 
1669928601 1382 1523 8 1278 
1669928603 1421 1520 13 1266 
1669928605 1446 1512 10 1302 
1669928607 1467 1517 11 1202 
1669928609 1357 1525 7 1148 
1669928611 1415 1508 9 1240 
1669928613 1398 1506 10 1285 
1669928615 1410 1518 9 1255 
1669928617 1343 1449 6 1254 
1669928619 1350 1499 9 1277 
1669928621 1383 1522 10 1260 
1669928623 1409 1508 11 1275 
1669928625 1407 1521 8 1265 
1669928627 1435 1508 11 1269 
1669928629 1434 1510 8 1164 
1669928631 1421 1520 9 1211 
1669928633 1431 1516 8 1181 
1669928635 1460 1482 12 1228 
1669928637 1484 1510 9 1248 
1669928639 1484 1507 10 1196 
1669928641 1370 1496 10 1155 
1669928643 1400 1509 9 1245 
1669928645 1452 1513 11 1265 
1669928647 1468 1518 10 1262 
1669928649 1479 1509 10 1291 
1669928651 1389 1521 8 1281 
1669928653 1449 1503 9 1280 
1669928655 1459 1514 8 1254 
1669928657 1472 1513 8 1260 
1669928659 1491 1495 8 1110 
1669928661 1451 1520 10 1209 
1669928663 1477 1518 8 1284 
1669928665 1399 1515 9 1250 
1669928667 1454 1503 10 1302 
1669928669 1449 1514 9 1197 
1669928671 1432 1518 9 1229 
1669928673 1363 1516 8 1155 
1669928675 1322 1498 8 1203 
1669928677 1438 1518 9 1264 
1669928679 1399 1509 10 1265 
1669928681 1404 1512 6 1191 
1669928683 1421 1512 7 1255 
1669928685 1462 1506 12 1185 
1669928687 1387 1506 9 1255 
1669928689 1420 1518 10 1178 
1669928691 1370 1530 10 1248 
1669928693 1369 1509 10 1273 
1669928695 1407 1519 7 1182 
1669928697 1455 1520 8 1144 
1669928699 1362 1516 12 1209 
1669928701 1437 1514 10 1174 
1669928703 1395 1507 8 1166 
1669928705 1440 1504 9 1143 
1669928707 1469 1508 11 1241 
1669928709 1467 1515 10 1250 
1669928711 1486 1514 11 1257 
1669928713 1474 1446 9 1199 
1669928715 1450 1519 8 1158 
1669928717 1471 1539 8 1246 
1669928719 1516 1503 11 1279 
1669928721 1487 1514 9 1248 
1669928723 1382 1515 9 1261 
1669928725 1424 1507 10 1288 
1669928727 1467 1511 8 1211 
1669928729 1380 1445 12 1259 
1669928731 1437 1517 10 1261 
1669928733 1462 1503 8 1275 
1669928735 1432 1521 11 1242 
1669928737 1461 1510 12 1270 
1669928739 1400 1510 6 1196 
1669928741 1412 1518 10 1162 
1669928743 1454 1538 8 1241 
1669928745 1380 1508 7 1250 
1669928747 1336 1518 11 1152 
1669928749 1423 1506 9 1146 
1669928751 1348 1508 9 1205 
1669928753 1382 1502 9 1244 
1669928755 1432 1515 12 1164 
1669928757 1460 1505 12 1141 
1669928759 1461 1512 12 1207 
1669928761 1439 1518 10 1235 
1669928763 1434 1514 8 1279 
1669928765 1449 1509 9 1193 
1669928767 1447 1502 12 1239 
1669928769 1363 1514 10 1253 
1669928771 1431 1515 8 1262 
1669928773 1311 1517 7 1273 
1669928775 1386 1515 9 1106 
1669928777 1426 1515 10 1221 
1669928779 1466 1507 11 1271 
1669928781 1470 1515 10 1301 
1669928783 1478 1513 8 1296 
1669928785 1456 1512 8 1117 
1669928787 1455 1505 9 1237 
1669928789 1468 1513 11 1170 
1669928791 1393 1509 7 1143 
1669928793 1425 1512 10 1216 
1669928795 1453 1511 8 1177 
1669928797 1439 1506 10 1228 
1669928799 1447 1510 11 1252 
1669928801 1366 1509 10 1253 
1669928803 1450 1511 11 1200 
1669928805 1352 1505 11 1240 
1669928807 1363 1509 9 1272 
1669928809 1440 1511 10 1267 
1669928811 1430 1513 10 1287 
1669928813 1427 1511 10 1299 
1669928815 1449 1515 9 1286 
1669928817 1485 1504 9 1305 
1669928819 1468 1504 11 1284 
1669928821 1465 1510 10 1292 
1669928823 1449 1507 10 1293 
1669928825 1468 1490 11 1199 
1669928827 1383 1508 11 1238 
1669928829 1437 1514 9 1206 
1669928831 1466 1524 10 1254 
1669928833 1384 1510 13 1260 
1669928835 1432 1519 11 1254 
1669928837 1456 1504 7 1280 
1669928839 1475 1531 11 1198 
1669928841 1382 1504 7 1239 
1669928843 1427 1502 8 1274 
1669928845 1370 1497 9 1267 
1669928847 1415 1512 7 1279 
1669928849 1459 1501 9 1201 
1669928851 1458 1508 9 1232 
1669928853 1487 1504 8 1189 
1669928855 1474 1511 12 1245 
1669928857 1450 1509 7 1266 
1669928859 1450 1512 12 1264 
1669928861 1469 1510 10 1293 
1669928863 1466 1504 14 1297 
1669928865 1485 1501 9 1294 
1669928867 1465 1487 14 1296 
1669928869 1485 1500 12 1307 
1669928871 1445 1508 9 1293 
1669928873 1455 1503 11 1258 
1669928875 1367 1511 12 1253 
1669928877 1454 1500 9 1274 
1669928879 1387 1496 11 1201 
1669928881 1378 1507 9 1150 
1669928883 1440 1508 8 1223 
1669928885 1433 1493 13 1161 
1669928887 1466 1503 11 1220 
1669928889 1469 1487 11 1171 
1669928891 1491 1509 9 1161 
1669928893 1464 1512 7 1195 
1669928895 1499 1488 11 1270 
1669928897 1452 1510 11 1229 
1669928899 1462 1495 9 1174 
1669928901 1461 1483 8 1135 
1669928903 1378 1497 13 1228 
1669928905 1445 1492 10 1246 
1669928907 1498 1506 10 1193 
1669928909 1462 1497 10 1243 
1669928911 1385 1496 10 1283 
1669928913 1420 1502 8 1168 
1669928915 1443 1503 10 1266 
1669928917 1349 1480 7 1239 
1669928919 1337 1502 11 1279 
1669928921 1390 1508 13 1276 
1669928923 1379 1497 7 1179 
1669928925 1426 1498 9 1156 
1669928927 1434 1507 10 1249 
1669928929 1457 1492 11 1172 
1669928931 1448 1492 10 1145 
1669928933 1467 1493 10 1252 
1669928935 1478 1496 9 1280 
1669928937 1462 1500 9 1281 
1669928939 1463 1500 9 1109 
1669928941 1453 1502 7 1198 
1669928943 1454 1508 11 1247 
1669928945 1457 1506 12 1270 
1669928947 1502 1499 10 1208 
1669928949 1381 1506 9 1230 
1669928951 1430 1507 10 1275 
1669928953 1448 1499 9 1267 
1669928955 1435 1484 9 1203 
1669928957 1445 1505 9 1145 
1669928959 1443 1503 9 1173 
1669928961 1429 1507 9 1219 
1669928963 1482 1496 9 1100 
1669928965 1415 1500 8 1204 
1669928967 1410 1509 8 1160 
1669928969 1436 1505 10 1258 
1669928971 1465 1495 10 1287 
1669928973 1467 1506 8 1203 
1669928975 1488 1499 12 1154 
1669928977 1394 1497 12 1254 
1669928979 1379 1491 10 1270 
1669928981 1436 1501 9 1269 
1669928983 1432 1499 9 1284 
1669928985 1348 1494 8 1187 
1669928987 1427 1506 11 1235 
1669928989 1449 1507 9 1229 
1669928991 1451 1498 9 1267 
1669928993 1453 1498 10 1300 
1669928995 1474 1502 8 1289 
1669928997 1477 1506 9 1292 
1669928999 1442 1500 9 1272 
1669929001 1458 1493 9 1268 
1669929003 1384 1503 10 1190 
1669929005 1349 1504 9 1153 
1669929007 1416 1507 8 1158 
1669929009 1445 1505 10 1162 
1669929011 1447 1507 10 1135 
1669929013 1445 1498 12 1217 
1669929015 1364 1504 8 1145 
1669929017 1442 1499 12 1249 
1669929019 1469 1505 12 1174 
1669929021 1459 1509 8 1160 
1669929023 1388 1502 9 1222 
1669929025 1367 1496 9 1253 
1669929027 1439 1502 10 1284 
1669929029 1365 1507 8 1271 
1669929031 1349 1499 7 1284 
1669929033 1435 1530 11 1265 
1669929035 1426 1505 8 1283 
1669929037 1363 1499 11 1196 
1669929039 1410 1498 11 1224 
1669929041 1435 1509 11 1265 
1669929043 1458 1499 10 1293 
1669929045 1476 1494 9 1193 
1669929047 1484 1512 8 1272 
1669929049 1404 1508 7 1276 
1669929051 1445 1510 10 1268 
1669929053 1463 1503 9 1305 
1669929055 1449 1507 10 1265 
1669929057 1467 1498 10 1282 
1669929059 1363 1511 8 1290 
1669929061 1425 1505 10 1301 
1669929063 1432 1502 9 1281 
1669929065 1462 1502 10 1282 
1669929067 1476 1498 11 1280 
1669929069 1386 1507 9 1236 
1669929071 1438 1505 11 1167 
1669929073 1448 1500 11 1145 
1669929075 1443 1502 10 1240 
1669929077 1484 1496 10 1282 
1669929079 1482 1506 9 1175 
1669929081 1481 1500 9 1237 
1669929083 1495 1501 10 1180 
1669929085 1523 1499 9 1253 
1669929087 1469 1503 10 1253 
1669929089 1456 1508 11 1175 
1669929091 1485 1502 11 1253 
1669929093 1470 1503 8 1286 
1669929095 1491 1499 10 1288 
1669929097 1479 1510 8 1176 
1669929099 1386 1503 8 1069 
1669929101 1419 1511 10 1124 
1669929103 1448 1508 6 1246 
1669929105 1453 1508 9 1233 
1669929107 1459 1505 10 1186 
1669929109 1460 1501 8 1264 
1669929111 1416 1503 7 1195 
1669929113 1430 1509 10 1248 
1669929115 1394 1499 10 1289 
1669929117 1449 1505 8 1297 
1669929119 1450 1506 8 1272 
1669929121 1356 1506 13 1257 
1669929123 1356 1503 8 1264 
1669929125 1345 1507 10 1250 
1669929127 1412 1530 9 1193 
1669929129 1364 1502 6 1162 
1669929131 1416 1502 8 1140 
1669929133 1341 1501 9 1206 
1669929135 1406 1506 8 1249 
1669929137 1366 1503 12 1278 
1669929139 1322 1509 14 1289 
1669929141 1400 1505 12 1315 
1669929143 1429 1499 11 1200 
1669929145 1466 1521 6 1213 
1669929147 2103 1849 4 1930 
1669929149 2027 4 4 175 
1669929151 8 17 10 0 
1669929153 13 7 12 0 
1669929155 12 9 11 0 
1669929157 285 249 3 510 
1669929159 1158 384 7 1889 
1669929161 854 1455 6 858 
1669929163 1337 1666 4 1124 
1669929165 1852 1867 4 1309 
1669929167 2537 1841 9 1858 
1669929169 1107 1253 4 2222 
1669929171 3509 3463 6 3369 
1669929173 1825 2068 2 541 
1669929175 707 684 4 1841 
1669929177 3646 2817 7 2797 
1669929179 560 712 7 927 
1669929181 3581 3518 7 3545 
1669929183 1375 982 3 550 
1669929185 2406 2011 1 1739 
1669929187 548 577 2 1184 
1669929189 1272 525 3 532 
1669929191 2239 2791 1 2109 
1669929193 545 1750 5 1232 
1669929195 3235 2691 3 3320 
1669929197 3705 3482 9 3710 
1669929199 538 2064 2 2782 
1669929201 2037 2400 4 1495 
1669929203 544 1815 3 2412 
1669929205 3507 1434 5 562 
1669929207 3026 2796 6 3310 
1669929209 3097 2225 4 2170 
1669929211 593 606 5 841 
1669929213 537 365 2 481 
1669929215 469 742 2 626 
1669929217 3381 2562 4 2065 
1669929219 1192 645 6 898 
1669929221 576 511 5 625 
1669929223 3586 1678 8 886 
1669929225 3602 3140 6 3492 
1669929227 1009 1620 5 1062 
1669929229 1896 2216 6 1968 
1669929231 1904 2345 3 2354 
1669929233 1405 1956 4 2080 
1669929235 1084 963 5 929 
1669929237 2982 2923 2 3352 
1669929239 1974 2080 6 2163 
1669929241 1798 1614 4 1394 
1669929243 3121 2328 6 1925 
1669929245 3088 2033 6 899 
1669929247 442 1685 1 1404 
1669929249 1948 1303 5 1426 
1669929251 787 1963 5 2570 
1669929253 796 1487 5 1562 
1669929255 2094 2052 4 1877 
1669929257 2160 1992 5 1852 
1669929259 697 895 7 785 
1669929261 1921 1539 6 1427 
1669929263 2988 2210 2 1804 
1669929265 1104 1748 6 1618 
1669929267 2427 2273 6 1996 
1669929269 1041 1451 4 1302 
1669929271 534 2134 4 1876 
1669929273 510 1636 9 1493 
1669929275 1093 1090 7 1623 
1669929277 3529 3320 6 3449 
1669929279 1994 3123 10 3631 
1669929281 676 671 6 1198 
1669929283 1968 2128 8 2432 
1669929285 3282 2861 3 3017 
1669929287 1047 597 5 916 
1669929289 2332 2611 5 1212 
1669929291 586 558 2 668 
1669929293 629 735 6 770 
1669929295 781 864 5 831 
1669929297 810 1176 4 911 
1669929299 801 1185 5 853 
1669929301 1156 1300 6 1328 
1669929303 1321 1466 7 1578 
1669929305 1209 1446 4 1042 
1669929307 1344 1253 4 1281 
1669929309 1175 1302 6 882 
1669929311 1264 1469 5 1196 
1669929313 1168 1201 5 1013 
1669929315 1538 1776 2 1835 
1669929317 1505 1737 6 1705 
1669929319 1396 1568 6 1380 
1669929321 1290 1288 3 1067 
1669929323 1457 1559 5 1229 
1669929325 1419 1307 4 1144 
1669929327 1498 1581 5 1368 
1669929329 1518 1625 5 1295 
1669929331 1425 1370 5 1162 
1669929333 1493 1677 4 1550 
1669929335 1847 1790 4 2149 
1669929337 1224 1277 4 863 
1669929339 1390 1347 4 1098 
1669929341 1694 1838 4 1760 
1669929343 1437 1636 1 1514 
1669929345 1409 1573 6 1315 
1669929347 1367 1259 5 1124 
1669929349 1434 1340 7 1156 
1669929351 2127 1975 6 2596 
1669929353 1064 1129 4 607 
1669929355 1593 1613 4 1688 
1669929357 1583 1504 5 1552 
1669929359 1303 1417 3 1190 
1669929361 1454 1547 4 1479 
1669929363 1627 1643 4 1682 
1669929365 1407 1451 4 1183 
1669929367 1198 1335 8 876 
1669929369 1329 1498 7 1127 
1669929371 1462 1388 4 1203 
1669929373 1532 1707 4 1476 
1669929375 1930 1979 5 2119 
1669929377 1438 1330 6 1292 
1669929379 1479 1443 5 1486 
1669929381 1335 1262 6 1061 
1669929383 1509 1603 6 1351 
1669929385 1573 1632 5 1369 
1669929387 1502 1619 5 1244 
1669929389 1314 1419 5 970 
1669929391 1408 1597 3 1166 
1669929393 1522 1374 4 1241 
1669929395 1482 1563 3 1238 
1669929397 1427 1584 5 1310 
1669929399 1413 1383 3 1342 
1669929401 1356 1561 5 1260 
1669929403 1447 1666 4 1422 
1669929405 1401 1494 5 1323 
1669929407 1428 1597 4 1195 
1669929409 1429 1558 5 1180 
1669929411 1450 1651 6 1382 
1669929413 1533 1650 5 1308 
1669929415 1506 1608 4 1328 
1669929417 1430 1628 4 1259 
1669929419 1455 1620 6 1229 
1669929421 1391 1518 4 1201 
1669929423 1495 1620 7 1320 
1669929425 1454 1568 3 1169 
1669929427 1519 1642 4 1332 
1669929429 1390 1478 4 1208 
1669929431 1578 1667 6 1514 
1669929433 1451 1640 3 1323 
1669929435 1401 1576 3 1209 
1669929437 1275 1573 5 1099 
1669929439 1476 1569 5 1127 
1669929441 1549 1661 4 1397 
1669929443 1507 1529 4 1229 
1669929445 1225 1264 4 634 
1669929447 861 654 4 661 
1669929449 1820 1817 6 2302 
1669929451 1882 1901 4 2409 
1669929453 1621 1631 3 1808 
1669929455 1404 1538 5 1430 
1669929457 1385 1555 5 1357 
1669929459 1492 1597 6 1327 
1669929461 1512 1642 2 1441 
1669929463 1616 1529 5 1679 
1669929465 1418 1622 5 1390 
1669929467 1278 1241 5 820 
1669929469 1296 1476 8 1033 
1669929471 1496 1554 7 1269 
1669929473 1585 1513 4 1515 
1669929475 1526 1525 6 1270 
1669929477 1525 1403 5 1132 
1669929479 1527 1449 6 1315 
1669929481 1512 1644 5 1322 
1669929483 1530 1485 8 1342 
1669929485 1436 1546 4 1234 
1669929487 1378 1440 6 1289 
1669929489 1475 1641 6 1321 
1669929491 1326 1594 5 1209 
1669929493 1413 1624 4 1299 
1669929495 1453 1474 5 1226 
1669929497 1384 1440 5 1057 
1669929499 1625 1542 3 1560 
1669929501 1040 1244 7 681 
1669929503 1467 1675 7 1260 
1669929505 1696 1787 6 1739 
1669929507 1449 1411 4 1276 
1669929509 1547 1562 6 1380 
1669929511 1535 1522 2 1381 
1669929513 1672 1740 4 1654 
1669929515 1629 1668 6 1548 
1669929517 1446 1373 6 1208 
1669929519 1367 1452 4 842 
1669929521 1486 1515 6 1199 
1669929523 1555 1619 6 1315 
1669929525 1518 1642 5 1335 
1669929527 1414 1465 7 1326 
1669929529 1467 1548 4 1325 
1669929531 1451 1406 5 1334 
1669929533 1513 1588 6 1333 
1669929535 1504 1588 6 1146 
1669929537 1493 1436 3 1248 
1669929539 1521 1483 4 1334 
1669929541 1515 1657 6 1331 
1669929543 1491 1624 3 1297 
1669929545 1483 1635 6 1339 
1669929547 1499 1614 6 1343 
1669929549 1513 1610 4 1222 
1669929551 1428 1596 5 1288 
1669929553 1453 1649 5 1345 
1669929555 1501 1482 5 1245 
1669929557 1485 1625 4 1193 
1669929559 1505 1471 8 1282 
1669929561 1438 1554 7 1290 
1669929563 1413 1604 4 1214 
1669929565 1480 1625 4 1285 
1669929567 1498 1636 6 1226 
1669929569 1551 1652 5 1359 
1669929571 1420 1618 4 1324 
1669929573 1431 1472 6 1387 
1669929575 1487 1639 4 1320 
1669929577 1337 1467 6 1234 
1669929579 1446 1460 6 1276 
1669929581 1523 1407 4 1363 
1669929583 1556 1666 6 1368 
1669929585 1527 1663 4 1330 
1669929587 1436 1462 4 1237 
1669929589 1447 1615 4 1077 
1669929591 1460 1502 5 1105 
1669929593 1554 1464 7 1280 
1669929595 1536 1550 6 1359 
1669929597 1429 1562 5 1337 
1669929599 1448 1492 4 1289 
1669929601 1466 1556 5 1302 
1669929603 1514 1524 5 1359 
1669929605 1530 1436 8 1431 
1669929607 1481 1346 5 1104 
1669929609 1208 1214 6 787 
1669929611 1692 1707 6 1673 
1669929613 1893 2051 7 2424 
1669929615 1517 1447 6 1370 
1669929617 1481 1414 4 1270 
1669929619 1449 1411 7 1232 
1669929621 1446 1306 6 1323 
1669929623 1497 1582 3 1378 
1669929625 1498 1614 3 1250 
1669929627 1503 1675 5 1374 
1669929629 1379 1350 5 1262 
1669929631 1392 1583 6 1250 
1669929633 1369 1447 4 1203 
1669929635 1493 1642 4 1224 
1669929637 1433 1633 5 1309 
1669929639 1502 1622 4 1343 
1669929641 1514 1648 7 1270 
1669929643 1529 1392 6 1318 
1669929645 1515 1590 4 1263 
1669929647 1530 1538 6 1303 
1669929649 1532 1368 7 1271 
1669929651 1466 1569 5 1271 
1669929653 1515 1609 6 1340 
1669929655 1404 1612 4 1120 
1669929657 1262 1399 5 987 
1669929659 1569 1627 4 1440 
1669929661 1550 1605 5 1649 
1669929663 1465 1642 6 1302 
1669929665 1466 1648 5 1331 
1669929667 1495 1634 5 1310 
1669929669 1554 1604 5 1318 
1669929671 1517 1566 6 1195 
1669929673 1497 1573 3 1277 
1669929675 1503 1580 7 1290 
1669929677 1486 1415 5 1194 
1669929679 1405 1506 6 1261 
1669929681 1516 1585 5 1362 
1669929683 1518 1638 2 1347 
1669929685 1523 1627 4 1343 
1669929687 1521 1595 8 1326 
1669929689 1527 1447 8 1340 
1669929691 1521 1629 3 1289 
1669929693 1508 1587 5 1231 
1669929695 1541 1646 6 1303 
1669929697 1524 1409 5 1309 
1669929699 1287 1391 2 854 
1669929701 1651 1701 5 1397 
1669929703 1544 1562 5 1335 
1669929705 1550 1631 6 1289 
1669929707 1491 1571 4 1128 
1669929709 1431 1570 6 1246 
1669929711 1509 1625 4 1340 
1669929713 1459 1492 3 1362 
1669929715 1448 1409 3 1115 
1669929717 1430 1635 6 1298 
1669929719 1516 1586 8 1375 
1669929721 1403 1357 4 1247 
1669929723 1469 1432 3 1324 
1669929725 1135 1109 7 601 
1669929727 1644 1587 5 1504 
1669929729 1629 1822 5 1702 
1669929731 1503 1491 5 1434 
1669929733 1438 1424 6 1177 
1669929735 1303 1353 4 1097 
1669929737 1428 1608 4 1226 
1669929739 1503 1608 5 1209 
1669929741 1481 1619 4 1118 
1669929743 1469 1428 5 1245 
1669929745 1459 1601 4 1229 
1669929747 1480 1385 5 1311 
1669929749 1489 1427 4 1143 
1669929751 1476 1515 6 1215 
1669929753 1562 1630 5 1378 
1669929755 1571 1624 5 1370 
1669929757 1486 1589 4 1159 
1669929759 1501 1637 5 1317 
1669929761 1534 1666 4 1284 
1669929763 1451 1436 6 1222 
1669929765 1503 1442 6 1325 
1669929767 1775 1868 2 1746 
1669929769 1380 1363 6 1040 
1669929771 1319 1450 4 859 
1669929773 1479 1417 5 1224 
1669929775 1571 1510 2 1401 
1669929777 1532 1639 6 1352 
1669929779 1422 1632 5 1305 
1669929781 1526 1566 6 1357 
1669929783 1464 1609 5 1283 
1669929785 1549 1523 3 1352 
1669929787 1437 1398 7 1254 
1669929789 1495 1449 6 1286 
1669929791 1511 1631 5 1314 
1669929793 1525 1438 4 1317 
1669929795 1516 1627 4 1192 
1669929797 1412 1475 6 1233 
1669929799 1495 1622 3 1243 
1669929801 1512 1643 6 1312 
1669929803 1429 1627 5 1224 
1669929805 1487 1644 8 1343 
1669929807 1493 1537 4 1280 
1669929809 1493 1600 4 1298 
1669929811 1473 1437 5 1281 
1669929813 1439 1613 4 1252 
1669929815 1467 1640 5 1290 
1669929817 1507 1472 6 1299 
1669929819 1521 1624 5 1330 
1669929821 1518 1618 4 1315 
1669929823 1481 1624 6 1330 
1669929825 1513 1608 3 1240 
1669929827 1415 1457 4 1209 
1669929829 1460 1463 5 1271 
1669929831 1463 1472 4 1295 
1669929833 1485 1404 7 1314 
1669929835 1476 1478 5 1297 
1669929837 1519 1591 3 1364 
1669929839 1427 1566 5 1241 
1669929841 1466 1610 7 1291 
1669929843 1466 1607 4 1326 
1669929845 1456 1433 5 1248 
1669929847 1420 1472 5 1176 
1669929849 1399 1640 6 1269 
1669929851 1472 1663 5 1278 
1669929853 1466 1557 8 1288 
1669929855 1409 1437 6 1241 
1669929857 1480 1534 2 1196 
1669929859 1490 1583 5 1235 
1669929861 1506 1600 7 1278 
1669929863 1501 1427 6 1199 
1669929865 1480 1619 5 1185 
1669929867 1514 1635 4 1329 
1669929869 1423 1620 3 1319 
1669929871 1464 1650 6 1310 
1669929873 1431 1467 5 1337 
1669929875 1484 1634 4 1240 
1669929877 1384 1425 8 1274 
1669929879 1476 1513 5 1212 
1669929881 1504 1328 8 1283 
1669929883 1480 1597 6 1329 
1669929885 1495 1580 4 1316 
1669929887 1506 1640 1 1266 
1669929889 1523 1440 3 1275 
1669929891 1493 1533 6 1299 
1669929893 1558 1481 5 1444 
1669929895 1316 1521 6 1175 
1669929897 1450 1370 4 1140 
1669929899 1473 1577 4 1248 
1669929901 1398 1327 4 1048 
1669929903 1503 1453 6 1069 
1669929905 1550 1705 5 1431 
1669929907 1509 1656 4 1321 
1669929909 1510 1474 3 1284 
1669929911 1527 1631 4 1253 
1669929913 1414 1623 5 1275 
1669929915 1438 1332 4 1071 
1669929917 1486 1607 5 1213 
1669929919 1515 1625 3 1295 
1669929921 1474 1599 7 1283 
1669929923 1510 1486 6 1301 
1669929925 1487 1529 6 1244 
1669929927 1514 1633 6 1344 
1669929929 1400 1600 3 1284 
1669929931 1488 1487 4 1229 
1669929933 1517 1617 5 1298 
1669929935 1525 1464 7 1326 
1669929937 1532 1637 9 1312 
1669929939 1522 1472 4 1319 
1669929941 1523 1622 5 1289 
1669929943 1534 1472 4 1329 
1669929945 1526 1497 6 1277 
1669929947 1463 1585 3 1143 
1669929949 1485 1428 5 1247 
1669929951 1486 1490 5 1243 
1669929953 1462 1622 7 1189 
1669929955 1470 1635 5 1241 
1669929957 1509 1646 5 1299 
1669929959 1507 1639 8 1301 
1669929961 1486 1618 4 1213 
1669929963 1537 1505 6 1379 
1669929965 1513 1512 7 1393 
1669929967 1480 1629 5 1317 
1669929969 1451 1422 4 1188 
1669929971 1470 1613 5 1221 
1669929973 1400 1467 5 1243 
1669929975 1526 1696 6 1407 
1669929977 1410 1625 4 1330 
1669929979 1466 1659 4 1259 
1669929981 1492 1643 5 1192 
1669929983 1499 1648 5 1218 
1669929985 1511 1453 6 1196 
1669929987 1514 1562 3 1272 
1669929989 1520 1441 4 1162 
1669929991 1517 1498 5 1346 
1669929993 1532 1515 2 1391 
1669929995 1514 1675 3 1414 
1669929997 1475 1604 5 1204 
1669929999 1399 1587 3 1248 
1669930001 1484 1546 3 1296 
1669930003 1399 1413 6 1299 
1669930005 1441 1581 4 1189 
1669930007 1393 1419 4 1282 
1669930009 1410 1293 7 1263 
1669930011 1470 1576 6 1359 
1669930013 1400 1424 4 1208 
1669930015 1472 1467 4 1215 
1669930017 1468 1642 7 1283 
1669930019 1479 1488 6 1287 
1669930021 1502 1508 5 1303 
1669930023 1504 1383 5 1290 
1669930025 1490 1592 3 1316 
1669930027 1425 1588 7 1301 
1669930029 1491 1598 8 1329 
1669930031 1507 1620 7 1319 
1669930033 1507 1611 5 1319 
1669930035 1419 1583 5 1303 
1669930037 1490 1612 7 1222 
1669930039 1494 1442 7 1268 
1669930041 1529 1450 6 1321 
1669930043 1523 1600 3 1316 
1669930045 1520 1615 8 1318 
1669930047 1433 1462 2 1316 
1669930049 1477 1643 5 1142 
1669930051 1415 1626 4 1260 
1669930053 1390 1468 4 1201 
1669930055 1470 1638 5 1258 
1669930057 1500 1669 4 1316 
1669930059 1426 1624 5 1200 
1669930061 1502 1652 8 1294 
1669930063 1505 1462 7 1231 
1669930065 1504 1490 5 1301 
1669930067 1511 1648 5 1295 
1669930069 1506 1501 6 1333 
1669930071 1432 1644 3 1324 
1669930073 1476 1308 4 1284 
1669930075 1410 1485 4 1212 
1669930077 1450 1578 4 1263 
1669930079 1468 1614 4 1316 
1669930081 1499 1610 4 1236 
1669930083 1493 1629 5 1316 
1669930085 1521 1645 2 1165 
1669930087 1396 1582 5 1217 
1669930089 1461 1444 5 1295 
1669930091 1506 1643 6 1317 
1669930093 1496 1650 6 1255 
1669930095 1499 1485 4 1203 
1669930097 1484 1567 3 1247 
1669930099 1483 1574 5 1267 
1669930101 1490 1636 3 1322 
1669930103 1510 1630 3 1309 
1669930105 1516 1388 3 1329 
1669930107 1486 1590 4 1240 
1669930109 1500 1629 5 1307 
1669930111 1512 1617 4 1135 
1669930113 1527 1421 2 1287 
1669930115 1516 1655 5 1291 
1669930117 1510 1478 6 1310 
1669930119 1480 1453 5 1194 
1669930121 1421 1592 2 1279 
1669930123 1377 1460 5 1224 
1669930125 1395 1656 4 1281 
1669930127 1462 1584 8 1310 
1669930129 1502 1648 4 1363 
1669930131 1426 1463 5 1324 
1669930133 1443 1633 3 1269 
1669930135 1509 1663 7 1241 
1669930137 1492 1668 5 1204 
1669930139 1421 1464 5 1284 
1669930141 1470 1654 5 1291 
1669930143 1505 1495 5 1319 
1669930145 1524 1575 4 1286 
1669930147 1551 1474 4 1365 
1669930149 1494 1581 3 1309 
1669930151 1416 1612 4 1236 
1669930153 1437 1495 4 1292 
1669930155 1448 1642 5 1265 
1669930157 1497 1659 4 1235 
1669930159 1453 1616 6 1117 
1669930161 1503 1465 5 1174 
1669930163 1502 1473 4 1286 
1669930165 1520 1693 1 1284 
1669930167 1501 1646 4 1166 
1669930169 1459 1616 6 1238 
1669930171 1503 1620 6 1270 
1669930173 1496 1434 7 1327 
1669930175 1499 1444 4 1227 
1669930177 1483 1463 6 1320 
1669930179 1473 1536 4 1289 
1669930181 1466 1625 5 1306 
1669930183 1524 1471 5 1335 
1669930185 1584 1636 5 1477 
1669930187 1489 1571 5 1270 
1669930189 1420 1599 6 1273 
1669930191 1461 1529 6 1261 
1669930193 1466 1592 5 1317 
1669930195 1485 1599 4 1282 
1669930197 1501 1631 5 1234 
1669930199 1409 1458 6 1267 
1669930201 1492 1474 4 1262 
1669930203 1471 1630 4 1174 
1669930205 1505 1628 6 1197 
1669930207 1478 1641 4 1146 
1669930209 1430 1615 2 1248 
1669930211 1498 1402 7 1114 
1669930213 1419 1575 5 1208 
1669930215 1510 1624 5 1294 
1669930217 1515 1615 6 1297 
1669930219 1492 1458 6 1353 
1669930221 1519 1642 3 1313 
1669930223 1398 1628 4 1182 
1669930225 1490 1629 2 1290 
1669930227 1509 1632 6 1303 
1669930229 1518 1553 5 1317 
1669930231 1498 1428 3 1297 
1669930233 1447 1587 4 1151 
1669930235 1495 1608 4 1177 
1669930237 1539 1484 5 1291 
1669930239 1583 1519 6 1395 
1669930241 1555 1497 7 1381 
1669930243 1561 1671 4 1326 
1669930245 1446 1602 5 1210 
1669930247 1481 1461 8 1191 
1669930249 1501 1491 5 1267 
1669930251 1481 1483 5 1309 
1669930253 1401 1603 5 1281 
1669930255 1465 1616 5 1199 
1669930257 1374 1526 6 1241 
1669930259 1454 1438 4 1469 
1669930261 1510 1672 6 1486 
1669930263 1475 1478 5 1338 
1669930265 1497 1411 4 1377 
1669930267 1472 1369 6 1350 
1669930269 1459 1565 3 1328 
1669930271 1483 1418 5 1318 
1669930273 1504 1540 4 1312 
1669930275 1503 1586 3 1233 
1669930277 1516 1532 5 1288 
1669930279 1468 1491 5 1267 
1669930281 1482 1563 2 1194 
1669930283 1502 1350 5 1219 
1669930285 1500 1585 5 1262 
1669930287 1585 1686 2 1375 
1669930289 1375 1544 3 1115 
1669930291 1490 1378 4 1279 
1669930293 1496 1615 4 1311 
1669930295 1510 1452 7 1295 
1669930297 1497 1488 5 1212 
1669930299 1422 1591 6 1215 
1669930301 1488 1371 5 1244 
1669930303 1470 1422 5 1275 
1669930305 1408 1520 5 1070 
1669930307 1538 1482 4 1310 
1669930309 1544 1483 5 1321 
1669930311 1508 1483 4 1204 
1669930313 1423 1605 3 1157 
1669930315 1304 1603 3 1216 
1669930317 1370 1466 7 1283 
1669930319 1479 1465 7 1288 
1669930321 1491 1622 4 1215 
1669930323 1496 1409 6 1299 
1669930325 1492 1635 5 1140 
1669930327 1390 1605 5 1237 
1669930329 1473 1614 3 1273 
1669930331 1404 1360 8 1268 
1669930333 1386 1598 1 1318 
1669930335 1468 1405 5 1225 
1669930337 1488 1542 4 1301 
1669930339 1468 1418 5 1316 
1669930341 1521 1458 4 1256 
1669930343 1498 1384 5 1231 
1669930345 1511 1464 5 1185 
1669930347 1500 1462 5 1247 
1669930349 1402 1629 4 1253 
1669930351 1480 1648 8 1375 
1669930353 1520 1333 5 1370 
1669930355 1494 1582 3 1246 
1669930357 1418 1483 7 1172 
1669930359 1374 1576 4 1278 
1669930361 1489 1637 7 1306 
1669930363 1495 1479 4 1205 
1669930365 1490 1381 6 1265 
1669930367 1506 1457 7 1209 
1669930369 1489 1614 6 1282 
1669930371 1513 1597 7 1296 
1669930373 1481 1605 4 1213 
1669930375 1492 1518 3 1245 
1669930377 1503 1562 6 1268 
1669930379 1497 1427 7 1242 
1669930381 1491 1582 6 1288 
1669930383 1411 1341 6 1294 
1669930385 1289 1557 6 1250 
1669930387 1360 1503 4 1311 
1669930389 1456 1598 5 1218 
1669930391 1495 1621 4 1115 
1669930393 1511 1478 5 1276 
1669930395 1338 1607 5 1305 
1669930397 1360 1469 6 1323 
1669930399 1454 1464 4 1233 
1669930401 1473 1644 5 1317 
1669930403 1392 1531 3 1310 
1669930405 1479 1364 5 1312 
1669930407 1406 1526 7 1220 
1669930409 1391 1593 4 1316 
1669930411 1387 1453 3 1307 
1669930413 1460 1566 5 1221 
1669930415 1429 1535 7 1106 
1669930417 1481 1584 5 1216 
1669930419 1521 1609 3 1242 
1669930421 1503 1449 4 1251 
1669930423 1505 1602 4 1312 
1669930425 1482 1640 6 1228 
1669930427 1422 1617 6 1310 
1669930429 1399 1447 6 1235 
1669930431 1402 1650 7 1276 
1669930433 1453 1468 4 1221 
1669930435 1484 1530 7 1284 
1669930437 1462 1408 4 1182 
1669930439 1484 1628 4 1288 
1669930441 1418 1377 6 1193 
1669930443 1467 1555 6 1225 
1669930445 1538 1664 4 1381 
1669930447 1538 1521 6 1463 
1669930449 1516 1692 5 1417 
1669930451 1417 1618 6 1344 
1669930453 1433 1412 5 1228 
1669930455 1422 1585 3 1116 
1669930457 1521 1477 5 1269 
1669930459 1499 1431 8 1331 
1669930461 1453 1322 4 1248 
1669930463 1505 1628 4 1264 
1669930465 1407 1442 6 1286 
1669930467 1479 1645 4 1340 
1669930469 1509 1646 6 1328 
1669930471 1482 1606 5 1271 
1669930473 1491 1636 4 1219 
1669930475 1432 1446 4 1027 
1669930477 1522 1630 5 1323 
1669930479 1523 1641 4 1356 
1669930481 1421 1593 2 1316 
1669930483 1476 1595 7 1267 
1669930485 1461 1427 4 1186 
1669930487 1415 1626 5 1183 
1669930489 1380 1499 4 1028 
1669930491 1431 1634 5 1334 
1669930493 1472 1631 5 1333 
1669930495 1449 1443 3 1288 
1669930497 1402 1446 4 1312 
1669930499 1434 1353 3 1247 
1669930501 1471 1416 5 1312 
1669930503 1411 1588 6 1320 
1669930505 1482 1453 6 1345 
1669930507 1508 1529 6 1295 
1669930509 1515 1419 2 1315 
1669930511 1502 1634 1 1330 
1669930513 1506 1632 3 1306 
1669930515 1530 1644 2 1321 
1669930517 1473 1535 5 1399 
1669930519 1420 1569 4 1305 
1669930521 1430 1350 6 1263 
1669930523 1459 1546 5 1278 
1669930525 1389 1542 1 1225 
1669930527 1484 1612 3 1310 
1669930529 1527 1631 4 1324 
1669930531 1524 1653 3 1364 
1669930533 1390 1450 5 1299 
1669930535 1478 1651 4 1263 
1669930537 1450 1386 8 1278 
1669930539 1472 1609 4 1324 
1669930541 1535 1660 5 1395 
1669930543 1374 1474 5 1246 
1669930545 1416 1550 2 1252 
1669930547 1484 1445 4 1294 
1669930549 1499 1472 4 1228 
1669930551 1526 1634 6 1356 
1669930553 1413 1628 3 1273 
1669930555 1372 1605 6 1186 
1669930557 1395 1648 3 1314 
1669930559 1304 1277 7 900 
1669930561 1448 1501 4 1296 
1669930563 1533 1860 6 1754 
1669930565 1405 1434 5 1271 
1669930567 1436 1633 3 1285 
1669930569 1445 1576 6 1229 
1669930571 1537 1499 7 1410 
1669930573 1401 1526 5 1119 
1669930575 1500 1640 2 1361 
1669930577 1503 1588 7 1201 
1669930579 1521 1618 5 1305 
1669930581 1546 1496 4 1296 
1669930583 1370 1358 5 1012 
1669930585 1329 1520 5 1070 
1669930587 1401 1526 7 1111 
1669930589 1364 1485 5 981 
1669930591 1506 1493 4 1122 
1669930593 1609 1722 5 1311 
1669930595 1527 1462 8 1281 
1669930597 1510 1530 4 1269 
1669930599 1424 1429 5 1214 
1669930601 1351 1430 4 1204 
1669930603 1491 1494 5 1274 
1669930605 1474 1529 5 1139 
1669930607 1489 1437 5 1250 
1669930609 1655 1736 4 1543 
1669930611 1472 1455 5 1288 
1669930613 1498 1642 5 1325 
1669930615 1493 1478 5 1294 
1669930617 1502 1489 3 1282 
1669930619 1460 1522 7 1196 
1669930621 1495 1454 5 1219 
1669930623 1513 1654 6 1330 
1669930625 1523 1650 4 1388 
1669930627 1417 1612 6 1337 
1669930629 1487 1660 3 1292 
1669930631 1476 1637 6 1340 
1669930633 1431 1566 3 1108 
1669930635 1440 1468 3 1149 
1669930637 1510 1504 5 1323 
1669930639 1519 1429 4 1273 
1669930641 1507 1431 3 1280 
1669930643 1529 1616 5 1219 
1669930645 1524 1394 7 1207 
1669930647 1502 1478 2 1346 
1669930649 1515 1604 3 1282 
1669930651 1535 1660 5 1292 
1669930653 1424 1640 5 1317 
1669930655 1471 1495 5 1342 
1669930657 1461 1606 5 1220 
1669930659 1493 1611 6 1186 
1669930661 1520 1626 6 1293 
1669930663 1521 1630 5 1332 
1669930665 1578 1677 3 1433 
1669930667 1538 1692 3 1430 
1669930669 1419 1383 7 1226 
1669930671 1479 1608 3 1279 
1669930673 1491 1382 6 1331 
1669930675 1489 1607 2 1242 
1669930677 1519 1598 5 1271 
1669930679 1409 1619 4 1318 
1669930681 1397 1541 5 1239 
1669930683 1478 1598 4 1311 
1669930685 1495 1606 8 1229 
1669930687 1493 1605 5 1194 
1669930689 1502 1459 5 1302 
1669930691 1523 1640 5 1296 
1669930693 1437 1631 3 1303 
1669930695 1457 1455 5 1233 
1669930697 1493 1617 6 1315 
1669930699 1415 1459 5 1311 
1669930701 1484 1568 5 1329 
1669930703 1465 1583 5 1308 
1669930705 1516 1392 4 1349 
1669930707 1515 1603 6 1285 
1669930709 1508 1351 5 1305 
1669930711 1507 1603 5 1327 
1669930713 1517 1622 5 1339 
1669930715 1490 1396 5 1337 
1669930717 1481 1605 6 1309 
1669930719 1486 1612 5 1225 
1669930721 1414 1461 4 1185 
1669930723 1492 1390 6 1300 
1669930725 1485 1579 5 1293 
1669930727 1484 1626 5 1313 
1669930729 1512 1647 5 1246 
1669930731 1409 1631 5 1284 
1669930733 1398 1619 3 1312 
1669930735 1406 1463 4 1344 
1669930737 1478 1663 5 1260 
1669930739 1497 1398 4 1304 
1669930741 1418 1600 8 1301 
1669930743 1482 1636 5 1151 
1669930745 1387 1596 4 1242 
1669930747 1461 1411 7 1253 
1669930749 1416 1451 6 1280 
1669930751 1407 1422 5 1352 
1669930753 1379 1445 6 1235 
1669930755 1440 1484 6 1206 
1669930757 1396 1466 3 1175 
1669930759 1485 1642 4 1282 
1669930761 1502 1508 5 1296 
1669930763 1416 1656 5 1204 
1669930765 1462 1665 3 1196 
1669930767 1425 1679 5 1209 
1669930769 1478 1650 4 1314 
1669930771 1407 1641 6 1327 
1669930773 1371 1418 6 1287 
1669930775 1455 1459 4 1307 
1669930777 1488 1371 5 1325 
1669930779 1483 1609 4 1202 
1669930781 1479 1585 7 1199 
1669930783 1492 1462 3 1238 
1669930785 1552 1650 6 1354 
1669930787 1388 1372 4 1109 
1669930789 1248 1118 3 774 
1669930791 1542 1716 7 1478 
1669930793 1430 1566 3 1243 
1669930795 1341 1534 4 1103 
1669930797 1535 1680 6 1474 
1669930799 1523 1527 5 1504 
1669930801 1495 1518 6 1443 
1669930803 1474 1622 8 1341 
1669930805 1340 1301 5 1229 
1669930807 1390 1397 7 1245 
1669930809 1546 1523 5 1375 
1669930811 1369 1534 5 1124 
1669930813 1420 1490 4 1204 
1669930815 1642 1585 6 1658 
1669930817 1568 1601 5 1496 
1669930819 1500 1646 6 1337 
1669930821 1465 1548 5 1067 
1669930823 1385 1467 3 997 
1669930825 1405 1546 5 1204 
1669930827 1585 1697 6 1554 
1669930829 1648 1633 6 1683 
1669930831 1333 1444 6 991 
1669930833 1319 1381 3 913 
1669930835 1094 1008 5 652 
1669930837 1733 1743 3 2076 
1669930839 3585 3490 6 3276 
1669930841 2272 2133 6 663 
1669930843 3525 3327 6 3472 
1669930845 3125 718 6 1489 
1669930847 2867 543 4 839 
1669930849 2962 3004 6 1419 
1669930851 1151 2464 3 2663 
1669930853 1108 1956 4 1601 
1669930855 551 1618 5 1551 
1669930857 2857 1619 4 986 
1669930859 3585 978 7 618 
1669930861 2156 2053 5 2022 
1669930863 1137 1397 6 1929 
1669930865 2627 1796 4 1889 
1669930867 1125 1012 4 1184 
1669930869 2020 1552 4 1794 
1669930871 2816 2992 7 3313 
1669930873 3537 1984 6 2951 
1669930875 851 1089 6 1430 
1669930877 1338 1340 5 1597 
1669930879 1735 1399 4 1555 
1669930881 3372 2536 7 2538 
1669930883 566 561 7 736 
1669930885 680 1612 5 2542 
1669930887 2935 1711 6 1819 
1669930889 2649 1421 5 1396 
1669930891 2079 1479 7 1390 
1669930893 2647 1865 4 1617 
1669930895 2275 1788 4 1417 
1669930897 2118 1838 1 1574 
1669930899 1969 1703 5 1625 
1669930901 866 1394 6 1226 
1669930903 862 1310 5 1071 
1669930905 572 1131 4 908 
1669930907 2217 1972 7 2492 
1669930909 2128 1686 8 1767 
1669930911 2223 1335 4 1418 
1669930913 2558 1692 6 1620 
1669930915 1216 1478 6 1590 
1669930917 1795 1668 4 1416 
1669930919 1547 1453 5 894 
1669930921 2237 1039 6 1131 
1669930923 1870 1336 5 1169 
1669930925 2457 1731 6 1811 
1669930927 2088 1916 3 1841 
1669930929 1312 1207 5 1009 
1669930931 718 1312 3 1384 
1669930933 1197 1340 3 918 
1669930935 2210 1840 1 1263 
1669930937 2905 2085 4 2809 
1669930939 2893 2451 5 2796 
1669930941 1085 1225 4 1374 
1669930943 1543 1299 4 983 
1669930945 3481 3239 4 2236 
1669930947 1152 966 5 1398 
1669930949 3422 3034 2 1867 
1669930951 2651 2901 5 3033 
1669930953 3335 2208 4 2350 
1669930955 1776 1749 5 2338 
1669930957 2148 1656 8 1984 
1669930959 2813 2241 6 2305 
1669930961 1887 1813 5 1736 
1669930963 1589 1752 6 1324 
1669930965 1243 1827 5 2277 
1669930967 2498 1959 4 1670 
1669930969 2148 1293 4 989 
1669930971 3585 3197 6 3365 
1669930973 2444 2323 5 2370 
1669930975 1298 1528 6 1275 
1669930977 816 638 7 564 
1669930979 2284 1636 6 1369 
1669930981 3530 2808 4 3348 
1669930983 2169 2019 5 2230 
1669930985 1878 1868 7 1653 
1669930987 1612 1944 8 1582 
1669930989 2979 2837 5 2649 
1669930991 1054 1561 3 1636 
1669930993 638 1452 4 1359 
1669930995 2682 2372 4 2028 
1669930997 592 1021 5 542 
1669930999 1569 1720 5 2591 
1669931001 2429 2226 5 2365 
1669931003 1029 858 6 816 
1669931005 2095 1561 4 1253 
1669931007 2470 1905 5 1387 
1669931009 1527 1051 5 1427 
1669931011 550 1348 4 2315 
1669931013 1055 1623 3 1909 
1669931015 1222 1926 5 2473 
1669931017 1937 2039 4 1934 
1669931019 1883 1755 5 1532 
1669931021 1471 1585 5 1255 
1669931023 1062 1651 8 1449 
1669931025 541 552 2 571 
1669931027 1528 1143 4 1755 
1669931029 2446 2090 5 2415 
1669931031 3143 2691 4 2044 
1669931033 2108 2800 2 2729 
1669931035 1285 1610 5 1781 
1669931037 1038 1375 7 1257 
1669931039 1028 1293 4 1183 
1669931041 2796 1483 4 1257 
1669931043 1596 1347 6 1126 
1669931045 986 1181 6 1164 
1669931047 1156 1243 5 1193 
1669931049 1450 1579 4 1330 
1669931051 793 930 6 847 
1669931053 2579 1567 5 2074 
1669931055 3797 2952 10 2891 
1669931057 1363 2150 7 1482 
1669931059 719 1337 4 850 
1669931061 485 1021 4 1002 
1669931063 2222 1389 7 944 
1669931065 510 449 3 544 
1669931067 3542 2919 7 3296 
1669931069 654 1903 3 2611 
1669931071 576 1071 6 763 
1669931073 1226 1424 4 1853 
1669931075 1332 1410 5 2082 
1669931077 3579 3409 5 2668 
1669931079 1608 2213 2 2828 
1669931081 533 502 1 479 
1669931083 587 799 8 945 
1669931085 880 1302 6 1184 
1669931087 611 1246 7 1035 
1669931089 1467 1241 5 1128 
1669931091 1086 1152 5 1680 
1669931093 3091 1899 1 1670 
1669931095 1382 1370 6 1748 
1669931097 2769 1962 3 1879 
1669931099 825 1289 5 1297 
1669931101 1442 1084 6 697 
1669931103 716 1607 4 1842 
1669931105 2690 1955 8 2050 
1669931107 3402 1962 5 1932 
1669931109 2137 1173 6 1116 
1669931111 1552 1031 5 674 
1669931113 636 1064 5 641 
1669931115 3125 2394 6 3224 
1669931117 1316 1251 5 1473 
1669931119 1558 1783 5 2023 
1669931121 555 763 5 609 
1669931123 3570 1664 6 1542 
1669931125 626 1835 3 2035 
1669931127 1187 1225 6 1279 
1669931129 646 487 4 635 
1669931131 498 637 4 563 
1669931133 584 556 4 613 
1669931135 557 892 4 942 
1669931137 772 1027 3 752 
1669931139 575 904 4 584 
1669931141 900 1143 4 947 
1669931143 1161 1074 8 1088 
1669931145 1178 1457 5 1390 
1669931147 908 1289 5 1148 
1669931149 1106 1453 5 1230 
1669931151 1005 1115 4 1038 
1669931153 1351 1418 6 1187 
1669931155 1149 1426 6 1159 
1669931157 1228 862 5 1012 
1669931159 562 719 5 737 
1669931161 2791 2049 3 2185 
1669931163 1515 1617 4 1741 
1669931165 2612 1551 7 1670 
1669931167 1922 1645 3 1588 
1669931169 2598 1969 4 1730 
1669931171 1755 1622 4 1618 
1669931173 2859 2301 4 2586 
1669931175 1167 1226 4 967 
1669931177 1848 1553 6 1565 
1669931179 1685 1702 4 1629 
1669931181 552 741 3 1963 
1669931183 550 1145 5 2493 
1669931185 2081 1813 3 2188 
1669931187 1763 1905 5 2210 
1669931189 1666 1495 7 1300 
1669931191 2210 2051 4 2054 
1669931193 1877 1973 7 1960 
1669931195 855 1410 6 1696 
1669931197 620 2056 7 3033 
1669931199 1304 1654 4 941 
1669931201 566 1257 5 778 
1669931203 2291 2879 4 3371 
1669931205 2402 1608 7 805 
1669931207 2091 1592 6 1589 
1669931209 968 989 5 915 
1669931211 572 575 5 2280 
1669931213 576 778 4 1241 
1669931215 3562 3085 3 3380 
1669931217 538 690 5 712 
1669931219 2744 2477 4 2688 
1669931221 673 522 4 520 
1669931223 546 541 5 614 
1669931225 503 687 4 1049 
1669931227 613 992 3 1173 
1669931229 824 1028 3 1177 
1669931231 959 1266 4 1091 
1669931233 1042 1331 5 1150 
1669931235 1240 1322 2 1314 
1669931237 1114 1437 5 1222 
1669931239 1154 1330 6 1147 
1669931241 1143 1195 4 960 
1669931243 1245 1423 3 1132 
1669931245 1310 1499 4 1233 
1669931247 1188 1297 4 1145 
1669931249 1293 1476 5 1304 
1669931251 1090 1385 4 1045 
1669931253 1316 1548 4 1247 
1669931255 1355 1349 5 1251 
1669931257 1340 1419 4 1160 
1669931259 1346 1562 5 1220 
1669931261 1357 1321 4 1247 
1669931263 1272 1368 6 1260 
1669931265 1164 1368 6 1279 
1669931267 1295 1541 3 1232 
1669931269 1362 1502 7 1166 
1669931271 1383 1377 2 1245 
1669931273 1358 1431 4 1248 
1669931275 1368 1427 4 1255 
1669931277 1393 1608 5 1271 
1669931279 1383 1577 3 1266 
1669931281 1377 1564 4 1196 
1669931283 1375 1558 4 1153 
1669931285 1396 1556 6 1234 
1669931287 1411 1418 7 1261 
1669931289 1391 1593 6 1262 
1669931291 1362 1551 4 1133 
1669931293 1407 1434 5 1229 
1669931295 1397 1575 4 1155 
1669931297 1421 1447 6 1256 
1669931299 1428 1603 6 1285 
1669931301 1323 1578 4 1194 
1669931303 1388 1424 7 1171 
1669931305 1408 1516 4 1124 
1669931307 1426 1417 6 1131 
1669931309 1421 1433 5 1135 
1669931311 1323 1597 7 1212 
1669931313 1404 1516 5 1236 
1669931315 1341 1416 4 1256 
1669931317 1378 1441 4 1277 
1669931319 1395 1610 6 1281 
1669931321 1393 1448 6 1280 
1669931323 1312 1322 7 1254 
1669931325 1345 1458 5 1197 
1669931327 1314 1567 6 1290 
1669931329 1290 1405 3 1268 
1669931331 1234 1547 3 1108 
1669931333 1474 1539 8 1370 
1669931335 1524 1639 6 1433 
1669931337 1385 1547 7 1163 
1669931339 1384 1580 5 1150 
1669931341 1411 1586 8 1210 
1669931343 1336 1490 5 1156 
1669931345 1430 1583 7 1159 
1669931347 1438 1589 5 1158 
1669931349 1350 1448 3 1145 
1669931351 1428 1545 5 1235 
1669931353 1341 1398 7 1167 
1669931355 1331 1405 3 1233 
1669931357 1305 1404 5 1160 
1669931359 1386 1582 6 1165 
1669931361 1416 1420 7 1220 
1669931363 1442 1608 7 1257 
1669931365 1436 1512 3 1185 
1669931367 1417 1537 3 1195 
1669931369 1368 1331 7 1210 
1669931371 1404 1565 6 1235 
1669931373 1447 1606 5 1228 
1669931375 1309 1347 4 1074 
1669931377 1404 1511 8 1196 
1669931379 1354 1499 4 1139 
1669931381 1409 1570 6 1229 
1669931383 1446 1578 4 1203 
1669931385 1420 1530 5 1135 
1669931387 1446 1607 4 1260 
1669931389 1381 1420 4 1253 
1669931391 1439 1458 5 1306 
1669931393 1347 1438 6 1292 
1669931395 1317 1610 5 1195 
1669931397 1396 1633 7 1170 
1669931399 1429 1386 4 1232 
1669931401 1361 1559 4 1266 
1669931403 1348 1602 6 1290 
1669931405 1425 1616 7 1198 
1669931407 1461 1612 5 1265 
1669931409 1446 1454 8 1263 
1669931411 1455 1456 6 1280 
1669931413 1476 1638 4 1272 
1669931415 1434 1641 2 1280 
1669931417 1468 1633 5 1285 
1669931419 1472 1548 5 1290 
1669931421 1441 1424 5 1283 
1669931423 1459 1587 3 1256 
1669931425 1430 1481 5 1282 
1669931427 1378 1625 6 1259 
1669931429 1404 1529 5 1249 
1669931431 1433 1585 4 1264 
1669931433 1361 1575 8 1248 
1669931435 1422 1587 5 1177 
1669931437 1415 1455 4 1265 
1669931439 1448 1617 6 1264 
1669931441 1453 1444 4 1199 
1669931443 1454 1632 5 1171 
1669931445 1460 1381 7 1251 
1669931447 1455 1581 9 1193 
1669931449 1462 1616 8 1173 
1669931451 1457 1600 3 1241 
1669931453 1433 1434 5 1268 
1669931455 1426 1616 6 1283 
1669931457 1335 1429 5 1161 
1669931459 1376 1504 6 1169 
1669931461 1400 1428 4 1206 
1669931463 1446 1503 6 1376 
1669931465 1355 1632 5 1303 
1669931467 1426 1400 10 1305 
1669931469 1466 1466 5 1325 
1669931471 1453 1639 5 1321 
1669931473 1426 1465 8 1206 
1669931475 1355 1590 5 1246 
1669931477 1442 1629 3 1291 
1669931479 1443 1613 6 1301 
1669931481 1472 1619 6 1296 
1669931483 1480 1344 4 1266 
1669931485 1443 1595 5 1249 
1669931487 1441 1611 5 1269 
1669931489 1353 1592 4 1150 
1669931491 1394 1459 4 1133 
1669931493 1396 1434 6 1164 
1669931495 1453 1619 3 1242 
1669931497 1435 1596 3 1247 
1669931499 1467 1471 5 1317 
1669931501 1397 1431 4 1226 
1669931503 1561 1717 3 1445 
1669931505 1464 1551 4 1238 
1669931507 1411 1512 5 1169 
1669931509 1427 1382 3 1134 
1669931511 1437 1563 4 1238 
1669931513 1447 1602 4 1149 
1669931515 1495 1631 7 1180 
1669931517 1474 1617 6 1241 
1669931519 1368 1531 4 1243 
1669931521 1420 1576 5 1271 
1669931523 1454 1628 4 1290 
1669931525 1357 1585 5 1147 
1669931527 1410 1538 5 1256 
1669931529 1485 1468 5 1339 
1669931531 1453 1615 6 1267 
1669931533 1482 1579 6 1268 
1669931535 1495 1450 5 1334 
1669931537 1415 1568 4 1265 
1669931539 1427 1603 3 1300 
1669931541 1353 1450 5 1286 
1669931543 1401 1351 8 1232 
1669931545 1436 1391 4 1225 
1669931547 1447 1443 3 1242 
1669931549 1487 1428 7 1240 
1669931551 1405 1605 6 1265 
1669931553 1469 1608 5 1288 
1669931555 1477 1438 3 1256 
1669931557 1365 1453 6 1255 
1669931559 1421 1606 4 1202 
1669931561 1358 1628 5 1241 
1669931563 1446 1620 5 1269 
1669931565 1464 1389 5 1242 
1669931567 1479 1437 5 1282 
1669931569 1486 1471 4 1200 
1669931571 1470 1616 4 1176 
1669931573 1360 1457 7 1140 
1669931575 1447 1634 5 1224 
1669931577 1367 1470 6 1250 
1669931579 1415 1370 4 1284 
1669931581 1339 1591 7 1175 
1669931583 1441 1631 4 1266 
1669931585 1463 1603 5 1280 
1669931587 1479 1455 4 1225 
1669931589 1425 1647 5 1367 
1669931591 1380 1332 2 1110 
1669931593 1429 1396 5 1226 
1669931595 1469 1439 7 1254 
1669931597 1493 1450 5 1207 
1669931599 1479 1524 6 1281 
1669931601 1480 1507 4 1167 
1669931603 1471 1384 7 1236 
1669931605 1463 1587 6 1236 
1669931607 1395 1590 5 1284 
1669931609 1361 1611 4 1274 
1669931611 1341 1625 5 1285 
1669931613 1410 1613 5 1214 
1669931615 1456 1485 3 1170 
1669931617 1460 1606 2 1247 
1669931619 1473 1434 5 1153 
1669931621 1332 1415 4 1036 
1669931623 3568 2545 5 2888 
1669931625 891 519 6 674 
1669931627 2513 2524 6 2181 
1669931629 1747 2028 4 1597 
1669931631 1425 1762 3 1353 
1669931633 1402 1549 7 1278 
1669931635 1432 1584 6 1255 
1669931637 1425 1623 3 1259 
1669931639 1450 1522 9 1266 
1669931641 1467 1421 5 1279 
1669931643 1463 1451 7 1275 
1669931645 1472 1485 6 1279 
1669931647 1447 1626 5 1267 
1669931649 1461 1620 5 1280 
1669931651 1452 1632 4 1208 
1669931653 1463 1616 4 1275 
1669931655 1426 1539 6 1186 
1669931657 1440 1509 5 1171 
1669931659 1441 1416 4 1172 
1669931661 1448 1397 7 1165 
1669931663 1456 1360 6 1071 
1669931665 1356 1351 8 1111 
1669931667 1421 1352 6 1245 
1669931669 1455 1445 7 1281 
1669931671 1455 1592 6 1269 
1669931673 1427 1593 3 1285 
1669931675 1426 1437 5 1260 
1669931677 1366 1374 3 1262 
1669931679 1454 1444 5 1311 
1669931681 1458 1550 4 1289 
1669931683 1461 1441 4 1288 
1669931685 1438 1358 4 1177 
1669931687 1501 1538 5 1334 
1669931689 1393 1513 6 1218 
1669931691 1352 1488 6 1234 
1669931693 1339 1468 4 1181 
1669931695 1419 1577 6 1187 
1669931697 1454 1594 7 1255 
1669931699 1470 1482 5 1266 
1669931701 1400 1563 6 1220 
1669931703 1416 1477 7 1230 
1669931705 1375 1382 5 1227 
1669931707 1509 1441 7 1445 
1669931709 1419 1619 4 1347 
1669931711 1430 1526 7 1251 
1669931713 1704 1942 4 1758 
1669931715 946 1040 5 500 
1669931717 1338 1478 6 1376 
1669931719 1427 1444 5 1457 
1669931721 1415 1421 4 1311 
1669931723 1438 1587 7 1229 
1669931725 1351 1535 5 1043 
1669931727 1058 1057 3 586 
1669931729 1358 1445 7 1005 
1669931731 1461 1562 8 1219 
1669931733 1187 1152 5 756 
1669931735 1406 1526 4 1135 
1669931737 1453 1433 3 1171 
1669931739 1467 1446 6 1244 
1669931741 1496 1645 7 1181 
1669931743 1458 1623 5 1169 
1669931745 1461 1640 6 1197 
1669931747 1450 1490 5 1246 
1669931749 1382 1648 4 1178 
1669931751 1458 1554 5 1294 
1669931753 1427 1607 6 1291 
1669931755 1456 1460 5 1241 
1669931757 1468 1540 5 1222 
1669931759 1531 1505 3 1420 
1669931761 1466 1610 7 1212 
1669931763 1388 1598 6 1186 
1669931765 1443 1464 3 1224 
1669931767 1486 1498 3 1313 
1669931769 1462 1488 2 1240 
1669931771 1381 1465 5 1192 
1669931773 1369 1530 3 1134 
1669931775 1863 1838 4 2004 
1669931777 1449 1626 6 1382 
1669931779 1459 1456 5 1250 
1669931781 1350 1589 5 1142 
1669931783 1462 1710 7 1376 
1669931785 1505 1548 6 1468 
1669931787 1362 1620 8 1233 
1669931789 1290 1389 4 1021 
1669931791 1432 1705 4 1460 
1669931793 1379 1632 6 1337 
1669931795 1441 1631 5 1208 
1669931797 1425 1620 5 1253 
1669931799 1425 1531 6 1231 
1669931801 1443 1561 5 1185 
1669931803 1426 1458 7 1243 
1669931805 1413 1516 4 1147 
1669931807 1427 1548 7 1149 
1669931809 1430 1582 3 1222 
1669931811 1376 1491 6 1250 
1669931813 1447 1585 4 1270 
1669931815 1341 1442 5 1254 
1669931817 1405 1454 5 1249 
1669931819 1414 1624 4 1086 
1669931821 1444 1538 6 1227 
1669931823 1357 1554 6 1177 
1669931825 1443 1436 5 1259 
1669931827 1357 1454 5 1230 
1669931829 1424 1542 5 1254 
1669931831 1426 1611 3 1169 
1669931833 1419 1424 5 1143 
1669931835 1464 1550 6 1219 
1669931837 1460 1593 4 1232 
1669931839 1489 1469 5 1253 
1669931841 1439 1584 3 1247 
1669931843 1423 1442 5 1180 
1669931845 1478 1460 4 1164 
1669931847 1450 1485 6 1157 
1669931849 1437 1626 4 1242 
1669931851 1464 1605 5 1190 
1669931853 1444 1504 5 1236 
1669931855 1444 1510 5 1269 
1669931857 1467 1548 7 1260 
1669931859 1384 1501 8 1279 
1669931861 1445 1431 2 1201 
1669931863 1454 1449 7 1233 
1669931865 1458 1512 7 1152 
1669931867 1352 1457 5 1130 
1669931869 1408 1545 6 1223 
1669931871 1355 1573 3 1252 
1669931873 1434 1612 4 1186 
1669931875 1430 1634 4 1256 
1669931877 1354 1383 9 1170 
1669931879 1450 1629 7 1289 
1669931881 1427 1505 4 1213 
1669931883 1421 1422 5 1238 
1669931885 1466 1376 5 1264 
1669931887 1463 1570 6 1237 
1669931889 1435 1598 7 1240 
1669931891 1381 1421 5 1158 
1669931893 1425 1611 9 1225 
1669931895 1458 1531 6 1252 
1669931897 1464 1586 6 1293 
1669931899 1447 1443 6 1260 
1669931901 1472 1469 6 1272 
1669931903 1450 1472 8 1276 
1669931905 1468 1644 4 1178 
1669931907 1459 1594 8 1234 
1669931909 1478 1451 4 1263 
1669931911 1491 1621 2 1252 
1669931913 1453 1596 6 1250 
1669931915 1367 1460 5 1148 
1669931917 1434 1642 4 1241 
1669931919 1460 1524 5 1227 
1669931921 1459 1595 4 1269 
1669931923 1438 1504 7 1260 
1669931925 1461 1351 2 1184 
1669931927 1394 1436 5 1254 
1669931929 1377 1628 5 1215 
1669931931 1323 1447 4 1153 
1669931933 1387 1458 5 1241 
1669931935 1343 1613 6 1259 
1669931937 1419 1623 5 1199 
1669931939 1419 1593 4 1247 
1669931941 1448 1473 6 1278 
1669931943 1444 1555 2 1260 
1669931945 1447 1579 4 1160 
1669931947 1451 1504 4 1244 
1669931949 1366 1562 5 1240 
1669931951 1261 1577 5 1222 
1669931953 1411 1589 5 1237 
1669931955 1362 1606 7 1175 
1669931957 1430 1454 5 1222 
1669931959 1457 1533 4 1150 
1669931961 1477 1428 4 1168 
1669931963 1459 1433 6 1119 
1669931965 1473 1584 6 1103 
1669931967 1470 1476 7 1244 
1669931969 1510 1528 6 1376 
1669931971 1413 1545 8 1129 
1669931973 1482 1451 7 1182 
1669931975 1460 1477 6 1226 
1669931977 1467 1605 7 1079 
1669931979 1463 1468 3 1120 
1669931981 1478 1474 5 1218 
1669931983 1468 1399 4 1066 
1669931985 1662 1726 4 1487 
1669931987 1441 1424 6 1275 
1669931989 1388 1575 4 1162 
1669931991 1383 1520 4 1107 
1669931993 1444 1468 7 1078 
1669931995 1402 1488 6 1206 
1669931997 1454 1368 8 1154 
1669931999 1473 1583 3 1207 
