1669932003 1397 1563 13 1167 
1669932006 1431 1591 8 1221 
1669932008 1373 1603 6 1230 
1669932010 1456 1616 6 1285 
1669932012 1468 1445 6 1257 
1669932014 1453 1389 6 1272 
1669932016 1495 1510 5 1284 
1669932018 1457 1576 5 1272 
1669932020 1366 1424 7 1176 
1669932022 1382 1525 4 1149 
1669932024 1447 1472 5 1244 
1669932026 1487 1579 7 1160 
1669932028 1447 1429 5 1240 
1669932030 1446 1575 6 1260 
1669932032 1370 1466 4 1155 
1669932034 1351 1601 7 1141 
1669932036 1425 1539 5 1248 
1669932038 1459 1411 6 1168 
1669932040 1373 1416 7 1222 
1669932042 1438 1596 5 1253 
1669932044 1364 1584 6 1245 
1669932046 1421 1429 7 1247 
1669932048 1460 1374 4 1144 
1669932050 1440 1449 6 1206 
1669932052 1398 1643 3 1251 
1669932054 1442 1559 7 1159 
1669932056 1423 1442 5 1207 
1669932058 1438 1625 6 1234 
1669932060 1475 1617 5 1226 
1669932062 1466 1447 5 1247 
1669932064 1469 1455 2 1245 
1669932066 1438 1625 7 1262 
1669932068 1366 1516 7 1150 
1669932070 1448 1416 5 1217 
1669932072 1456 1634 6 1239 
1669932074 1387 1438 3 1254 
1669932076 1426 1442 7 1160 
1669932078 1454 1636 8 1161 
1669932080 1457 1444 7 1211 
1669932082 1470 1467 4 1228 
1669932084 1453 1611 5 1226 
1669932086 1452 1611 7 1213 
1669932088 1456 1469 6 1236 
1669932090 1461 1447 4 1144 
1669932092 1389 1437 5 1223 
1669932094 1430 1633 2 1166 
1669932096 1440 1609 6 1226 
1669932098 1470 1619 4 1243 
1669932100 1441 1600 3 1183 
1669932102 1439 1462 6 1236 
1669932104 1447 1625 4 1172 
1669932106 1452 1536 5 1191 
1669932108 1365 1344 5 1203 
1669932110 1468 1474 6 1272 
1669932112 1469 1483 4 1162 
1669932114 1477 1633 4 1239 
1669932116 1486 1526 4 1139 
1669932118 1442 1571 3 1105 
1669932120 1452 1607 4 1192 
1669932122 1480 1516 6 1259 
1669932124 1376 1489 5 1228 
1669932126 1435 1395 6 1176 
1669932128 1372 1587 3 1211 
1669932130 1428 1515 4 1255 
1669932132 1436 1353 6 1168 
1669932134 1443 1563 8 1143 
1669932136 1471 1505 6 1212 
1669932138 1391 1383 5 1212 
1669932140 1373 1556 6 1228 
1669932142 1360 1426 5 1246 
1669932144 1466 1637 4 1270 
1669932146 1409 1615 4 1159 
1669932148 1434 1369 6 1243 
1669932150 1369 1415 5 1172 
1669932152 1444 1604 5 1143 
1669932154 1466 1625 5 1217 
1669932156 1471 1625 5 1247 
1669932158 1445 1449 3 1155 
1669932160 1471 1462 6 1234 
1669932162 1468 1523 4 1152 
1669932164 1381 1428 5 1221 
1669932166 1419 1617 5 1246 
1669932168 1434 1619 5 1235 
1669932170 1457 1621 6 1269 
1669932172 1448 1459 6 1250 
1669932174 1454 1548 5 1242 
1669932176 1458 1604 5 1239 
1669932178 1476 1448 5 1266 
1669932180 1476 1636 3 1174 
1669932182 1456 1468 5 1225 
1669932184 1477 1614 5 1148 
1669932186 1482 1645 5 1201 
1669932188 1455 1605 5 1251 
1669932190 1471 1609 5 1215 
1669932192 1486 1380 5 1233 
1669932194 1381 1581 5 1235 
1669932196 1427 1597 4 1176 
1669932198 1470 1600 7 1236 
1669932200 1459 1602 4 1158 
1669932202 1474 1368 6 1141 
1669932204 1451 1579 6 1208 
1669932206 1462 1537 6 1239 
1669932208 1380 1585 4 1245 
1669932210 1425 1584 6 1243 
1669932212 1456 1598 6 1137 
1669932214 1379 1611 9 1199 
1669932216 1432 1512 4 1230 
1669932218 1464 1443 5 1234 
1669932220 1364 1575 5 1132 
1669932222 1367 1588 8 1236 
1669932224 1456 1452 1 1252 
1669932226 1451 1637 4 1168 
1669932228 1453 1449 4 1148 
1669932230 1357 1444 5 1220 
1669932232 1466 1457 6 1163 
1669932234 1454 1624 4 1211 
1669932236 1446 1443 5 1202 
1669932238 1386 1287 6 1199 
1669932240 1424 1315 7 1239 
1669932242 1452 1341 7 1149 
1669932244 1458 1587 4 1232 
1669932246 1300 1498 5 1199 
1669932248 1429 1585 6 1256 
1669932250 1438 1612 8 1241 
1669932252 1427 1443 5 1253 
1669932254 1437 1575 6 1250 
1669932256 1470 1593 7 1152 
1669932258 1454 1595 6 1128 
1669932260 1480 1617 4 1206 
1669932262 1457 1470 4 1152 
1669932264 1398 1615 3 1238 
1669932266 1450 1541 5 1210 
1669932268 1448 1505 6 1249 
1669932270 1441 1548 4 1257 
1669932272 1440 1602 5 1181 
1669932274 1461 1435 6 1216 
1669932276 1455 1452 7 1165 
1669932278 1448 1472 4 1140 
1669932280 1392 1534 6 1211 
1669932282 1454 1608 5 1251 
1669932284 1488 1533 3 1153 
1669932286 1457 1564 6 1226 
1669932288 1471 1343 7 1241 
1669932290 1446 1293 4 1236 
1669932292 1467 1546 6 1259 
1669932294 1467 1574 6 1269 
1669932296 1462 1575 3 1227 
1669932298 1460 1609 7 1219 
1669932300 1470 1590 8 1138 
1669932302 1387 1499 5 1108 
1669932304 1341 1400 6 1207 
1669932306 1426 1612 3 1245 
1669932308 1469 1597 3 1139 
1669932310 1472 1600 6 1234 
1669932312 1382 1420 4 1156 
1669932314 1453 1450 7 1057 
1669932316 1443 1471 3 1193 
1669932318 1367 1591 5 1113 
1669932320 1416 1610 6 1195 
1669932322 1433 1602 8 1208 
1669932324 1474 1452 7 1207 
1669932326 1372 1456 4 1135 
1669932328 1432 1448 5 1125 
1669932330 1374 1584 6 1198 
1669932332 1437 1588 5 1151 
1669932334 1440 1627 3 1196 
1669932336 1477 1545 5 1228 
1669932338 1365 1338 3 1205 
1669932340 1417 1591 4 1126 
1669932342 1367 1354 6 1187 
1669932344 1355 1542 5 1193 
1669932346 1427 1426 6 1062 
1669932348 1480 1597 3 1177 
1669932350 1462 1465 4 1227 
1669932352 1473 1476 2 1239 
1669932354 1365 1459 4 1136 
1669932356 1424 1367 4 1041 
1669932358 1359 1574 5 1172 
1669932360 1451 1440 6 1234 
1669932362 1445 1592 4 1150 
1669932364 1480 1440 5 1215 
1669932366 1396 1361 5 1216 
1669932368 1461 1593 7 1139 
1669932370 1465 1568 6 1137 
1669932372 1441 1593 5 1186 
1669932374 1377 1582 3 1188 
1669932376 1450 1627 7 1215 
1669932378 1460 1471 5 1226 
1669932380 1474 1634 7 1165 
1669932382 1481 1617 9 1214 
1669932384 1387 1571 5 1227 
1669932386 1425 1601 6 1249 
1669932388 1458 1605 7 1134 
1669932390 1378 1463 4 1238 
1669932392 1471 1458 7 1228 
1669932394 1381 1457 3 1220 
1669932396 1456 1473 6 1255 
1669932398 1431 1609 6 1262 
1669932400 1463 1620 5 1223 
1669932402 1478 1623 5 1148 
1669932404 1359 1501 6 1113 
1669932406 1463 1439 3 1227 
1669932408 1467 1444 7 1162 
1669932410 1467 1452 4 1145 
1669932412 1458 1610 7 1192 
1669932414 1479 1593 8 1231 
1669932416 1446 1589 4 1250 
1669932418 1489 1616 6 1236 
1669932420 1376 1529 9 1206 
1669932422 1426 1515 3 1221 
1669932424 1454 1600 4 1130 
1669932426 1387 1577 4 1182 
1669932428 1450 1447 5 1240 
1669932430 1469 1450 4 1157 
1669932432 1484 1602 6 1152 
1669932434 1466 1506 3 1204 
1669932436 1477 1409 5 1131 
1669932438 1375 1559 7 1216 
1669932440 1359 1609 7 1233 
1669932442 1420 1520 3 1218 
1669932444 1434 1579 6 1232 
1669932446 1447 1425 5 1253 
1669932448 1372 1487 5 1231 
1669932450 1433 1447 5 1233 
1669932452 1397 1408 6 1219 
1669932454 1455 1455 5 1246 
1669932456 1479 1521 4 1229 
1669932458 1382 1428 4 1255 
1669932460 1420 1631 4 1232 
1669932462 1450 1631 3 1253 
1669932464 1478 1543 8 1214 
1669932466 1483 1596 5 1162 
1669932468 1373 1409 4 1102 
1669932470 1446 1642 4 1140 
1669932472 1492 1640 3 1227 
1669932474 1444 1361 4 1141 
1669932476 1462 1510 5 1196 
1669932478 1467 1435 6 1177 
1669932480 1459 1601 5 1214 
1669932482 1363 1500 4 1114 
1669932484 1356 1416 8 1220 
1669932486 1355 1591 4 1223 
1669932488 1428 1595 6 1139 
1669932490 1458 1601 6 1224 
1669932492 1464 1591 5 1220 
1669932494 1478 1613 4 1212 
1669932496 1457 1608 6 1229 
1669932498 1452 1534 6 1207 
1669932500 1440 1351 6 1148 
1669932502 1471 1448 4 1247 
1669932504 1477 1373 4 1128 
1669932506 1484 1494 3 1124 
1669932508 1475 1405 5 1125 
1669932510 1479 1587 6 1223 
1669932512 1484 1460 6 1217 
1669932514 1489 1531 4 1127 
1669932516 1450 1569 4 1214 
1669932518 1447 1585 5 1059 
1669932520 1442 1593 5 1201 
1669932522 1445 1462 6 1222 
1669932524 1472 1523 5 1151 
1669932526 1477 1553 6 1212 
1669932528 1455 1418 6 1149 
1669932530 1367 1583 4 1127 
1669932532 1434 1600 5 1217 
1669932534 1435 1612 5 1135 
1669932536 1455 1606 6 1243 
1669932538 1453 1584 6 1237 
1669932540 1449 1426 7 1216 
1669932542 1369 1374 4 1228 
1669932544 1360 1560 4 1150 
1669932546 1365 1509 7 1197 
1669932548 1442 1462 7 1162 
1669932550 1458 1378 7 1116 
1669932552 1476 1582 4 1188 
1669932554 1366 1598 5 1219 
1669932556 1450 1616 4 1252 
1669932558 1434 1531 2 1231 
1669932560 1357 1390 5 1212 
1669932562 1455 1604 4 1156 
1669932564 1386 1619 6 1131 
1669932566 1460 1522 4 1214 
1669932568 1444 1590 2 1061 
1669932570 1434 1607 3 1193 
1669932572 1477 1525 4 1200 
1669932574 1479 1568 6 1143 
1669932576 1466 1584 3 1189 
1669932578 1444 1585 6 1206 
1669932580 1439 1433 4 1147 
1669932582 1464 1368 6 1223 
1669932584 1452 1603 8 1128 
1669932586 1365 1587 8 1126 
1669932588 1418 1585 5 1131 
1669932590 1459 1619 3 1232 
1669932592 1359 1575 4 1142 
1669932594 1272 1572 4 1119 
1669932596 1332 1523 5 1187 
1669932598 1357 1442 7 1205 
1669932600 1429 1614 2 1221 
1669932602 1455 1614 4 1233 
1669932604 1439 1608 4 1242 
1669932606 1433 1607 6 1226 
1669932608 1386 1386 7 1132 
1669932610 1373 1500 5 1101 
1669932612 1456 1599 4 1208 
1669932614 1449 1431 5 1208 
1669932616 1359 1453 6 1225 
1669932618 1448 1443 7 1210 
1669932620 1384 1525 5 1200 
1669932622 1382 1593 3 1235 
1669932624 1422 1440 5 1238 
1669932626 1440 1585 3 1142 
1669932628 1474 1626 6 1118 
1669932630 1487 1611 5 1215 
1669932632 1485 1437 5 1232 
1669932634 1405 1593 5 1148 
1669932636 1452 1466 7 1147 
1669932638 1465 1595 6 1196 
1669932640 1476 1363 6 1222 
1669932642 1442 1443 8 1255 
1669932644 1467 1587 3 1240 
1669932646 1473 1417 5 1145 
1669932648 1440 1490 6 1214 
1669932650 1385 1549 4 1134 
1669932652 1452 1365 5 1202 
1669932654 1447 1499 7 1213 
1669932656 1368 1559 6 1237 
1669932658 1449 1569 6 1222 
1669932660 1373 1583 7 1233 
1669932662 1274 1584 7 1198 
1669932664 1405 1448 5 1234 
1669932666 1456 1434 5 1245 
1669932668 1463 1589 4 1126 
1669932670 1401 1443 4 1217 
1669932672 1429 1620 2 1251 
1669932674 1360 1583 6 1235 
1669932676 1345 1579 5 1229 
1669932678 1415 1585 3 1200 
1669932680 1346 1524 3 1225 
1669932682 1421 1566 4 1158 
1669932684 1465 1602 2 1152 
1669932686 1475 1598 6 1125 
1669932688 1467 1595 8 1210 
1669932690 1384 1576 6 1201 
1669932692 1418 1605 3 1213 
1669932694 1458 1534 5 1237 
1669932696 1450 1573 8 1242 
1669932698 1477 1603 6 1229 
1669932700 1462 1433 5 1065 
1669932702 1461 1527 5 1198 
1669932704 1360 1593 5 1209 
1669932706 1347 1567 5 1132 
1669932708 1341 1596 2 1209 
1669932710 1420 1446 4 1129 
1669932712 1376 1309 6 1111 
1669932714 1425 1565 6 1220 
1669932716 1426 1413 6 1343 
1669932718 1444 1512 6 1264 
1669932720 1323 1380 6 1173 
1669932722 1411 1554 4 1167 
1669932724 1449 1325 5 1194 
1669932726 1452 1580 2 1237 
1669932728 1440 1575 6 1246 
1669932730 1452 1597 5 1230 
1669932732 1464 1526 2 1236 
1669932734 1463 1555 1 1225 
1669932736 1474 1578 8 1213 
1669932738 1461 1412 4 1210 
1669932740 1361 1588 4 1216 
1669932742 1340 1449 4 1143 
1669932744 1431 1592 3 1143 
1669932746 1454 1452 6 1116 
1669932748 1368 1588 5 1190 
1669932750 1463 1461 5 1210 
1669932752 1464 1475 4 1120 
1669932754 1471 1463 6 1040 
1669932756 1454 1458 9 1190 
1669932758 1353 1596 9 1163 
1669932760 1293 1477 7 969 
1669932762 1526 1600 5 1336 
1669932764 1476 1595 5 1245 
1669932766 1468 1372 3 1230 
1669932768 1462 1448 6 1152 
1669932770 1484 1517 3 1210 
1669932772 1463 1567 3 1251 
1669932774 1456 1594 1 1134 
1669932776 1444 1576 5 1190 
1669932778 1436 1450 5 1191 
1669932780 1448 1608 4 1214 
1669932782 1381 1613 4 1226 
1669932784 1459 1435 3 1221 
1669932786 1515 1635 6 1230 
1669932788 1459 1446 3 1186 
1669932790 1464 1431 5 1164 
1669932792 1379 1559 5 1111 
1669932794 1412 1458 5 1220 
1669932796 1454 1477 8 1147 
1669932798 1397 1468 5 1177 
1669932800 1343 1576 7 1087 
1669932802 1345 1596 7 1211 
1669932804 1407 1574 6 1199 
1669932806 1463 1416 4 1229 
1669932808 1485 1360 5 1241 
1669932810 1459 1555 6 1202 
1669932812 1446 1513 5 1223 
1669932814 1440 1515 5 1228 
1669932816 1473 1578 5 1164 
1669932818 1297 1483 5 1196 
1669932820 1399 1559 9 1225 
1669932822 1458 1598 7 1247 
1669932824 1458 1372 7 1193 
1669932826 1466 1341 7 1199 
1669932828 1438 1474 3 1214 
1669932830 1374 1418 3 1125 
1669932832 1462 1615 4 1227 
1669932834 1464 1498 7 1188 
1669932836 1442 1583 2 1196 
1669932838 1397 1429 4 1296 
1669932840 1327 1406 4 1201 
1669932842 1434 1428 4 1222 
1669932844 1341 1412 8 1220 
1669932846 1397 1597 5 1269 
1669932848 1422 1530 6 1143 
1669932850 1472 1596 6 1224 
1669932852 1440 1583 8 1031 
1669932854 1467 1587 6 1161 
1669932856 1390 1612 6 1229 
1669932858 1424 1597 6 1226 
1669932860 1438 1599 6 1239 
1669932862 1476 1607 4 1247 
1669932864 1432 1606 6 1238 
1669932866 1438 1594 7 1201 
1669932868 1457 1570 5 1183 
1669932870 1463 1568 5 1189 
1669932872 1460 1509 5 1196 
1669932874 1440 1497 6 1200 
1669932876 1485 1560 4 1234 
1669932878 1440 1497 4 1120 
1669932880 1469 1493 6 1216 
1669932882 1479 1564 3 1226 
1669932884 1454 1433 5 1223 
1669932886 1430 1582 5 1114 
1669932888 1466 1592 4 1134 
1669932890 1364 1444 4 1023 
1669932892 1446 1486 6 1107 
1669932894 1431 1601 6 1194 
1669932896 1427 1605 5 1207 
1669932898 1457 1579 5 1207 
1669932900 1286 1440 6 1029 
1669932902 1336 1426 5 1166 
1669932904 1344 1628 7 1114 
1669932906 1345 1582 6 1188 
1669932908 1438 1597 6 1135 
1669932910 1470 1632 5 1207 
1669932912 1448 1577 6 1172 
1669932914 1359 1547 6 1195 
1669932916 1434 1584 5 1129 
1669932918 1429 1580 7 1218 
1669932920 1347 1571 5 1175 
1669932922 1439 1430 4 1131 
1669932924 1421 1595 8 1182 
1669932926 1455 1581 5 1124 
1669932928 1433 1580 5 1173 
1669932930 1457 1597 6 1211 
1669932932 1362 1567 3 1189 
1669932934 1424 1580 4 1047 
1669932936 1446 1433 7 1200 
1669932938 1435 1571 6 1202 
1669932940 1467 1607 4 1240 
1669932942 1362 1454 6 1210 
1669932944 1411 1512 8 1175 
1669932946 1442 1491 4 1075 
1669932948 1461 1547 6 1194 
1669932950 1477 1581 6 1229 
1669932952 1477 1591 3 1198 
1669932954 1462 1612 4 1144 
1669932956 1392 1432 5 1182 
1669932958 1361 1359 5 1195 
1669932960 1426 1587 7 1153 
1669932962 1432 1582 5 1173 
1669932964 1453 1510 5 1195 
1669932966 1456 1561 1 1219 
1669932968 1474 1606 6 1216 
1669932970 1354 1506 5 1210 
1669932972 1458 1572 7 1208 
1669932974 1444 1430 2 1221 
1669932976 1441 1359 5 1221 
1669932978 1463 1424 7 1202 
1669932980 1470 1460 6 1209 
1669932982 1449 1580 7 1202 
1669932984 1360 1327 6 1211 
1669932986 1444 1568 6 1230 
1669932988 1450 1583 5 1120 
1669932990 1468 1498 3 1201 
1669932992 1526 1393 7 1343 
1669932994 1500 1537 6 1295 
1669932996 1423 1551 5 1180 
1669932998 1426 1400 5 1141 
1669933000 1422 1418 5 1169 
1669933002 1448 1616 6 1225 
1669933004 1367 1452 6 1211 
1669933006 1429 1610 5 1222 
1669933008 1355 1419 6 1199 
1669933010 1460 1540 5 1132 
1669933012 1454 1607 6 1202 
1669933014 1378 1438 6 1202 
1669933016 1341 1592 4 1203 
1669933018 1431 1582 4 1045 
1669933020 1442 1595 7 1115 
1669933022 1427 1579 6 1117 
1669933024 1365 1502 7 1190 
1669933026 1436 1353 9 1210 
1669933028 1451 1551 4 1242 
1669933030 1444 1491 4 1051 
1669933032 1459 1395 8 1217 
1669933034 1466 1435 5 1203 
1669933036 1471 1439 5 1194 
1669933038 1464 1439 4 1250 
1669933040 1371 1509 4 1209 
1669933042 1429 1546 4 1143 
1669933044 1437 1491 2 1191 
1669933046 1371 1555 5 1215 
1669933048 1413 1432 5 1216 
1669933050 1376 1368 5 1044 
1669933052 1434 1574 4 1085 
1669933054 1433 1581 5 1195 
1669933056 1357 1588 7 1209 
1669933058 1410 1346 5 1191 
1669933060 1447 1549 6 1228 
1669933062 1470 1520 5 1153 
1669933064 1454 1401 4 1223 
1669933066 1441 1599 5 1218 
1669933068 1389 1512 2 1136 
1669933070 1425 1423 5 1116 
1669933072 1366 1421 4 1092 
1669933074 1434 1467 7 1189 
1669933076 1356 1364 6 1194 
1669933078 1417 1549 6 1243 
1669933080 1359 1581 6 1216 
1669933082 1348 1423 4 1199 
1669933084 1407 1318 3 1218 
1669933086 1374 1430 7 1159 
1669933088 1443 1572 6 1238 
1669933090 1440 1585 5 1152 
1669933092 1378 1452 5 1210 
1669933094 1453 1542 5 1238 
1669933096 1364 1492 7 1184 
1669933098 1425 1567 4 1229 
1669933100 1458 1423 3 1231 
1669933102 1470 1436 9 1132 
1669933104 1370 1596 4 1183 
1669933106 1451 1615 5 1150 
1669933108 1479 1621 7 1047 
1669933110 1463 1455 6 1203 
1669933112 1437 1602 7 1207 
1669933114 1436 1618 5 1204 
1669933116 1367 1456 6 1215 
1669933118 1423 1593 4 1115 
1669933120 1439 1583 4 1128 
1669933122 1352 1508 4 1170 
1669933124 1355 1581 2 1133 
1669933126 1408 1533 8 1213 
1669933128 1348 1482 6 1124 
1669933130 1419 1408 5 1186 
1669933132 1448 1603 6 1215 
1669933134 1372 1355 7 1198 
1669933136 1413 1572 6 1209 
1669933138 1433 1597 4 1128 
1669933140 1364 1504 5 1159 
1669933142 1433 1415 4 1235 
1669933144 1426 1510 9 1202 
1669933146 1427 1550 4 1216 
1669933148 1472 1591 5 1220 
1669933150 1375 1435 5 1195 
1669933152 1412 1521 4 1215 
1669933154 1467 1562 4 1219 
1669933156 1364 1563 8 1121 
1669933158 1271 1407 5 1199 
1669933160 1438 1621 2 1215 
1669933162 1434 1629 5 1228 
1669933164 1453 1589 5 1221 
1669933166 1435 1570 3 1189 
1669933168 1448 1596 5 1140 
1669933170 1445 1583 6 1211 
1669933172 1433 1416 5 1105 
1669933174 1435 1577 5 1198 
1669933176 1470 1597 2 1208 
1669933178 1374 1354 4 1187 
1669933180 1438 1422 2 1115 
1669933182 1442 1592 6 1210 
1669933184 1363 1587 6 1138 
1669933186 1409 1602 6 1189 
1669933188 1423 1570 5 1208 
1669933190 1361 1588 3 1225 
1669933192 1362 1428 6 1222 
1669933194 1347 1413 4 1133 
1669933196 1423 1587 4 1122 
1669933198 1464 1607 4 1210 
1669933200 1484 1520 6 1131 
1669933202 1428 1579 4 1182 
1669933204 1377 1581 4 1096 
1669933206 1355 1498 6 1167 
1669933208 1434 1512 5 1213 
1669933210 1451 1565 7 1238 
1669933212 1434 1351 6 1221 
1669933214 1446 1600 4 1238 
1669933216 1442 1431 6 1225 
1669933218 1433 1435 4 1118 
1669933220 1442 1462 5 1215 
1669933222 1439 1583 7 1047 
1669933224 1424 1612 4 1107 
1669933226 1375 1423 5 1162 
1669933228 1427 1593 4 1111 
1669933230 1416 1443 4 1214 
1669933232 1427 1599 6 1137 
1669933234 1423 1620 5 1206 
1669933236 1470 1386 6 1135 
1669933238 1433 1558 7 1198 
1669933240 1377 1582 6 1202 
1669933242 1341 1397 3 1207 
1669933244 1431 1596 6 1239 
1669933246 1436 1336 5 1201 
1669933248 1435 1486 2 1206 
1669933250 1463 1548 6 1235 
1669933252 1465 1583 5 1237 
1669933254 1445 1587 5 1056 
1669933256 1392 1575 6 1109 
1669933258 1444 1428 6 1208 
1669933260 1284 1402 5 1167 
1669933262 1416 1504 4 1115 
1669933264 1459 1585 4 1038 
1669933266 1380 1582 7 1169 
1669933268 1459 1588 4 1102 
1669933270 1434 1614 3 1182 
1669933272 1438 1463 6 1202 
1669933274 1441 1614 7 1205 
1669933276 1461 1444 5 1052 
1669933278 1349 1410 4 1136 
1669933280 1275 1364 6 1205 
1669933282 1401 1567 6 1232 
1669933284 1455 1588 5 1231 
1669933286 1434 1599 5 1184 
1669933288 1460 1492 5 1193 
1669933290 1440 1506 7 1213 
1669933292 1356 1392 4 1210 
1669933294 1353 1427 4 1236 
1669933296 1410 1452 6 1236 
1669933298 1337 1440 3 1203 
1669933300 1444 1587 5 1215 
1669933302 1447 1443 6 1139 
1669933304 1438 1528 4 1019 
1669933306 1456 1571 6 1194 
1669933308 1452 1499 5 1189 
1669933310 1456 1345 3 1187 
1669933312 1458 1604 4 1244 
1669933314 1481 1452 5 1146 
1669933316 1441 1589 5 1191 
1669933318 1418 1614 5 1206 
1669933320 1433 1618 6 1196 
1669933322 1425 1517 5 1196 
1669933324 1453 1491 6 1214 
1669933326 1359 1571 5 1226 
1669933328 1437 1595 8 1201 
1669933330 1450 1583 5 1180 
1669933332 1441 1436 5 1194 
1669933334 1461 1604 5 1208 
1669933336 1441 1443 4 1137 
1669933338 1473 1604 4 1139 
1669933340 1460 1510 5 1194 
1669933342 1478 1563 5 1219 
1669933344 1363 1570 4 1218 
1669933346 1428 1602 7 1225 
1669933348 1451 1592 3 1130 
1669933350 1459 1423 6 1189 
1669933352 1460 1609 5 1125 
1669933354 1458 1430 3 1176 
1669933356 1478 1587 6 1206 
1669933358 1440 1452 5 1117 
1669933360 1432 1605 4 1120 
1669933362 1431 1422 4 1205 
1669933364 1438 1521 6 1182 
1669933366 1475 1431 6 1238 
1669933368 1362 1432 3 1208 
1669933370 1358 1449 4 1217 
1669933372 1401 1451 5 1148 
1669933374 1418 1609 4 1224 
1669933376 1443 1610 5 1122 
1669933378 1446 1442 5 1164 
1669933380 1361 1532 5 1207 
1669933382 1449 1592 6 1217 
1669933384 1441 1566 4 1223 
1669933386 1466 1439 6 1227 
1669933388 1459 1421 3 1215 
1669933390 1443 1596 6 1222 
1669933392 1469 1448 6 1140 
1669933394 1367 1575 5 1179 
1669933396 1446 1426 5 1214 
1669933398 1447 1580 7 1179 
1669933400 1452 1427 3 1214 
1669933402 1369 1574 6 1224 
1669933404 1340 1412 4 1128 
1669933406 1335 1572 6 1120 
1669933408 1431 1596 4 1115 
1669933410 1451 1497 4 1201 
1669933412 1358 1563 3 1200 
1669933414 1427 1419 6 1227 
1669933416 1358 1511 6 1100 
1669933418 1418 1423 2 1207 
1669933420 1454 1529 5 1127 
1669933422 1361 1562 6 1193 
1669933424 1432 1445 5 1217 
1669933426 1359 1566 7 1206 
1669933428 1435 1416 4 1136 
1669933430 1443 1580 5 1204 
1669933432 1435 1575 7 1207 
1669933434 1441 1513 4 1189 
1669933436 1453 1573 6 1202 
1669933438 1460 1355 7 1130 
1669933440 1463 1359 7 1192 
1669933442 1463 1498 8 1192 
1669933444 1397 1535 6 1122 
1669933446 1454 1441 5 1219 
1669933448 1457 1435 4 1128 
1669933450 1469 1359 6 1190 
1669933452 1503 1429 3 1279 
1669933454 1375 1552 6 1176 
1669933456 1448 1337 6 1208 
1669933458 1439 1399 6 1235 
1669933460 1443 1413 6 1125 
1669933462 1453 1506 5 1117 
1669933464 1361 1546 6 1014 
1669933466 1434 1357 4 1098 
1669933468 1441 1579 4 1097 
1669933470 1418 1521 4 1188 
1669933472 1428 1582 4 1205 
1669933474 1442 1430 7 1194 
1669933476 1364 1592 4 1133 
1669933478 1427 1453 5 1203 
1669933480 1431 1567 6 1211 
1669933482 1422 1616 3 1221 
1669933484 1355 1600 6 1125 
1669933486 1421 1434 5 1203 
1669933488 1414 1609 4 1220 
1669933490 1440 1491 7 1197 
1669933492 1422 1392 5 1133 
1669933494 1462 1580 6 1217 
1669933496 1468 1340 3 1189 
1669933498 1364 1563 4 1121 
1669933500 1408 1566 4 1121 
1669933502 1430 1426 4 1089 
1669933504 1471 1512 7 1111 
1669933506 1450 1398 7 1105 
1669933508 1364 1439 4 1171 
1669933510 1444 1544 5 1125 
1669933512 1459 1585 7 1203 
1669933514 1434 1595 7 1102 
1669933516 1464 1367 5 1204 
1669933518 1463 1433 7 1191 
1669933520 1377 1568 3 1198 
1669933522 1433 1579 4 1216 
1669933524 1439 1509 6 1185 
1669933526 1450 1568 4 1220 
1669933528 1341 1423 6 1225 
1669933530 1420 1606 6 1237 
1669933532 1419 1505 7 1109 
1669933534 1424 1501 6 1203 
1669933536 1423 1407 8 1041 
1669933538 1463 1435 6 1016 
1669933540 1430 1583 7 1165 
1669933542 1462 1596 2 1104 
1669933544 1369 1555 3 1152 
1669933546 1362 1431 6 1216 
1669933548 1441 1588 5 1198 
1669933550 1469 1440 6 1224 
1669933552 1369 1587 5 1113 
1669933554 1435 1419 8 1112 
1669933556 1386 1422 3 1200 
1669933558 1418 1379 4 1096 
1669933560 1459 1583 3 1179 
1669933562 1435 1410 4 1115 
1669933564 1420 1511 8 1207 
1669933566 1456 1491 6 1192 
1669933568 1378 1383 8 1204 
1669933570 1354 1440 7 1111 
1669933572 1413 1612 7 1204 
1669933574 1346 1501 5 1091 
1669933576 1407 1402 4 1030 
1669933578 1438 1573 4 1099 
1669933580 1352 1444 5 1172 
1669933582 1433 1395 8 1192 
1669933584 1423 1421 6 1214 
1669933586 1437 1424 4 1204 
1669933588 1442 1498 4 1213 
1669933590 1435 1482 3 1219 
1669933592 1425 1551 8 1216 
1669933594 1434 1486 7 1200 
1669933596 1361 1364 3 1219 
1669933598 1408 1470 6 1216 
1669933600 1333 1391 6 1128 
1669933602 1444 1434 6 1214 
1669933604 1434 1550 4 1229 
1669933606 1420 1570 5 1127 
1669933608 1376 1340 5 1182 
1669933610 1446 1593 6 1217 
1669933612 1447 1576 8 1220 
1669933614 1279 1548 5 1158 
1669933616 1420 1497 7 1197 
1669933618 1454 1501 7 1120 
1669933620 1365 1397 3 1102 
1669933622 1434 1462 6 1185 
1669933624 1419 1602 5 1217 
1669933626 1441 1606 6 1217 
1669933628 1427 1596 5 1209 
1669933630 1349 1530 6 1199 
1669933632 1405 1601 5 1184 
1669933634 1371 1571 7 1181 
1669933636 1408 1582 5 1194 
1669933638 1441 1433 7 1191 
1669933640 1351 1571 3 1200 
1669933642 1435 1598 5 1232 
1669933644 1443 1609 3 1211 
1669933646 1424 1527 5 1163 
1669933648 1454 1416 5 1204 
1669933650 1457 1567 6 1188 
1669933652 1363 1374 5 1111 
1669933654 1445 1588 6 1217 
1669933656 1429 1568 5 1206 
1669933658 1373 1583 6 1149 
1669933660 1444 1590 4 1126 
1669933662 1438 1619 5 1172 
1669933664 1357 1572 4 1107 
1669933666 1438 1443 7 1123 
1669933668 1421 1581 3 1097 
1669933670 1444 1603 4 1205 
1669933672 1430 1447 5 1219 
1669933674 1443 1597 8 1228 
1669933676 1453 1598 4 1149 
1669933678 1457 1576 4 1117 
1669933680 1458 1612 3 1215 
1669933682 1443 1515 5 1176 
1669933684 1359 1554 6 1192 
1669933686 1442 1580 5 1109 
1669933688 1459 1603 3 1180 
1669933690 1478 1378 5 1191 
1669933692 1467 1493 5 1186 
1669933694 1433 1565 5 1141 
1669933696 1439 1587 4 1193 
1669933698 1453 1601 4 1188 
1669933700 1437 1435 5 1185 
1669933702 1278 1500 6 1187 
1669933704 1402 1592 5 1213 
1669933706 1447 1607 2 1120 
1669933708 1353 1520 6 1199 
1669933710 1399 1492 3 1185 
1669933712 1428 1470 5 1129 
1669933714 1347 1540 4 1122 
1669933716 1435 1426 4 1119 
1669933718 1426 1371 6 1189 
1669933720 1351 1581 4 1194 
1669933722 1359 1591 7 1119 
1669933724 1344 1414 4 1093 
1669933726 1427 1603 7 1187 
1669933728 1422 1587 6 1228 
1669933730 1357 1315 5 1210 
1669933732 1417 1500 7 1113 
1669933734 1412 1358 5 1184 
1669933736 1356 1575 4 1192 
1669933738 1446 1508 6 1202 
1669933740 1461 1421 4 1229 
1669933742 1440 1443 4 1109 
1669933744 1431 1571 6 1166 
1669933746 1464 1359 6 1214 
1669933748 1453 1574 5 1195 
1669933750 1377 1583 5 1104 
1669933752 1462 1588 6 1205 
1669933754 1425 1436 5 1207 
1669933756 1420 1587 4 1232 
1669933758 1442 1615 2 1209 
1669933760 1420 1362 2 1201 
1669933762 1438 1570 4 1135 
1669933764 1351 1584 4 1192 
1669933766 1432 1527 7 1177 
1669933768 1436 1587 5 1217 
1669933770 1457 1581 3 1208 
1669933772 1446 1557 6 1199 
1669933774 1435 1563 5 1201 
1669933776 1359 1566 5 1205 
1669933778 1446 1463 5 1199 
1669933780 1427 1368 4 1183 
1669933782 1418 1416 6 1195 
1669933784 1351 1429 6 1222 
1669933786 1342 1483 6 1191 
1669933788 1333 1331 5 1170 
1669933790 1353 1567 8 1182 
1669933792 1439 1427 7 1107 
1669933794 1468 1466 3 1200 
1669933796 1367 1579 4 1095 
1669933798 1408 1506 6 1160 
1669933800 1381 1556 5 1207 
1669933802 1407 1400 5 1193 
1669933804 1421 1579 4 1218 
1669933806 1353 1588 4 1204 
1669933808 1447 1590 5 1195 
1669933810 1448 1456 5 1202 
1669933812 1435 1567 5 1105 
1669933814 1420 1596 6 1214 
1669933816 1271 1570 5 1184 
1669933818 1401 1432 3 1193 
1669933820 1411 1351 5 1113 
1669933822 1348 1404 4 1190 
1669933824 1415 1597 2 1232 
1669933826 1428 1512 5 1182 
1669933828 1453 1416 4 1077 
1669933830 1470 1558 4 1179 
1669933832 1473 1566 5 1111 
1669933834 1455 1597 5 1191 
1669933836 1431 1433 5 1110 
1669933838 1448 1616 3 1108 
1669933840 1355 1580 7 1158 
1669933842 1453 1580 7 1205 
1669933844 1443 1425 6 1105 
1669933846 1442 1524 4 1080 
1669933848 1426 1593 2 1192 
1669933850 1368 1586 6 1120 
1669933852 1421 1607 6 1101 
1669933854 1431 1424 5 1188 
1669933856 1347 1572 6 1093 
1669933858 1360 1359 4 1170 
1669933860 1425 1561 3 1210 
1669933862 1450 1455 7 1187 
1669933864 1440 1579 6 1125 
1669933866 1371 1556 6 1189 
1669933868 1435 1432 5 1186 
1669933870 1453 1582 6 1197 
1669933872 1353 1573 6 1110 
1669933874 1441 1455 4 1104 
1669933876 1364 1364 4 999 
1669933878 1423 1564 5 1162 
1669933880 1360 1591 6 1117 
1669933882 1337 1500 7 1143 
1669933884 1397 1395 5 1180 
1669933886 1336 1498 3 1112 
1669933888 1330 1551 4 1108 
1669933890 1406 1597 4 1194 
1669933892 1425 1576 5 1130 
1669933894 1455 1443 6 1110 
1669933896 1394 1449 7 1169 
1669933898 1413 1580 1 1191 
1669933900 1349 1442 4 1116 
1669933902 1440 1597 5 1173 
1669933904 1428 1614 5 1177 
1669933906 1417 1603 6 1136 
1669933908 1382 1430 8 1169 
1669933910 1456 1624 6 1223 
1669933912 1425 1442 4 1194 
1669933914 1460 1439 5 1199 
1669933916 1352 1501 6 1202 
1669933918 1331 1472 8 1198 
1669933920 1343 1341 3 1173 
1669933922 1428 1350 4 1213 
1669933924 1445 1571 6 1242 
1669933926 1361 1580 4 1216 
1669933928 1422 1610 6 1228 
1669933930 1420 1450 6 1220 
1669933932 1440 1606 5 1215 
1669933934 1447 1588 6 1215 
1669933936 1458 1604 5 1223 
1669933938 1379 1581 7 1212 
1669933940 1377 1397 5 1115 
1669933942 1424 1583 4 1204 
1669933944 1358 1418 6 1193 
1669933946 1416 1545 6 1223 
1669933948 1421 1417 5 1107 
1669933950 1357 1419 5 1108 
1669933952 1360 1601 5 1168 
1669933954 1441 1434 7 1124 
1669933956 1430 1614 6 1117 
1669933958 1416 1436 5 1093 
1669933960 1435 1606 6 1174 
1669933962 1364 1602 4 1173 
1669933964 1337 1595 4 1186 
1669933966 1407 1448 5 1218 
1669933968 1433 1448 4 1216 
1669933970 1358 1433 4 1126 
1669933972 1445 1572 6 1187 
1669933974 1427 1562 5 1200 
1669933976 1452 1519 3 1209 
1669933978 1459 1424 2 1138 
1669933980 1470 1419 6 1176 
1669933982 1371 1576 6 1198 
1669933984 1444 1280 4 1210 
1669933986 1433 1540 2 1227 
1669933988 1458 1503 4 1184 
1669933990 1460 1409 4 1108 
1669933992 1472 1529 5 1096 
1669933994 1467 1520 3 1206 
1669933996 1463 1481 3 1182 
1669933998 1447 1533 6 1128 
1669934000 1385 1399 5 1167 
1669934002 1417 1428 7 1115 
1669934004 1348 1382 4 1185 
1669934006 1419 1565 5 1194 
1669934008 1427 1580 6 1217 
1669934010 1446 1365 6 1196 
1669934012 1369 1553 5 1202 
1669934014 1421 1560 5 1200 
1669934016 1436 1608 5 1215 
1669934018 1423 1411 5 1116 
1669934020 1378 1564 3 1201 
1669934022 1359 1586 3 1190 
1669934024 1348 1567 4 1202 
1669934026 1410 1601 2 1228 
1669934028 1348 1592 4 1213 
1669934030 1362 1599 4 1188 
1669934032 1446 1464 2 1135 
1669934034 1457 1618 5 1119 
1669934036 1445 1597 4 1203 
1669934038 1435 1563 6 1201 
1669934040 1458 1593 4 1130 
1669934042 1465 1595 7 1196 
1669934044 1445 1582 3 1183 
1669934046 1416 1437 7 1104 
1669934048 1455 1602 9 1106 
1669934050 1373 1564 4 1169 
1669934052 1426 1430 5 1208 
1669934054 1272 1566 6 1193 
1669934056 1392 1533 3 1205 
1669934058 1416 1506 2 1179 
1669934060 1448 1322 6 1183 
1669934062 1418 1560 2 1202 
1669934064 1356 1490 6 1090 
1669934066 1449 1404 5 1114 
1669934068 1466 1572 4 1021 
1669934070 1381 1578 7 1177 
1669934072 1448 1365 5 1132 
1669934074 1429 1550 5 1163 
1669934076 1468 1598 8 1224 
1669934078 1369 1558 6 1198 
1669934080 1339 1551 7 1092 
1669934082 1348 1500 4 1099 
1669934084 1441 1575 3 1199 
1669934086 1428 1494 4 1121 
1669934088 1436 1548 2 1186 
1669934090 1387 1426 3 1038 
1669934092 1426 1597 3 1197 
1669934094 1443 1599 3 1180 
1669934096 1435 1447 7 1190 
1669934098 1439 1509 5 1101 
1669934100 1427 1565 4 1121 
1669934102 1457 1433 5 1197 
1669934104 1453 1581 4 1209 
1669934106 1445 1555 5 1212 
1669934108 1439 1400 6 1098 
1669934110 1423 1574 7 1189 
1669934112 1463 1603 7 1123 
1669934114 1457 1422 4 1172 
1669934116 1424 1579 5 1164 
1669934118 1440 1586 5 1200 
1669934120 1431 1588 7 1214 
1669934122 1351 1407 6 1116 
1669934124 1430 1515 7 1195 
1669934126 1447 1549 7 1186 
1669934128 1351 1566 6 1215 
1669934130 1410 1356 6 1218 
1669934132 1416 1438 7 1145 
1669934134 1445 1598 2 1091 
1669934136 1445 1396 5 1109 
1669934138 1378 1594 3 1180 
1669934140 1451 1606 6 1209 
1669934142 1446 1349 5 1200 
1669934144 1361 1393 3 1211 
1669934146 1410 1573 4 1205 
1669934148 1431 1348 4 1222 
1669934150 1460 1597 3 1206 
1669934152 1441 1347 5 1209 
1669934154 1443 1410 4 1116 
1669934156 1454 1344 6 1163 
1669934158 1468 1409 8 1192 
1669934160 1362 1337 7 1107 
1669934162 1416 1333 6 1177 
1669934164 1445 1577 4 1226 
1669934166 1447 1583 4 1098 
1669934168 1374 1564 8 1095 
1669934170 1425 1530 5 1087 
1669934172 1458 1597 6 1113 
1669934174 1418 1580 4 1194 
1669934176 1451 1599 3 1177 
1669934178 1433 1605 6 1182 
1669934180 1375 1568 5 1163 
1669934182 1435 1443 6 1236 
1669934184 1437 1595 6 1229 
1669934186 1444 1586 0 1026 
1669934188 1449 1573 5 1081 
1669934190 1418 1422 5 1173 
1669934192 1350 1608 5 1173 
1669934194 1397 1410 5 1199 
1669934196 1441 1515 4 1199 
1669934198 1410 1492 5 1092 
1669934200 1431 1479 3 1175 
1669934202 1424 1559 7 1116 
1669934204 1333 1428 5 1145 
1669934206 1442 1439 6 1167 
1669934208 1434 1391 5 1101 
1669934210 1426 1590 5 1101 
1669934212 1441 1583 4 1108 
1669934214 1445 1593 4 1180 
1669934216 1369 1577 4 1116 
1669934218 1332 1438 7 1170 
1669934220 1343 1427 5 1101 
1669934222 1409 1575 8 1110 
1669934224 1448 1517 4 1173 
1669934226 1425 1409 4 1124 
1669934228 1427 1348 5 1105 
1669934230 1425 1484 6 1172 
1669934232 1353 1398 5 1149 
1669934234 1417 1410 3 1179 
1669934236 1350 1425 9 1194 
1669934238 1327 1554 6 1188 
1669934240 1420 1493 5 1173 
1669934242 1418 1582 5 1221 
1669934244 1458 1587 3 1230 
1669934246 1451 1451 2 1213 
1669934248 1439 1588 7 1225 
1669934250 1447 1612 4 1219 
1669934252 1428 1588 6 1202 
1669934254 1282 1314 6 1183 
1669934256 1421 1570 4 1104 
1669934258 1437 1604 4 1122 
1669934260 1366 1511 8 1162 
1669934262 1424 1438 2 1236 
1669934264 1361 1578 6 1128 
1669934266 1349 1416 3 1100 
1669934268 1439 1614 6 1116 
1669934270 1460 1365 5 1189 
1669934272 1434 1608 4 1226 
1669934274 1429 1584 4 1115 
1669934276 1423 1605 7 1180 
1669934278 1427 1509 6 1097 
1669934280 1429 1550 3 1158 
1669934282 1440 1345 7 1154 
1669934284 1437 1408 3 1103 
1669934286 1473 1614 1 1252 
1669934288 1470 1483 6 1315 
1669934290 1404 1616 5 1205 
1669934292 1451 1595 4 1135 
1669934294 1420 1513 5 1196 
1669934296 1444 1556 7 1197 
1669934298 1458 1586 7 1222 
1669934300 1448 1573 6 1191 
1669934302 1405 1560 6 1182 
1669934304 1422 1605 4 1175 
1669934306 1440 1451 4 1183 
1669934308 1351 1588 4 1204 
1669934310 1252 1343 6 1009 
1669934312 1412 1613 5 1090 
1669934314 1371 1570 6 1164 
1669934316 1343 1563 3 1170 
1669934318 1439 1443 5 1203 
1669934320 1415 1511 5 1172 
1669934322 1346 1417 5 1098 
1669934324 1351 1401 4 1097 
1669934326 1439 1594 6 1184 
1669934328 1465 1600 5 1216 
1669934330 1271 1304 5 1148 
1669934332 1405 1503 6 1204 
1669934334 1419 1566 5 1133 
1669934336 1413 1547 4 1141 
1669934338 1467 1436 4 1149 
1669934340 1428 1282 7 1172 
1669934342 1444 1589 6 1239 
1669934344 1355 1554 5 1172 
1669934346 1437 1423 3 1214 
1669934348 1337 1537 6 1177 
1669934350 1419 1580 4 1205 
1669934352 1441 1357 5 1211 
1669934354 1406 1572 5 1125 
1669934356 1415 1404 3 1025 
1669934358 1451 1574 6 1147 
1669934360 1430 1423 4 1059 
1669934362 1453 1593 5 1159 
1669934364 1349 1583 7 1119 
1669934366 1417 1590 4 1204 
1669934368 1418 1591 5 1179 
1669934370 1461 1455 7 1136 
1669934372 1394 1506 4 1010 
1669934374 1266 1388 5 1059 
1669934376 1424 1477 5 1243 
1669934378 1405 1450 5 1203 
1669934380 1428 1478 6 1146 
1669934382 1253 1551 6 1151 
1669934384 1390 1589 6 1187 
1669934386 1454 1385 6 1212 
1669934388 1466 1478 5 1207 
1669934390 1455 1433 1 1212 
1669934392 1379 1580 4 1210 
1669934394 1460 1507 3 1108 
1669934396 1455 1396 6 1111 
1669934398 1439 1588 5 1184 
1669934400 1348 1404 3 1107 
1669934402 1400 1587 4 1200 
1669934404 1338 1566 3 1197 
1669934406 1427 1605 5 1039 
1669934408 1341 1436 6 1187 
1669934410 1401 1600 7 1127 
1669934412 1402 1605 5 1187 
1669934414 1439 1611 7 1125 
1669934416 1450 1611 3 1202 
1669934418 1360 1593 6 1197 
1669934420 1426 1605 6 1121 
1669934422 1438 1622 4 1117 
1669934424 1430 1362 7 1106 
1669934426 1452 1594 4 1098 
1669934428 1381 1412 7 1158 
1669934430 1348 1424 4 1191 
1669934432 1424 1611 7 1196 
1669934434 1448 1449 5 1214 
1669934436 1367 1551 2 1180 
1669934438 1411 1581 7 1173 
1669934440 1444 1440 4 1221 
1669934442 1351 1555 4 1204 
1669934444 1441 1593 7 1213 
1669934446 1408 1422 7 1111 
1669934448 1451 1375 3 1178 
1669934450 1445 1604 3 1206 
1669934452 1421 1431 5 1169 
1669934454 1434 1481 5 1197 
1669934456 1441 1569 5 1215 
1669934458 1343 1579 3 1186 
1669934460 1424 1621 7 1104 
1669934462 1270 1424 5 1176 
1669934464 1346 1610 4 1207 
1669934466 1443 1468 7 1106 
1669934468 1457 1452 4 1098 
1669934470 1453 1568 4 1001 
1669934472 1125 1044 11 1509 
1669934474 1804 1877 8 1644 
1669934476 1507 1787 8 1549 
1669934478 1377 1581 6 1143 
1669934480 1126 1117 5 822 
1669934482 1364 1240 6 1009 
1669934484 1455 1396 8 1187 
1669934486 1455 1590 4 1187 
1669934488 1361 1562 4 1175 
1669934490 1438 1619 6 1219 
1669934492 1041 1204 5 572 
1669934494 1817 1840 5 2288 
1669934496 1269 1485 7 1101 
1669934498 1555 1587 5 1467 
1669934500 1167 1395 5 840 
1669934502 1233 1465 7 969 
1669934504 1323 1531 5 1060 
1669934506 1269 1428 4 1003 
1669934508 1394 1440 4 1095 
1669934510 1442 1470 3 1169 
1669934512 1424 1577 5 1098 
1669934514 1460 1540 5 1203 
1669934516 1412 1592 7 1194 
1669934518 1458 1440 4 1218 
1669934520 1415 1554 3 1172 
1669934522 1412 1610 5 1156 
1669934524 1346 1427 6 1210 
1669934526 1340 1497 4 1094 
1669934528 1410 1569 3 1202 
1669934530 1361 1568 8 1212 
1669934532 1438 1450 5 1228 
1669934534 1435 1445 3 1164 
1669934536 1376 1437 5 1201 
1669934538 1433 1585 6 1117 
1669934540 1447 1607 5 1128 
1669934542 1450 1421 7 1177 
1669934544 1426 1582 4 1116 
1669934546 1354 1567 4 1160 
1669934548 1268 1500 5 1158 
1669934550 1409 1593 6 1125 
1669934552 1422 1616 5 1164 
1669934554 1448 1597 6 1192 
1669934556 1430 1438 6 1191 
1669934558 1419 1425 3 1189 
1669934560 1445 1610 4 1127 
1669934562 1429 1598 5 1197 
1669934564 1428 1610 6 1110 
1669934566 1445 1591 5 1097 
1669934568 1453 1445 7 1111 
1669934570 1457 1430 4 1110 
1669934572 1452 1599 6 1178 
1669934574 1431 1448 5 1198 
1669934576 1452 1534 4 1174 
1669934578 1452 1588 3 1106 
1669934580 1471 1449 7 1126 
1669934582 1459 1383 8 1175 
1669934584 1443 1573 5 1178 
1669934586 1440 1341 4 1184 
1669934588 1456 1555 6 1196 
1669934590 1380 1508 5 1178 
1669934592 1422 1564 7 1174 
1669934594 1454 1599 5 1210 
1669934596 1441 1602 3 1207 
1669934598 1357 1585 6 1215 
1669934600 1435 1596 4 1128 
1669934602 1430 1448 3 1187 
1669934604 1446 1617 5 1202 
1669934606 1429 1586 5 1178 
1669934608 1431 1574 5 1178 
1669934610 1461 1349 2 1205 
1669934612 1461 1547 4 1226 
1669934614 1440 1482 4 1182 
1669934616 1446 1408 4 1220 
1669934618 1346 1577 3 1171 
1669934620 1433 1419 3 1201 
1669934622 1445 1591 5 1118 
1669934624 1427 1559 5 1193 
1669934626 1354 1593 4 1106 
1669934628 1340 1515 5 1176 
1669934630 1454 1605 5 1211 
1669934632 1451 1581 6 1109 
1669934634 1423 1593 4 1102 
1669934636 1426 1582 6 1195 
1669934638 1441 1432 8 1188 
1669934640 1458 1451 5 1203 
1669934642 1445 1604 3 1189 
1669934644 1436 1432 5 1146 
1669934646 1464 1482 5 1194 
1669934648 1355 1395 6 1112 
1669934650 1450 1614 7 1175 
1669934652 1440 1598 6 1100 
1669934654 1360 1576 6 1164 
1669934656 1423 1609 5 1199 
1669934658 1441 1435 5 1209 
1669934660 1433 1442 9 1194 
1669934662 1371 1442 9 1201 
1669934664 1407 1611 7 1111 
1669934666 1447 1598 7 1194 
1669934668 1360 1338 5 1167 
1669934670 1418 1433 3 1104 
1669934672 1355 1551 3 1005 
1669934674 1355 1432 5 1001 
1669934676 1444 1586 8 1159 
1669934678 1457 1603 4 1112 
1669934680 1372 1573 4 1175 
1669934682 1438 1581 6 1230 
1669934684 1433 1569 3 1207 
1669934686 1353 1399 3 1184 
1669934688 1412 1425 3 1111 
1669934690 1446 1590 5 1189 
1669934692 1415 1494 4 1196 
1669934694 1451 1559 6 1133 
1669934696 1417 1579 6 1209 
1669934698 1448 1350 6 1188 
1669934700 1361 1416 5 1189 
1669934702 1441 1590 4 1039 
1669934704 1416 1592 5 1154 
1669934706 1413 1446 6 1202 
1669934708 1350 1568 6 1212 
1669934710 1433 1435 8 1119 
1669934712 1445 1607 6 1215 
1669934714 1429 1569 4 1183 
1669934716 1431 1408 4 1094 
1669934718 1468 1447 6 1219 
1669934720 1444 1463 3 1111 
1669934722 1421 1604 7 1092 
1669934724 1454 1535 3 1201 
1669934726 1429 1541 2 1159 
1669934728 1461 1425 6 1120 
1669934730 1476 1607 7 1171 
1669934732 1427 1589 5 1192 
1669934734 1422 1503 5 1162 
1669934736 1447 1349 6 1212 
1669934738 1377 1540 5 1087 
1669934740 1340 1396 8 1017 
1669934742 1410 1594 7 1088 
1669934744 1465 1607 5 1187 
1669934746 1427 1601 4 1206 
1669934748 1419 1433 6 1213 
1669934750 1438 1436 6 1195 
1669934752 1420 1429 6 1205 
1669934754 1431 1511 6 1195 
1669934756 1420 1574 3 1199 
1669934758 1428 1414 6 1189 
1669934760 1344 1431 5 1196 
1669934762 1351 1503 5 1188 
1669934764 1353 1540 2 1115 
1669934766 1414 1425 7 1178 
1669934768 1420 1425 6 1091 
1669934770 1448 1467 6 1204 
1669934772 1433 1617 3 1098 
1669934774 1426 1492 6 1155 
1669934776 1345 1571 5 1194 
1669934778 1411 1439 6 1186 
1669934780 1438 1617 4 1111 
1669934782 1429 1424 5 1181 
1669934784 1430 1451 7 1030 
1669934786 1361 1605 3 1151 
1669934788 1432 1456 7 1178 
1669934790 1465 1375 4 1194 
1669934792 1474 1585 6 1211 
1669934794 1459 1575 5 1177 
1669934796 1449 1446 6 1209 
1669934798 1351 1571 5 1171 
1669934800 1416 1609 5 1106 
1669934802 1449 1577 4 1118 
1669934804 1422 1584 6 1175 
1669934806 1444 1425 4 1116 
1669934808 1272 1536 3 1170 
1669934810 1333 1424 3 1179 
1669934812 1447 1436 5 1111 
1669934814 1447 1428 4 1012 
1669934816 1366 1573 5 1160 
1669934818 1331 1433 6 1174 
1669934820 1414 1492 5 1184 
1669934822 1438 1598 4 1217 
1669934824 1435 1424 3 1129 
1669934826 1428 1510 3 1174 
1669934828 1458 1415 6 1226 
1669934830 1430 1435 7 1202 
1669934832 1454 1516 3 1195 
1669934834 1457 1323 3 1126 
1669934836 1455 1557 5 1193 
1669934838 1355 1563 5 1183 
1669934840 1429 1577 5 1177 
1669934842 1448 1580 5 1180 
1669934844 1445 1559 6 1094 
1669934846 1430 1591 6 1172 
1669934848 1465 1445 5 1201 
1669934850 1452 1499 4 1193 
1669934852 1453 1542 3 1184 
1669934854 1360 1588 5 1189 
1669934856 1437 1605 5 1207 
1669934858 1432 1577 7 1194 
1669934860 1381 1585 7 1190 
1669934862 1360 1426 5 1033 
1669934864 1329 1559 5 1174 
1669934866 1433 1444 3 1206 
1669934868 1435 1610 5 1213 
1669934870 1348 1566 6 1179 
1669934872 1337 1580 6 1172 
1669934874 1345 1518 6 1186 
1669934876 1441 1579 6 1125 
1669934878 1450 1573 4 1092 
1669934880 1441 1407 4 1163 
1669934882 1444 1572 4 1180 
1669934884 1441 1410 4 1180 
1669934886 1362 1589 6 1207 
1669934888 1408 1365 3 1173 
1669934890 1343 1537 5 1085 
1669934892 1262 1559 5 1175 
1669934894 1418 1355 5 1094 
1669934896 1341 1553 5 1165 
1669934898 1422 1453 5 1209 
1669934900 1439 1588 6 1190 
1669934902 1449 1601 4 1208 
1669934904 1425 1603 6 1122 
1669934906 1442 1611 2 1198 
1669934908 1444 1608 6 1122 
1669934910 1371 1502 6 1153 
1669934912 1343 1424 6 1107 
1669934914 1407 1423 3 1189 
1669934916 1449 1582 6 1220 
1669934918 1446 1600 4 1189 
1669934920 1420 1391 5 1138 
1669934922 3613 3244 2 2253 
1669934924 2365 1160 4 821 
1669934926 549 526 4 518 
1669934928 934 1014 7 959 
1669934930 2287 1495 6 820 
1669934932 2017 1271 5 1368 
1669934934 2103 1658 4 1319 
1669934936 1091 1227 5 1054 
1669934938 3551 2328 7 2149 
1669934940 1172 1360 4 912 
1669934942 2554 1157 6 1153 
1669934944 2341 1429 6 1469 
1669934946 1323 1458 5 936 
1669934948 1611 1345 4 979 
1669934950 3576 2481 5 2220 
1669934952 817 1241 4 710 
1669934954 1815 1838 7 1450 
1669934956 1298 633 5 823 
1669934958 1528 1429 6 879 
1669934960 1662 1636 5 1338 
1669934962 1043 1456 4 1073 
1669934964 1594 1835 6 1303 
1669934966 1685 1566 6 1205 
1669934968 1502 1676 3 1231 
1669934970 1322 1410 6 1065 
1669934972 1831 1565 6 1448 
1669934974 807 1179 8 732 
1669934976 532 884 5 712 
1669934978 1471 1538 5 1173 
1669934980 1193 1431 6 1084 
1669934982 1701 1719 3 1405 
1669934984 1416 1546 4 1136 
1669934986 1003 1462 6 1219 
1669934988 1129 1296 5 1111 
1669934990 1247 1411 5 1159 
1669934992 1800 1375 5 870 
1669934994 918 1553 6 1252 
1669934996 1170 1466 6 974 
1669934998 1452 1417 3 1227 
1669935000 1119 1342 4 1021 
1669935002 1284 1296 4 1103 
1669935004 1213 1466 4 1121 
1669935006 1170 1426 4 994 
1669935008 1356 1246 5 1211 
1669935010 1477 1471 4 1346 
1669935012 1385 1585 5 1193 
1669935014 1271 1577 4 1186 
1669935016 2053 1889 5 1412 
1669935018 1388 1390 5 1204 
1669935020 1305 1342 3 1178 
1669935022 1359 1376 4 1087 
1669935024 1250 1556 5 1172 
1669935026 1376 1479 4 1229 
1669935028 1288 1363 6 1153 
1669935030 1285 1334 4 1049 
1669935032 1585 1556 5 1276 
1669935034 1296 1349 7 1156 
1669935036 1445 1620 5 1286 
1669935038 1254 1413 7 1123 
1669935040 1868 1831 3 1406 
1669935042 1724 1693 6 1157 
1669935044 1669 1642 6 1331 
1669935046 1099 1259 3 1000 
1669935048 1373 1476 5 1111 
1669935050 2915 1998 6 1734 
1669935052 1150 1086 5 996 
1669935054 2336 2640 4 2517 
1669935056 1401 1460 3 1118 
1669935058 691 1077 9 644 
1669935060 1741 1559 5 1463 
1669935062 1273 609 3 620 
1669935064 734 799 5 756 
1669935066 3585 3506 5 3466 
1669935068 1121 1110 6 1124 
1669935070 989 1525 4 1579 
1669935072 765 977 6 1718 
1669935074 2964 1331 4 701 
1669935076 1946 1510 6 1637 
1669935078 1758 1830 4 1586 
1669935080 1261 1248 4 728 
1669935082 745 1372 6 1094 
1669935084 2630 3361 4 3287 
1669935086 499 492 0 278 
1669935088 2926 3319 7 3476 
1669935090 1557 2148 2 1770 
1669935092 1291 1721 4 1617 
1669935094 1593 1246 4 1084 
1669935096 1257 1275 7 663 
1669935098 1691 1745 5 1494 
1669935100 1490 1390 5 922 
1669935102 1267 1272 7 1104 
1669935104 1066 1229 6 707 
1669935106 1672 1499 4 1318 
1669935108 1069 1384 7 1042 
1669935110 1395 1537 4 1178 
1669935112 1350 1522 4 1035 
1669935114 1821 1565 5 1053 
1669935116 1052 1418 4 937 
1669935118 2108 1864 4 1883 
1669935120 1069 1689 5 1886 
1669935122 1140 1380 4 783 
1669935124 1127 1379 6 950 
1669935126 976 1031 8 888 
1669935128 1265 1418 4 1154 
1669935130 1244 1636 3 1216 
1669935132 1301 1402 9 1051 
1669935134 1345 1343 5 1058 
1669935136 1087 1448 5 1049 
1669935138 1050 1406 4 1111 
1669935140 1147 1411 5 1019 
1669935142 1171 1526 4 1094 
1669935144 1089 1515 5 1088 
1669935146 1179 1388 6 1154 
1669935148 1263 1383 5 1114 
1669935150 1085 1322 3 1054 
1669935152 1517 1489 8 1281 
1669935154 1484 1310 6 895 
1669935156 1378 1614 6 1314 
1669935158 955 1283 4 862 
1669935160 1060 1674 7 1455 
1669935162 673 1637 5 1643 
1669935164 1602 1454 6 1095 
1669935166 1171 1568 4 1209 
1669935168 1195 1523 6 1198 
1669935170 1179 1518 4 1093 
1669935172 1151 1459 3 1144 
1669935174 1026 1556 5 1239 
1669935176 1247 1493 5 1127 
1669935178 1286 1464 6 1099 
1669935180 1106 1370 1 1146 
1669935182 1330 1365 5 1065 
1669935184 1500 1587 5 1073 
1669935186 1292 1229 4 666 
1669935188 1937 1675 5 1142 
1669935190 2173 1727 4 1386 
1669935192 1098 925 7 631 
1669935194 1550 1666 7 1555 
1669935196 796 1318 4 1036 
1669935198 1293 1533 2 1228 
1669935200 1300 1459 3 1114 
1669935202 1226 1548 9 1063 
1669935204 1327 1358 2 912 
1669935206 1406 1599 4 1293 
1669935208 1161 944 3 920 
1669935210 1243 1339 5 1087 
1669935212 456 406 1 439 
1669935214 1515 1419 6 1503 
1669935216 572 1744 8 1422 
1669935218 1786 1322 4 1202 
1669935220 2276 2052 4 2086 
1669935222 3326 1928 5 1536 
1669935224 1833 1829 6 1680 
1669935226 1147 1439 5 1230 
1669935228 1172 1529 4 1158 
1669935230 1076 1361 8 1197 
1669935232 1353 1422 6 1112 
1669935234 1622 1548 6 1081 
1669935236 1874 1750 5 1475 
1669935238 1315 1646 6 1382 
1669935240 1545 1464 6 1311 
1669935242 1250 1575 5 1208 
1669935244 1081 1303 6 1038 
1669935246 1767 1581 4 1285 
1669935248 1454 1458 6 1012 
1669935250 1433 1571 6 1135 
1669935252 1679 1527 4 1205 
1669935254 1072 1329 8 1141 
1669935256 1092 1408 4 1170 
1669935258 1595 1623 4 1181 
1669935260 1673 1685 5 1365 
1669935262 1563 1437 7 1094 
1669935264 1936 1712 6 1457 
1669935266 1019 1457 4 1367 
1669935268 1488 1464 4 1253 
1669935270 1387 1428 7 1209 
1669935272 1252 1497 7 1092 
1669935274 1496 1525 4 1203 
1669935276 1761 1573 5 1154 
1669935278 1706 1712 0 1192 
1669935280 1541 1708 6 1349 
1669935282 1429 1336 4 1098 
1669935284 807 1535 5 1186 
1669935286 1438 1351 4 913 
1669935288 2065 2096 3 2191 
1669935290 3362 2558 5 3055 
1669935292 1567 1489 5 1005 
1669935294 1624 1429 8 1424 
1669935296 1695 1741 6 1698 
1669935298 1783 1839 3 1705 
1669935300 1478 1587 4 1346 
1669935302 1373 1474 7 976 
1669935304 1569 1666 3 1365 
1669935306 1320 1468 6 1197 
1669935308 1649 1530 2 1681 
1669935310 1618 1588 7 1450 
1669935312 1435 1397 5 1074 
1669935314 1376 1299 6 1088 
1669935316 1527 1592 7 1146 
1669935318 1399 1518 1 1150 
1669935320 1435 1442 7 1238 
1669935322 1364 1461 6 1085 
1669935324 1322 1552 5 1342 
1669935326 1414 1455 4 1203 
1669935328 1416 1423 6 1189 
1669935330 1472 1592 7 1182 
1669935332 1232 1280 3 883 
1669935334 1344 1511 3 900 
1669935336 1139 1122 4 663 
1669935338 1508 1404 6 1576 
1669935340 1264 1244 4 1295 
1669935342 1389 1586 7 1287 
1669935344 1446 1459 3 1300 
1669935346 1780 1840 4 1689 
1669935348 1521 1391 6 1130 
1669935350 1541 1415 5 1186 
1669935352 2154 2075 2 1878 
1669935354 1000 945 5 542 
1669935356 2042 2083 6 2266 
1669935358 1373 1468 7 1429 
1669935360 1442 1506 6 1277 
1669935362 1530 1411 5 1124 
1669935364 1518 1670 4 1421 
1669935366 1235 1502 8 1095 
1669935368 1361 1420 6 980 
1669935370 1440 1609 7 1233 
1669935372 1663 1707 3 1428 
1669935374 1557 1687 6 1147 
1669935376 1437 1468 5 1146 
1669935378 1440 1435 6 1200 
1669935380 1484 1374 2 1167 
1669935382 1529 1447 4 1070 
1669935384 1422 1583 6 1078 
1669935386 1485 1432 6 1196 
1669935388 1329 1441 6 1197 
1669935390 1390 1441 4 1031 
1669935392 1414 1589 4 1020 
1669935394 1372 1520 5 1113 
1669935396 1349 1401 5 915 
1669935398 1470 1469 5 1156 
1669935400 2124 1844 6 1710 
1669935402 1332 1414 7 1151 
1669935404 1401 1621 7 1194 
1669935406 1587 1686 4 1297 
1669935408 1484 1428 5 1139 
1669935410 1357 1560 5 1094 
1669935412 1462 1652 4 1247 
1669935414 1381 1389 4 1148 
1669935416 1275 1533 5 977 
1669935418 1345 1529 3 1061 
1669935420 1470 1610 5 1120 
1669935422 1448 1604 4 1179 
1669935424 1419 1431 2 1150 
1669935426 1445 1593 3 1104 
1669935428 1340 1563 4 1145 
1669935430 1186 1448 6 1107 
1669935432 1082 1288 5 815 
1669935434 1642 1378 4 1259 
1669935436 2308 1879 7 1523 
1669935438 2042 1847 4 1498 
1669935440 1496 1458 6 1178 
1669935442 1379 1405 3 1200 
1669935444 1530 1644 2 1056 
1669935446 1500 1390 6 1193 
1669935448 1677 1550 3 1255 
1669935450 1544 1403 4 1144 
1669935452 1544 1522 5 1194 
1669935454 1264 1455 4 1070 
1669935456 1752 1701 5 1312 
1669935458 1367 1561 4 1093 
1669935460 1490 1485 3 1115 
1669935462 1530 1472 6 1282 
1669935464 1407 1576 6 1176 
1669935466 1378 1440 3 1233 
1669935468 1302 1563 5 1065 
1669935470 1437 1395 3 1157 
1669935472 1303 1592 7 1197 
1669935474 1506 1391 5 1289 
1669935476 1272 1189 5 985 
1669935478 1299 1522 4 1156 
1669935480 1118 1327 6 1080 
1669935482 1376 1537 4 1165 
1669935484 598 879 7 658 
1669935486 1723 1406 4 2233 
1669935488 3132 2558 5 2248 
1669935490 1543 1454 6 1146 
1669935492 1834 1886 3 2550 
1669935494 1414 1467 5 1366 
1669935496 1360 1417 3 1198 
1669935498 1486 1575 4 1234 
1669935500 1547 1368 5 1050 
1669935502 1462 1485 5 1200 
1669935504 2126 1819 6 1526 
1669935506 2684 2420 5 1420 
1669935508 654 1190 4 1428 
1669935510 698 1226 3 945 
1669935512 1191 1362 3 1197 
1669935514 1420 1690 5 1330 
1669935516 1857 1932 4 2198 
1669935518 1225 1441 5 1032 
1669935520 1058 1138 5 671 
1669935522 1481 1418 6 1209 
1669935524 3584 3463 5 3394 
1669935526 3528 2124 7 1741 
1669935528 574 446 7 766 
1669935530 933 1152 5 2389 
1669935532 989 1207 2 1208 
1669935534 1129 1393 5 1655 
1669935536 1245 1453 4 1512 
1669935538 1381 1433 5 1172 
1669935540 3462 2530 3 2584 
1669935542 1756 1751 3 1834 
1669935544 1700 1670 4 1524 
1669935546 1703 1349 3 1246 
1669935548 1627 1403 8 1286 
1669935550 870 1112 4 997 
1669935552 1198 1357 5 1070 
1669935554 1807 1690 6 1569 
1669935556 1000 1173 6 685 
1669935558 1453 1647 6 1506 
1669935560 1321 1339 5 1071 
1669935562 1492 1578 5 1373 
1669935564 1907 1775 5 1403 
1669935566 1439 1554 5 1014 
1669935568 1580 1557 2 1027 
1669935570 1112 1548 6 1225 
1669935572 1590 1660 4 1321 
1669935574 2288 1955 4 1547 
1669935576 876 1218 4 470 
1669935578 1491 1523 5 1168 
1669935580 1224 1404 6 934 
1669935582 1699 1554 5 1362 
1669935584 1228 1491 5 1092 
1669935586 1105 1394 5 869 
1669935588 1897 1724 9 1150 
1669935590 2504 1840 8 1802 
1669935592 1790 1573 6 1419 
1669935594 1596 1613 5 1093 
1669935596 1766 1549 7 1301 
1669935598 1344 1421 4 1003 
