1669935602 2173 1839 12 1492 
1669935605 1522 1377 5 1236 
1669935607 1632 1567 2 1188 
1669935609 1952 1787 5 1510 
1669935611 2103 1752 5 1264 
1669935613 965 1333 6 1329 
1669935615 1146 1471 5 1135 
1669935617 3182 2213 5 2815 
1669935619 2458 1816 4 2307 
1669935621 1866 1760 4 2055 
1669935623 955 1127 9 1176 
1669935625 309 2167 5 2539 
1669935627 3134 1859 21 1832 
1669935629 2045 2443 10 2385 
1669935631 1312 1618 12 1616 
1669935633 1304 1723 9 1621 
1669935635 1355 1562 8 1335 
1669935637 1520 1798 6 1733 
1669935639 710 408 0 718 
1669935641 1541 1659 2 2016 
1669935643 1438 3026 5 3545 
1669935645 2074 1946 1 2697 
1669935647 2777 2007 0 2998 
1669935649 3412 2578 0 3039 
1669935651 2267 2725 1 2455 
1669935653 918 784 5 889 
1669935655 1602 2018 5 1528 
1669935657 1049 1963 5 2150 
1669935659 1932 1756 2 2086 
1669935661 3163 3292 4 3099 
1669935663 750 1852 4 1973 
1669935665 1021 661 12 1027 
1669935667 626 473 4 597 
1669935669 1943 2838 7 2694 
1669935671 3465 1979 7 2338 
1669935673 3502 3473 5 3314 
1669935675 3220 3314 3 3070 
1669935677 442 439 0 1546 
1669935679 565 298 9 627 
1669935681 482 688 10 2512 
1669935683 1297 1267 9 1108 
1669935685 953 1876 7 1116 
1669935687 1814 2146 7 1683 
1669935689 2267 2425 4 2078 
1669935691 1773 1585 6 1076 
1669935693 1391 2038 4 2446 
1669935695 1194 1557 7 766 
1669935697 1396 1484 4 1296 
1669935699 1422 1703 4 2537 
1669935701 1425 1581 2 1513 
1669935703 1599 1848 4 1562 
1669935705 1766 1941 8 2260 
1669935707 1349 1962 4 1946 
1669935709 1361 1596 4 1489 
1669935711 1420 1700 6 1283 
1669935713 1623 1141 5 658 
1669935715 1903 1815 5 2456 
1669935717 2502 2454 5 3335 
1669935719 2769 2299 5 2748 
1669935721 2720 2902 5 2765 
1669935723 1514 1845 5 1520 
1669935725 1458 1594 5 1468 
1669935727 2231 2709 6 3221 
1669935729 1621 2520 9 3127 
1669935731 2093 2287 6 2163 
1669935733 821 1298 9 754 
1669935735 1667 1876 8 1766 
1669935737 1334 1437 6 1351 
1669935739 1424 1733 4 1447 
1669935741 1390 1718 5 1282 
1669935743 1297 1486 4 1191 
1669935745 1375 1655 5 1296 
1669935747 1395 1664 3 1251 
1669935749 1372 1657 4 1171 
1669935751 1381 1560 5 1218 
1669935753 1329 1408 5 1173 
1669935755 1220 1266 6 890 
1669935757 1495 1765 5 1457 
1669935759 1307 1629 0 1184 
1669935761 1299 1458 6 1245 
1669935763 1355 1633 5 1217 
1669935765 1367 1635 5 1127 
1669935767 1376 1532 4 1194 
1669935769 1380 1527 5 1246 
1669935771 1379 1571 6 1187 
1669935773 1385 1606 10 1182 
1669935775 1367 1604 8 1162 
1669935777 1206 1451 4 1265 
1669935779 1330 1567 5 1217 
1669935781 1291 1613 5 1296 
1669935783 1385 1651 4 1217 
1669935785 1369 1644 5 1168 
1669935787 1291 1540 3 1223 
1669935789 1354 1613 3 1238 
1669935791 1404 1315 2 1212 
1669935793 1390 1420 6 1200 
1669935795 1364 1601 4 1188 
1669935797 1369 1591 5 1194 
1669935799 1368 1367 5 1118 
1669935801 1366 1319 9 1127 
1669935803 1381 1608 5 1195 
1669935805 1325 1472 5 957 
1669935807 2350 2149 0 1415 
1669935809 3102 2789 5 3084 
1669935811 1806 1937 6 1495 
1669935813 1383 1744 4 1338 
1669935815 1330 1494 7 1223 
1669935817 1304 1487 3 1154 
1669935819 1191 1539 4 1114 
1669935821 1338 1634 5 1233 
1669935823 1209 1559 3 1127 
1669935825 1468 1537 4 1389 
1669935827 903 937 9 741 
1669935829 1410 891 15 1181 
1669935831 1718 1913 8 1821 
1669935833 2170 1914 6 1600 
1669935835 3340 1137 8 1241 
1669935837 2625 2527 7 2476 
1669935839 1750 1565 4 1334 
1669935841 1141 853 4 763 
1669935843 1460 1527 4 1264 
1669935845 1389 1385 4 1389 
1669935847 1493 1551 5 1187 
1669935849 2276 2347 6 1988 
1669935851 1814 1586 5 1383 
1669935853 1707 1628 6 1233 
1669935855 1752 1481 2 1151 
1669935857 1713 1598 4 1106 
1669935859 1679 1606 4 1211 
1669935861 1667 1584 5 1197 
1669935863 1672 1607 2 1190 
1669935865 1653 1574 5 1184 
1669935867 1652 1358 7 1162 
1669935869 1599 1571 5 1116 
1669935871 1521 1406 2 1190 
1669935873 1606 1584 5 1105 
1669935875 1573 1497 4 1169 
1669935877 1585 1575 6 1188 
1669935879 1581 1448 3 1201 
1669935881 1573 1570 5 1160 
1669935883 1467 1471 3 1153 
1669935885 1526 1330 9 1169 
1669935887 1562 1404 5 1131 
1669935889 1562 1592 7 1198 
1669935891 1565 1458 7 1116 
1669935893 1569 1592 5 1120 
1669935895 1450 1552 7 1101 
1669935897 1519 1570 9 1210 
1669935899 1553 1592 9 1157 
1669935901 1469 1570 4 1144 
1669935903 1517 1423 4 1202 
1669935905 1465 1568 5 1108 
1669935907 1535 1450 6 1106 
1669935909 1528 1618 6 1115 
1669935911 1514 1475 4 1112 
1669935913 1464 1461 4 1186 
1669935915 1533 1451 3 1170 
1669935917 1466 1426 6 1204 
1669935919 1444 1506 3 1165 
1669935921 1497 1436 1 1183 
1669935923 1520 1446 2 1096 
1669935925 1401 1569 4 1156 
1669935927 1485 1593 3 1102 
1669935929 1510 1603 5 1114 
1669935931 1498 1611 5 1161 
1669935933 1492 1425 5 1196 
1669935935 1400 1418 3 1157 
1669935937 1465 1448 5 1194 
1669935939 1384 1411 5 1110 
1669935941 1393 1589 4 1187 
1669935943 1474 1518 3 1202 
1669935945 1491 1394 5 1101 
1669935947 1458 1449 3 1198 
1669935949 1385 1557 7 1160 
1669935951 1456 1575 6 1021 
1669935953 1452 1331 3 1139 
1669935955 1488 1586 6 1198 
1669935957 1396 1553 6 1204 
1669935959 1474 1608 4 1201 
1669935961 1455 1588 5 1222 
1669935963 1487 1486 7 1130 
1669935965 1491 1588 5 1182 
1669935967 1488 1530 6 1211 
1669935969 1483 1597 5 1200 
1669935971 1383 1566 3 1120 
1669935973 1465 1574 4 1106 
1669935975 1490 1610 4 1200 
1669935977 1484 1367 3 1113 
1669935979 1466 1590 5 1167 
1669935981 1446 1443 5 1183 
1669935983 1434 1498 3 1171 
1669935985 1435 1558 4 1170 
1669935987 1370 1556 5 1147 
1669935989 1468 1580 6 1191 
1669935991 1428 1413 4 1099 
1669935993 1433 1578 5 1174 
1669935995 1364 1501 5 1154 
1669935997 1446 1582 7 1204 
1669935999 1438 1434 5 1163 
1669936001 1437 1498 6 1170 
1669936003 1466 1561 8 1098 
1669936005 1475 1573 6 1209 
1669936007 1434 1428 7 1189 
1669936009 1455 1560 6 1227 
1669936011 1432 1434 8 1221 
1669936013 1400 1371 3 1121 
1669936015 1442 1427 5 1138 
1669936017 1474 1611 7 1134 
1669936019 1466 1586 3 1182 
1669936021 1469 1597 5 1196 
1669936023 1450 1431 4 1124 
1669936025 1478 1602 5 1206 
1669936027 1382 1580 4 1026 
1669936029 1458 1628 4 1198 
1669936031 1450 1607 6 1122 
1669936033 1448 1521 5 1191 
1669936035 1471 1504 4 1195 
1669936037 1466 1585 6 1187 
1669936039 1464 1436 3 1186 
1669936041 1382 1419 5 1186 
1669936043 1283 1577 5 1186 
1669936045 1372 1529 3 1189 
1669936047 1431 1418 2 1113 
1669936049 1431 1413 4 1091 
1669936051 1367 1563 6 1166 
1669936053 1445 1443 7 1212 
1669936055 1429 1579 6 1196 
1669936057 1455 1441 5 1132 
1669936059 1361 1586 4 1174 
1669936061 1444 1578 6 1223 
1669936063 1337 1569 6 1185 
1669936065 1431 1416 3 1083 
1669936067 1439 1584 7 1165 
1669936069 1413 1567 4 1184 
1669936071 1447 1580 4 1080 
1669936073 1334 1401 4 1077 
1669936075 1432 1521 4 1149 
1669936077 1421 1535 7 1149 
1669936079 1370 1559 3 1176 
1669936081 1357 1406 5 1168 
1669936083 1429 1441 5 1176 
1669936085 1351 1414 4 1172 
1669936087 1452 1621 7 1143 
1669936089 1448 1591 5 1216 
1669936091 1446 1608 6 1233 
1669936093 1445 1595 6 1121 
1669936095 1438 1580 5 1105 
1669936097 1343 1421 5 1165 
1669936099 1430 1451 5 1180 
1669936101 1445 1414 5 1156 
1669936103 1362 1556 3 1157 
1669936105 1391 1583 6 1185 
1669936107 1428 1601 6 1170 
1669936109 1443 1611 5 1157 
1669936111 1457 1522 3 1157 
1669936113 1462 1446 4 1178 
1669936115 1465 1605 5 1110 
1669936117 1455 1592 5 1213 
1669936119 1446 1461 5 1213 
1669936121 1456 1621 6 1237 
1669936123 1346 1320 5 1188 
1669936125 1451 1393 5 1103 
1669936127 1413 1405 4 1089 
1669936129 1341 1420 7 1098 
1669936131 1433 1425 6 1089 
1669936133 1458 1519 4 1172 
1669936135 1439 1549 4 1180 
1669936137 1371 1542 8 1167 
1669936139 1429 1583 4 1196 
1669936141 1446 1607 6 1162 
1669936143 1437 1595 3 1104 
1669936145 1364 1490 5 1159 
1669936147 1427 1561 5 1080 
1669936149 1430 1551 6 981 
1669936151 1478 1604 2 1185 
1669936153 1479 1445 5 1177 
1669936155 1461 1588 8 1179 
1669936157 1362 1434 7 1197 
1669936159 1448 1576 7 1098 
1669936161 1471 1573 4 1161 
1669936163 1435 1409 4 1191 
1669936165 1450 1575 7 1094 
1669936167 1455 1562 3 1165 
1669936169 1465 1574 4 1184 
1669936171 1459 1430 5 1020 
1669936173 1370 1342 7 1138 
1669936175 1428 1412 5 1168 
1669936177 1368 1581 6 1184 
1669936179 1437 1573 7 1084 
1669936181 1381 1389 3 1145 
1669936183 1355 1535 6 1180 
1669936185 1353 1573 3 1151 
1669936187 1407 1410 4 1164 
1669936189 1381 1489 5 1159 
1669936191 1427 1516 6 1167 
1669936193 1433 1583 1 1166 
1669936195 1458 1596 5 1182 
1669936197 1436 1589 7 1069 
1669936199 1479 1644 4 1096 
1669936201 1463 1580 2 1173 
1669936203 1467 1602 7 1183 
1669936205 1443 1353 7 1194 
1669936207 1444 1613 6 1143 
1669936209 1455 1454 4 1137 
1669936211 1442 1415 7 1103 
1669936213 1446 1509 6 1209 
1669936215 1436 1461 7 1095 
1669936217 1418 1553 4 1069 
1669936219 1411 1574 8 1168 
1669936221 1372 1410 7 1085 
1669936223 1497 1450 7 1314 
1669936225 1386 1554 2 1175 
1669936227 1410 1556 4 1073 
1669936229 1353 1566 4 1108 
1669936231 1439 1438 4 1157 
1669936233 1283 1429 5 916 
1669936235 1452 1583 6 1161 
1669936237 1513 1466 5 1236 
1669936239 1449 1560 5 1158 
1669936241 1450 1432 4 1123 
1669936243 1443 1439 3 1168 
1669936245 1431 1573 6 1131 
1669936247 1450 1398 4 1081 
1669936249 1466 1443 7 1097 
1669936251 1408 1381 4 1034 
1669936253 1410 1312 6 1153 
1669936255 1424 1573 5 1010 
1669936257 1432 1575 3 1124 
1669936259 1372 1505 6 1175 
1669936261 1446 1340 4 1183 
1669936263 1415 1542 4 1161 
1669936265 1437 1417 5 1084 
1669936267 1460 1438 6 1006 
1669936269 1443 1586 6 1156 
1669936271 1434 1512 5 1177 
1669936273 1453 1545 5 1171 
1669936275 1452 1568 2 1102 
1669936277 1450 1600 5 1183 
1669936279 1454 1601 7 1150 
1669936281 1426 1597 5 1078 
1669936283 1455 1577 2 1184 
1669936285 1423 1587 3 1192 
1669936287 1430 1616 7 1084 
1669936289 1442 1498 4 1149 
1669936291 1456 1485 6 1169 
1669936293 1449 1557 3 1190 
1669936295 1446 1579 2 1172 
1669936297 1472 1326 5 1156 
1669936299 1368 1488 6 1155 
1669936301 1441 1574 5 1087 
1669936303 1456 1596 5 1164 
1669936305 1429 1553 3 1073 
1669936307 1451 1588 4 1158 
1669936309 1460 1519 5 1187 
1669936311 1439 1572 4 1084 
1669936313 1464 1483 6 1183 
1669936315 1415 1564 7 1154 
1669936317 1353 1563 6 1182 
1669936319 1343 1538 5 1086 
1669936321 1421 1553 4 1176 
1669936323 1401 1403 6 1191 
1669936325 1438 1443 7 1183 
1669936327 1416 1343 3 1088 
1669936329 1443 1566 2 1068 
1669936331 1419 1421 4 1172 
1669936333 1349 1403 6 1096 
1669936335 1344 1567 4 1092 
1669936337 1441 1435 7 1180 
1669936339 1452 1520 5 1069 
1669936341 1428 1576 6 1092 
1669936343 1455 1515 4 1064 
1669936345 1355 1408 3 1070 
1669936347 1407 1421 5 1080 
1669936349 1412 1536 5 1186 
1669936351 1442 1598 5 1160 
1669936353 1442 1601 5 1082 
1669936355 1446 1596 4 1111 
1669936357 1433 1582 7 1186 
1669936359 1418 1597 5 1085 
1669936361 1418 1447 6 1170 
1669936363 1447 1564 3 1176 
1669936365 1423 1557 7 1146 
1669936367 1413 1575 6 1190 
1669936369 1442 1597 7 1084 
1669936371 1421 1569 6 1161 
1669936373 1349 1568 6 1183 
1669936375 1405 1446 6 1165 
1669936377 1404 1427 8 1160 
1669936379 1419 1382 5 1161 
1669936381 1447 1423 7 1088 
1669936383 1432 1333 5 1131 
1669936385 1443 1546 3 1189 
1669936387 1422 1324 5 1137 
1669936389 1431 1543 5 1171 
1669936391 1421 1553 4 1157 
1669936393 1414 1591 7 1155 
1669936395 1419 1579 5 1141 
1669936397 1436 1568 7 1166 
1669936399 1354 1491 4 1079 
1669936401 1341 1384 6 1152 
1669936403 1410 1344 8 1166 
1669936405 1420 1566 4 1171 
1669936407 1448 1573 6 1204 
1669936409 1449 1592 5 1017 
1669936411 1346 1393 6 1138 
1669936413 1428 1595 6 1158 
1669936415 1443 1599 5 1171 
1669936417 1435 1396 4 1178 
1669936419 1414 1590 5 1170 
1669936421 1439 1577 5 1102 
1669936423 1438 1584 6 1165 
1669936425 1413 1578 5 1097 
1669936427 1450 1424 6 1092 
1669936429 1422 1596 5 1077 
1669936431 1448 1568 6 1153 
1669936433 1453 1576 5 1153 
1669936435 1440 1448 6 1196 
1669936437 1436 1610 3 1095 
1669936439 1412 1597 7 1159 
1669936441 1446 1577 5 1171 
1669936443 1402 1350 5 1157 
1669936445 1435 1385 5 1170 
1669936447 1439 1427 4 1111 
1669936449 1442 1597 5 1149 
1669936451 1348 1530 5 1164 
1669936453 1423 1589 8 1187 
1669936455 1425 1574 6 1196 
1669936457 1425 1425 7 1076 
1669936459 1341 1568 6 1082 
1669936461 1407 1406 5 1154 
1669936463 1431 1343 6 1164 
1669936465 1429 1417 4 1185 
1669936467 1428 1331 7 1091 
1669936469 1419 1570 4 1093 
1669936471 1344 1564 2 1068 
1669936473 1408 1568 5 1072 
1669936475 1410 1573 5 1098 
1669936477 1416 1587 3 1149 
1669936479 1442 1441 5 1096 
1669936481 1431 1581 6 1191 
1669936483 1455 1510 4 1169 
1669936485 1354 1546 4 1100 
1669936487 1480 1464 6 1192 
1669936489 1415 1588 7 1171 
1669936491 1194 1110 6 612 
1669936493 1411 1378 4 819 
1669936495 1424 1472 3 1337 
1669936497 1543 1606 3 1248 
1669936499 1473 1408 6 1180 
1669936501 1535 1677 4 1471 
1669936503 1459 1574 6 1605 
1669936505 1378 1315 5 923 
1669936507 1356 1541 6 1646 
1669936509 1864 1997 5 2814 
1669936511 1955 1929 5 2853 
1669936513 1323 1419 4 1314 
1669936515 1431 1433 9 1160 
1669936517 1455 1430 6 1226 
1669936519 1380 1382 2 866 
1669936521 1722 1694 2 1642 
1669936523 1351 1392 4 1344 
1669936525 1521 1607 2 1238 
1669936527 1391 1550 4 1138 
1669936529 1288 1349 5 791 
1669936531 1385 1563 5 1274 
1669936533 1554 1544 5 1524 
1669936535 1955 1914 6 2387 
1669936537 1493 1566 6 1381 
1669936539 1495 1590 5 1236 
1669936541 1389 1392 7 1121 
1669936543 1445 1420 4 1123 
1669936545 1483 1436 6 1130 
1669936547 1490 1364 6 1216 
1669936549 1460 1413 6 1197 
1669936551 1471 1587 7 1206 
1669936553 1383 1492 6 1182 
1669936555 1476 1563 5 1118 
1669936557 1460 1596 4 1215 
1669936559 1439 1558 4 1124 
1669936561 1449 1560 8 1177 
1669936563 1374 1581 5 1027 
1669936565 1441 1433 8 1181 
1669936567 1371 1589 5 1166 
1669936569 1464 1600 8 1097 
1669936571 1462 1605 5 1094 
1669936573 1483 1571 4 1111 
1669936575 1474 1508 7 1180 
1669936577 1476 1486 6 1196 
1669936579 1455 1544 6 1200 
1669936581 1459 1427 4 1090 
1669936583 1463 1504 4 1081 
1669936585 1458 1428 5 1157 
1669936587 1427 1583 6 1155 
1669936589 1454 1606 2 1183 
1669936591 1456 1445 6 1160 
1669936593 1466 1440 5 1085 
1669936595 1436 1588 5 1070 
1669936597 1452 1511 6 1176 
1669936599 1461 1401 5 1171 
1669936601 1449 1539 4 1176 
1669936603 1433 1326 3 1158 
1669936605 1439 1540 4 1148 
1669936607 1426 1556 4 1173 
1669936609 1445 1556 3 1158 
1669936611 1441 1429 4 1167 
1669936613 1427 1404 4 1176 
1669936615 1428 1416 5 1108 
1669936617 1434 1595 3 1108 
1669936619 1442 1362 7 1146 
1669936621 1437 1557 3 1172 
1669936623 1455 1358 4 1191 
1669936625 1434 1604 5 1191 
1669936627 1375 1426 4 1114 
1669936629 1456 1418 3 1102 
1669936631 1455 1606 4 1172 
1669936633 1457 1448 4 1179 
1669936635 1430 1284 4 1190 
1669936637 1323 1484 1 1019 
1669936639 1356 1335 7 1165 
1669936641 1465 1498 9 1165 
1669936643 1442 1331 5 1111 
1669936645 1451 1555 4 1111 
1669936647 1410 1555 5 1139 
1669936649 1413 1581 5 1192 
1669936651 1451 1418 4 1108 
1669936653 1449 1557 6 1159 
1669936655 1415 1524 6 1113 
1669936657 1470 1442 6 1103 
1669936659 1472 1589 5 1169 
1669936661 1454 1589 8 1180 
1669936663 1439 1561 6 1091 
1669936665 1449 1419 3 1075 
1669936667 1356 1396 6 1151 
1669936669 1343 1398 5 1157 
1669936671 1343 1429 7 1079 
1669936673 1447 1574 5 1089 
1669936675 1452 1487 7 1072 
1669936677 1468 1562 7 1176 
1669936679 1404 1417 4 1070 
1669936681 1443 1560 5 1162 
1669936683 1435 1579 4 1156 
1669936685 1449 1597 4 1101 
1669936687 1353 1579 8 1095 
1669936689 1343 1555 8 1150 
1669936691 1441 1507 6 1155 
1669936693 1419 1407 6 1197 
1669936695 1436 1508 5 1095 
1669936697 1441 1548 4 1181 
1669936699 1415 1386 4 1180 
1669936701 1433 1412 4 1117 
1669936703 1346 1371 5 1118 
1669936705 1430 1326 4 1192 
1669936707 1405 1385 5 1095 
1669936709 1408 1332 6 1148 
1669936711 1436 1412 4 1184 
1669936713 1443 1383 4 1193 
1669936715 1414 1333 4 988 
1669936717 1431 1407 8 1181 
1669936719 1448 1509 4 1157 
1669936721 1424 1423 3 1200 
1669936723 1404 1582 4 1164 
1669936725 1413 1423 5 1150 
1669936727 1419 1398 6 1180 
1669936729 1436 1324 6 1000 
1669936731 1360 1459 5 1133 
1669936733 1453 1342 6 1157 
1669936735 1445 1402 5 1157 
1669936737 1358 1549 5 1139 
1669936739 1421 1424 5 1148 
1669936741 1434 1448 3 1161 
1669936743 1425 1424 6 1093 
1669936745 1347 1559 5 1135 
1669936747 1440 1337 5 1153 
1669936749 1434 1548 4 1168 
1669936751 1427 1604 4 1219 
1669936753 1437 1432 5 1182 
1669936755 1424 1451 5 1215 
1669936757 1440 1497 6 1165 
1669936759 1407 1383 5 1075 
1669936761 1427 1363 5 1141 
1669936763 1435 1560 5 1133 
1669936765 1427 1543 8 1130 
1669936767 1449 1596 5 1111 
1669936769 1441 1426 5 999 
1669936771 1425 1594 9 1151 
1669936773 1431 1552 3 1171 
1669936775 1441 1564 4 1096 
1669936777 1428 1429 6 1103 
1669936779 1427 1504 7 1157 
1669936781 1416 1401 3 1150 
1669936783 1455 1559 4 1184 
1669936785 1413 1394 8 1070 
1669936787 1459 1448 4 1113 
1669936789 1432 1599 5 1164 
1669936791 1422 1444 5 1166 
1669936793 1431 1459 5 1014 
1669936795 1346 1427 6 1162 
1669936797 1411 1585 6 1189 
1669936799 1431 1396 4 1201 
1669936801 1460 1510 4 1070 
1669936803 1432 1395 5 1066 
1669936805 1408 1431 7 1163 
1669936807 1417 1419 6 1192 
1669936809 1346 1412 5 1128 
1669936811 1426 1423 5 1173 
1669936813 1344 1575 4 1089 
1669936815 1447 1599 4 1072 
1669936817 1462 1522 5 1069 
1669936819 1414 1503 6 1081 
1669936821 1339 1558 5 1164 
1669936823 1434 1346 5 1176 
1669936825 1405 1583 5 1183 
1669936827 1356 1549 4 1002 
1669936829 1441 1563 5 1077 
1669936831 1418 1353 5 1059 
1669936833 1431 1319 5 1164 
1669936835 1346 1546 4 1179 
1669936837 1429 1492 5 1082 
1669936839 1357 1524 7 1149 
1669936841 1396 1522 7 1155 
1669936843 1424 1491 5 1063 
1669936845 1414 1583 3 1162 
1669936847 1458 1593 5 1161 
1669936849 1437 1573 8 1152 
1669936851 1437 1557 7 1077 
1669936853 1439 1545 5 1142 
1669936855 1434 1578 7 1173 
1669936857 1409 1405 7 1152 
1669936859 1412 1494 7 1071 
1669936861 1435 1403 5 1177 
1669936863 1418 1614 5 1207 
1669936865 1446 1451 6 1203 
1669936867 1346 1251 4 1144 
1669936869 1446 1305 3 1085 
1669936871 1444 1426 5 1072 
1669936873 1424 1566 5 1159 
1669936875 1423 1406 5 1170 
1669936877 1433 1397 6 1170 
1669936879 1447 1583 3 1165 
1669936881 1449 1568 4 1094 
1669936883 1440 1434 5 1148 
1669936885 1406 1429 5 1125 
1669936887 1439 1495 3 1154 
1669936889 1455 1557 4 1125 
1669936891 1436 1592 5 1140 
1669936893 1445 1575 4 1181 
1669936895 1419 1569 4 1061 
1669936897 1433 1408 4 1053 
1669936899 1424 1505 4 1188 
1669936901 1434 1402 5 1128 
1669936903 1452 1486 4 1191 
1669936905 1338 1383 4 1177 
1669936907 1439 1387 4 1167 
1669936909 1423 1559 4 1163 
1669936911 1447 1588 5 1124 
1669936913 1450 1417 5 1170 
1669936915 1447 1575 5 1159 
1669936917 1348 1544 5 1148 
1669936919 1411 1589 5 1172 
1669936921 1420 1559 6 1163 
1669936923 1436 1483 4 1103 
1669936925 1442 1461 8 1178 
1669936927 1467 1564 6 1090 
1669936929 1362 1400 5 1153 
1669936931 1440 1597 3 1172 
1669936933 1409 1578 4 1092 
1669936935 1409 1555 6 1194 
1669936937 1445 1436 5 1160 
1669936939 1344 1574 8 1088 
1669936941 1412 1499 5 1090 
1669936943 1455 1559 4 1062 
1669936945 1356 1545 6 1138 
1669936947 1432 1449 5 1110 
1669936949 1410 1512 5 1137 
1669936951 1456 1414 5 1060 
1669936953 1431 1531 7 1075 
1669936955 1441 1336 4 1054 
1669936957 1440 1583 4 1140 
1669936959 1413 1545 4 1151 
1669936961 1428 1577 6 1185 
1669936963 1408 1497 5 1160 
1669936965 1436 1567 4 1090 
1669936967 1356 1363 7 1150 
1669936969 1423 1408 6 1172 
1669936971 1432 1593 7 1169 
1669936973 1438 1423 7 1090 
1669936975 1440 1591 4 1177 
1669936977 1428 1588 6 1096 
1669936979 1453 1585 7 1168 
1669936981 1348 1412 6 1173 
1669936983 1329 1537 5 1126 
1669936985 1416 1593 8 1078 
1669936987 1446 1441 6 1181 
1669936989 1430 1570 7 1159 
1669936991 1436 1365 5 1178 
1669936993 1448 1341 4 1062 
1669936995 1439 1408 5 996 
1669936997 1427 1583 3 1066 
1669936999 1415 1554 5 1074 
1669937001 1437 1431 3 1075 
1669937003 1563 1586 4 1517 
1669937005 603 390 4 521 
1669937007 1667 1235 4 1025 
1669937009 1693 1345 5 1139 
1669937011 1709 1554 3 1185 
1669937013 1679 1567 5 1107 
1669937015 1541 1575 5 1214 
1669937017 1643 1372 5 1110 
1669937019 1625 1406 2 1154 
1669937021 1623 1573 5 1185 
1669937023 1576 1431 4 1108 
1669937025 1569 1581 5 1165 
1669937027 1593 1571 4 1090 
1669937029 1497 1380 6 1156 
1669937031 1547 1329 4 1180 
1669937033 1560 1465 1 1155 
1669937035 1564 1547 4 1097 
1669937037 1531 1416 5 1162 
1669937039 1514 1558 6 1155 
1669937041 1535 1540 5 1184 
1669937043 1550 1506 1 1146 
1669937045 1554 1548 5 1158 
1669937047 1540 1339 5 1169 
1669937049 1555 1555 5 1188 
1669937051 1516 1499 6 1201 
1669937053 1500 1546 5 1157 
1669937055 1491 1570 4 1077 
1669937057 1501 1493 5 1153 
1669937059 1444 1357 5 1192 
1669937061 1512 1499 5 1180 
1669937063 1520 1353 4 1190 
1669937065 1537 1400 5 1194 
1669937067 1534 1593 8 1209 
1669937069 1500 1581 5 1144 
1669937071 1503 1582 7 1170 
1669937073 1492 1477 3 1146 
1669937075 1528 1494 7 1077 
1669937077 1515 1570 4 1112 
1669937079 1519 1573 6 1175 
1669937081 1503 1415 4 1183 
1669937083 1492 1599 6 1189 
1669937085 1482 1411 6 1189 
1669937087 1484 1473 6 1165 
1669937089 1491 1308 3 1171 
1669937091 1487 1565 6 1176 
1669937093 1498 1574 5 1210 
1669937095 1413 1537 4 1078 
1669937097 1501 1402 3 1087 
1669937099 1488 1500 5 1145 
1669937101 1471 1561 6 1178 
1669937103 1460 1342 4 1079 
1669937105 1481 1401 4 1175 
1669937107 1485 1471 5 1137 
1669937109 1465 1561 7 1148 
1669937111 1496 1327 7 1097 
1669937113 1482 1564 6 1176 
1669937115 1494 1592 5 1175 
1669937117 1479 1569 3 1182 
1669937119 1500 1449 4 1101 
1669937121 1466 1426 7 1077 
1669937123 1459 1426 5 1101 
1669937125 1447 1575 5 1166 
1669937127 1380 1341 8 1173 
1669937129 1476 1436 5 1092 
1669937131 1487 1578 4 1148 
1669937133 1398 1408 2 1179 
1669937135 1450 1499 5 1143 
1669937137 1480 1478 5 1075 
1669937139 1479 1557 4 1185 
1669937141 1487 1560 4 1152 
1669937143 1477 1418 5 1093 
1669937145 1458 1598 4 1067 
1669937147 1465 1567 6 1077 
1669937149 1450 1412 5 1173 
1669937151 1473 1440 5 1074 
1669937153 1453 1562 5 1074 
1669937155 1491 1408 3 1166 
1669937157 1484 1429 6 1102 
1669937159 1455 1561 7 1075 
1669937161 1478 1434 4 1163 
1669937163 1445 1545 3 1083 
1669937165 1437 1560 7 1165 
1669937167 1438 1587 4 1071 
1669937169 1478 1579 5 1170 
1669937171 1469 1418 6 1152 
1669937173 1470 1423 6 1158 
1669937175 1442 1573 5 1167 
1669937177 1472 1490 3 1157 
1669937179 1477 1400 6 1164 
1669937181 1473 1426 4 1213 
1669937183 1484 1274 6 1174 
1669937185 1466 1320 5 1179 
1669937187 1453 1529 3 1167 
1669937189 1375 1547 6 1179 
1669937191 1458 1417 2 1187 
1669937193 1471 1572 1 1075 
1669937195 1446 1570 5 1146 
1669937197 1448 1570 9 1163 
1669937199 1435 1567 4 1074 
1669937201 1443 1549 4 1155 
1669937203 1368 1556 6 1139 
1669937205 1453 1552 7 1167 
1669937207 1448 1553 3 1138 
1669937209 1474 1321 5 1163 
1669937211 1458 1572 4 1153 
1669937213 1466 1506 5 987 
1669937215 1438 1540 5 1159 
1669937217 1469 1553 7 1143 
1669937219 1460 1346 8 1079 
1669937221 1433 1406 5 1143 
1669937223 1433 1416 4 1069 
1669937225 1364 1563 5 1085 
1669937227 1431 1569 6 1159 
1669937229 1454 1511 5 1165 
1669937231 1464 1425 4 1074 
1669937233 1434 1568 4 1168 
1669937235 1448 1417 5 1171 
1669937237 1470 1433 4 1085 
1669937239 1371 1552 5 1147 
1669937241 1452 1320 8 1097 
1669937243 1476 1552 5 1172 
1669937245 1459 1562 5 1164 
1669937247 1452 1438 6 1180 
1669937249 1482 1510 5 1147 
1669937251 1440 1559 5 1100 
1669937253 1436 1344 5 1065 
1669937255 1468 1434 4 1086 
1669937257 1445 1547 7 1071 
1669937259 1461 1433 9 1065 
1669937261 1472 1589 3 1139 
1669937263 1463 1573 5 1003 
1669937265 1464 1349 7 1073 
1669937267 1470 1555 7 1149 
1669937269 1464 1567 5 1153 
1669937271 1442 1580 7 1068 
1669937273 1430 1443 6 1151 
1669937275 1439 1587 7 1161 
1669937277 1443 1398 7 1141 
1669937279 1461 1561 7 1177 
1669937281 1362 1430 6 1083 
1669937283 1442 1435 9 1143 
1669937285 1421 1408 7 1089 
1669937287 1430 1480 4 1135 
1669937289 1443 1574 3 1166 
1669937291 1459 1494 3 1137 
1669937293 1465 1380 7 1002 
1669937295 1433 1571 7 1169 
1669937297 1461 1563 4 1180 
1669937299 1420 1496 6 1153 
1669937301 1424 1337 4 1145 
1669937303 1454 1583 6 1163 
1669937305 1454 1492 6 1182 
1669937307 1445 1541 5 1152 
1669937309 1448 1551 5 1145 
1669937311 1459 1414 3 1143 
1669937313 1456 1562 7 1087 
1669937315 1441 1572 4 1077 
1669937317 1436 1588 6 1159 
1669937319 1445 1568 6 1159 
1669937321 1449 1552 5 1179 
1669937323 1419 1540 6 1154 
1669937325 1448 1508 4 1162 
1669937327 1464 1336 5 1079 
1669937329 1470 1597 2 1171 
1669937331 1454 1506 3 1173 
1669937333 1430 1558 5 1145 
1669937335 1459 1588 6 1088 
1669937337 1425 1580 4 1145 
1669937339 1452 1566 5 1146 
1669937341 1443 1570 6 1157 
1669937343 1444 1436 7 1091 
1669937345 1419 1572 4 1059 
1669937347 1453 1575 6 1166 
1669937349 1433 1566 5 1173 
1669937351 1456 1477 4 1047 
1669937353 1448 1489 8 1154 
1669937355 1458 1581 5 1159 
1669937357 1443 1544 4 1083 
1669937359 1461 1559 7 1147 
1669937361 1428 1423 6 1060 
1669937363 1450 1603 2 1176 
1669937365 1456 1576 6 1172 
1669937367 1428 1406 4 1092 
1669937369 1447 1387 6 1178 
1669937371 1418 1548 7 1081 
1669937373 1442 1590 5 1102 
1669937375 1424 1476 5 1067 
1669937377 1413 1563 6 1168 
1669937379 1447 1567 7 1171 
1669937381 1436 1343 6 1168 
1669937383 1417 1527 5 1165 
1669937385 1444 1346 7 1071 
1669937387 1448 1577 6 1086 
1669937389 1429 1431 5 1145 
1669937391 1450 1597 5 1171 
1669937393 1420 1580 6 1177 
1669937395 1427 1432 7 1167 
1669937397 1439 1588 7 1140 
1669937399 1448 1582 4 1172 
1669937401 1417 1435 5 1157 
1669937403 1416 1321 5 1134 
1669937405 1422 1549 4 1063 
1669937407 1430 1563 5 1161 
1669937409 1426 1408 4 1085 
1669937411 1443 1398 4 1084 
1669937413 1438 1503 6 1158 
1669937415 1425 1543 5 1170 
1669937417 1454 1435 4 1178 
1669937419 1455 1436 6 1161 
1669937421 1443 1395 6 1152 
1669937423 1442 1506 5 1151 
1669937425 1419 1410 7 1090 
1669937427 1432 1497 8 1129 
1669937429 1447 1325 3 1138 
1669937431 1437 1415 3 1172 
1669937433 1447 1253 3 1159 
1669937435 1427 1544 6 1177 
1669937437 1407 1545 6 988 
1669937439 1330 1547 2 1051 
1669937441 1394 1443 5 1179 
1669937443 1402 1579 4 987 
1669937445 1425 1578 7 1063 
1669937447 1435 1402 6 1047 
1669937449 1430 1398 5 1129 
1669937451 1414 1576 5 1079 
1669937453 1436 1505 7 980 
1669937455 1416 1577 5 1049 
1669937457 1427 1383 5 1131 
1669937459 1438 1489 6 1124 
1669937461 843 918 4 556 
1669937463 1436 1701 7 1812 
1669937465 1278 1452 15 1033 
1669937467 1622 1460 20 1218 
1669937469 1531 1423 17 1260 
1669937471 1356 1453 14 1338 
1669937473 1243 1271 29 1575 
1669937475 1106 1526 14 1567 
1669937477 1987 1706 9 1365 
1669937479 1821 1701 5 1205 
1669937481 1780 1691 0 1089 
1669937483 1794 1525 0 1007 
1669937485 1767 1484 0 968 
1669937487 1135 1255 0 1096 
1669937489 1583 1525 1 1003 
1669937491 1798 1556 5 1133 
1669937493 1592 1423 7 1174 
1669937495 1553 1445 7 840 
1669937497 1443 1324 4 1016 
1669937499 886 1265 1 690 
1669937501 1574 1282 8 1943 
1669937503 543 389 4 600 
1669937505 986 1024 6 858 
